0.10177805027590431 0.45727482678983833
0.11465358675659104 0.5196304849884523
0.1238503985285101 0.5612009237875277
0.13304721030042915 0.6027713625866049
0.14530962599632125 0.6720554272517312
0.15757204169221334 0.7274826789838329
0.1686082158185162 0.7967667436489592
0.18148375229920294 0.8729792147805995
0.19435928877988962 0.9422632794457275
0.2066217044757817 1.018475750577366
0.2194972409564684 1.0946882217090064
0.23175965665236054 1.1847575057736712
0.2427958307786634 1.2471131639722852
0.25444512568976085 1.3163972286374133
0.26425505824647455 1.3787528868360273
0.27345187001839355 1.4480369515011535
0.28326180257510725 1.5034642032332552
0.2918454935622318 1.5658198614318701
0.3041079092581238 1.6420323325635096
0.3126916002452482 1.7113163972286367
0.3231146535867565 1.7806004618937639
0.3341508277130595 1.8568129330254033
0.3427345187001839 1.9260969976905304
0.35377069282648677 2.00230946882217
0.3660331085223789 2.0923787528868356
0.3807480073574494 2.203233256351038
0.3948497854077253 2.300230946882216
0.4058859595340282 2.390300230946881
0.4175352544451256 2.487297921478059
0.43408951563458 2.6189376443418
0.45064377682403434 2.7575057736720545
0.46413243408951554 2.868360277136258
0.47823421213979145 2.9861431870669737
0.4892703862660944 3.0762124711316394
0.5015328019619865 3.1801385681293297
0.5156345800122624 3.2979214780600454
0.5321888412017167 3.450346420323325
0.5481299816063764 3.5958429561200917
0.559779276517474 3.6859122401847566
0.5726548129981606 3.8036951501154723
0.5855303494788473 3.9353348729792144
0.5996321275291232 4.0669745958429555
0.6118945432250152 4.177829099307159
0.624770079705702 4.295612009237875
0.6376456161863887 4.41339491916859
0.6492949110974862 4.524249422632794
0.6609442060085836 4.6420323325635096
0.6707541385652973 4.7459584295612
0.6830165542611893 4.870669745958429
0.6940527283874923 4.967667436489607
0.7050889025137952 5.0854503464203225
0.7179644389944818 5.210161662817551
0.730226854690374 5.33487297921478
0.7443286327406499 5.466512702078521
0.7584304107909258 5.612009237875288
0.7706928264868179 5.74364896073903
0.7866339668914776 5.903002309468821
0.8025751072961372 6.0762124711316385
0.8160637645616186 6.214780600461893
0.8313917841814836 6.374133949191686
0.8436541998773758 6.505773672055427
0.8565297363580625 6.637413394919168
0.8694052728387492 6.789838337182447
0.8810545677498466 6.914549653579677
0.8939301042305333 7.05311778290993
0.9055793991416309 7.184757505773671
0.9190680564071122 7.330254041570438
0.9343960760269773 7.503464203233256
0.9491109748620478 7.66974595842956
0.9644389944819128 7.829099307159353
0.976701410177805 7.967667436489607
0.985898221949724 8.07852193995381
0.9987737584304107 8.224018475750576
