    200.	    200.	.28920E+04	.37662E+04	.13023E+01
    200.	    250.	.94610E+03	.12621E+04	.13340E+01
    200.	    300.	.36851E+03	.52326E+03	.14199E+01
    200.	    350.	.16237E+03	.23584E+03	.14524E+01
    200.	    400.	.78437E+02	.12193E+03	.15545E+01
    200.	    450.	.40689E+02	.65519E+02	.16103E+01
    200.	    500.	.22342E+02	.36572E+02	.16369E+01
    200.	    550.	.12849E+02	.21226E+02	.16519E+01
    200.	    600.	.76793E+01	.12748E+02	.16601E+01
    200.	    650.	.47401E+01	.78863E+01	.16637E+01
    200.	    700.	.30074E+01	.50036E+01	.16638E+01
    200.	    750.	.19535E+01	.32461E+01	.16617E+01
    200.	    800.	.12952E+01	.21472E+01	.16578E+01
    200.	    850.	.87415E+00	.14448E+01	.16528E+01
    200.	    900.	.59931E+00	.98698E+00	.16469E+01
    200.	    950.	.41661E+00	.68334E+00	.16402E+01
    200.	   1000.	.29319E+00	.47881E+00	.16331E+01
    200.	   1050.	.20861E+00	.33912E+00	.16256E+01
    200.	   1100.	.14990E+00	.24253E+00	.16180E+01
    200.	   1150.	.10867E+00	.17497E+00	.16101E+01
    200.	   1200.	.79410E-01	.12723E+00	.16022E+01
    200.	   1250.	.58450E-01	.93188E-01	.15943E+01
    200.	   1300.	.43304E-01	.68700E-01	.15865E+01
    200.	   1350.	.32275E-01	.50950E-01	.15786E+01
    200.	   1400.	.24186E-01	.37993E-01	.15709E+01
    200.	   1450.	.18214E-01	.28473E-01	.15633E+01
    200.	   1500.	.13779E-01	.21436E-01	.15557E+01
    200.	   1550.	.10467E-01	.16205E-01	.15483E+01
    200.	   1600.	.79806E-02	.12298E-01	.15410E+01
    200.	   1650.	.61061E-02	.93660E-02	.15339E+01
    200.	   1700.	.46866E-02	.71558E-02	.15269E+01
    200.	   1750.	.36073E-02	.54831E-02	.15200E+01
    200.	   1800.	.27839E-02	.42127E-02	.15133E+01
    200.	   1850.	.21535E-02	.32445E-02	.15066E+01
    200.	   1900.	.16694E-02	.25044E-02	.15002E+01
    200.	   1950.	.12967E-02	.19370E-02	.14938E+01
    200.	   2000.	.10089E-02	.15008E-02	.14875E+01
    250.	    200.	.28900E+04	.39959E+04	.13827E+01
    251.	    250.	.94151E+03	.12490E+04	.13266E+01
    250.	    300.	.36503E+03	.48726E+03	.13349E+01
    250.	    350.	.16006E+03	.22488E+03	.14050E+01
    250.	    400.	.76963E+02	.11032E+03	.14334E+01
    250.	    450.	.39757E+02	.60931E+02	.15326E+01
    250.	    500.	.21751E+02	.34557E+02	.15888E+01
    250.	    550.	.12472E+02	.20175E+02	.16177E+01
    250.	    600.	.74354E+01	.12159E+02	.16353E+01
    250.	    650.	.45811E+01	.75401E+01	.16459E+01
    250.	    700.	.29027E+01	.47944E+01	.16517E+01
    250.	    750.	.18841E+01	.31152E+01	.16535E+01
    250.	    800.	.12486E+01	.20636E+01	.16527E+01
    250.	    850.	.84270E+00	.13904E+01	.16499E+01
    250.	    900.	.57789E+00	.95099E+00	.16456E+01
    250.	    950.	.40191E+00	.65925E+00	.16403E+01
    250.	   1000.	.28302E+00	.46249E+00	.16341E+01
    250.	   1050.	.20153E+00	.32795E+00	.16273E+01
    250.	   1100.	.14494E+00	.23480E+00	.16200E+01
    250.	   1150.	.10517E+00	.16958E+00	.16124E+01
    250.	   1200.	.76933E-01	.12345E+00	.16046E+01
    250.	   1250.	.56685E-01	.90508E-01	.15967E+01
    250.	   1300.	.42040E-01	.66791E-01	.15887E+01
    250.	   1350.	.31365E-01	.49581E-01	.15808E+01
    250.	   1400.	.23528E-01	.37006E-01	.15728E+01
    250.	   1450.	.17736E-01	.27757E-01	.15650E+01
    250.	   1500.	.13430E-01	.20914E-01	.15572E+01
    250.	   1550.	.10212E-01	.15823E-01	.15495E+01
    250.	   1600.	.77935E-02	.12017E-01	.15420E+01
    250.	   1650.	.59682E-02	.91587E-02	.15346E+01
    250.	   1700.	.45846E-02	.70021E-02	.15273E+01
    250.	   1750.	.35318E-02	.53689E-02	.15202E+01
    250.	   1800.	.27277E-02	.41275E-02	.15132E+01
    250.	   1850.	.21116E-02	.31808E-02	.15063E+01
    250.	   1900.	.16382E-02	.24566E-02	.14996E+01
    250.	   1950.	.12733E-02	.19010E-02	.14930E+01
    250.	   2000.	.99138E-03	.14737E-02	.14865E+01
    300.	    200.	.28945E+04	.40684E+04	.14056E+01
    300.	    250.	.94060E+03	.13193E+04	.14026E+01
    300.	    300.	.36335E+03	.48892E+03	.13456E+01
    300.	    350.	.15868E+03	.21247E+03	.13390E+01
    300.	    400.	.75971E+02	.10603E+03	.13957E+01
    300.	    450.	.39076E+02	.55454E+02	.14191E+01
    300.	    500.	.21292E+02	.32241E+02	.15142E+01
    300.	    550.	.12163E+02	.19089E+02	.15693E+01
    300.	    600.	.72283E+01	.11562E+02	.15996E+01
    300.	    650.	.44414E+01	.71915E+01	.16192E+01
    300.	    700.	.28080E+01	.45819E+01	.16317E+01
    300.	    750.	.18194E+01	.29826E+01	.16393E+01
    300.	    800.	.12043E+01	.19783E+01	.16428E+01
    300.	    850.	.81209E+00	.13345E+01	.16433E+01
    300.	    900.	.55664E+00	.91382E+00	.16417E+01
    300.	    950.	.38707E+00	.63414E+00	.16383E+01
    300.	   1000.	.27261E+00	.44534E+00	.16337E+01
    300.	   1050.	.19418E+00	.31613E+00	.16280E+01
    300.	   1100.	.13972E+00	.22658E+00	.16216E+01
    300.	   1150.	.10145E+00	.16381E+00	.16146E+01
    300.	   1200.	.74269E-01	.11937E+00	.16072E+01
    300.	   1250.	.54768E-01	.87605E-01	.15996E+01
    300.	   1300.	.40655E-01	.64712E-01	.15917E+01
    300.	   1350.	.30360E-01	.48085E-01	.15838E+01
    300.	   1400.	.22796E-01	.35923E-01	.15758E+01
    300.	   1450.	.17201E-01	.26970E-01	.15679E+01
    300.	   1500.	.13038E-01	.20339E-01	.15600E+01
    300.	   1550.	.99230E-02	.15402E-01	.15521E+01
    300.	   1600.	.75804E-02	.11707E-01	.15444E+01
    300.	   1650.	.58104E-02	.89290E-02	.15367E+01
    300.	   1700.	.44675E-02	.68318E-02	.15292E+01
    300.	   1750.	.34446E-02	.52422E-02	.15218E+01
    300.	   1800.	.26627E-02	.40329E-02	.15146E+01
    300.	   1850.	.20630E-02	.31100E-02	.15075E+01
    300.	   1900.	.16017E-02	.24035E-02	.15006E+01
    300.	   1950.	.12459E-02	.18611E-02	.14938E+01
    300.	   2000.	.97081E-03	.14437E-02	.14871E+01
    350.	    200.	.29021E+04	.41134E+04	.14174E+01
    350.	    250.	.94170E+03	.13408E+04	.14238E+01
    350.	    300.	.36291E+03	.51455E+03	.14178E+01
    351.	    350.	.15797E+03	.21501E+03	.13611E+01
    350.	    400.	.75358E+02	.10133E+03	.13446E+01
    350.	    450.	.38609E+02	.53679E+02	.13903E+01
    350.	    500.	.20953E+02	.29521E+02	.14089E+01
    350.	    550.	.11924E+02	.17876E+02	.14992E+01
    350.	    600.	.70602E+01	.10961E+02	.15524E+01
    350.	    650.	.43239E+01	.68457E+01	.15832E+01
    350.	    700.	.27259E+01	.43725E+01	.16041E+01
    350.	    750.	.17619E+01	.28511E+01	.16182E+01
    350.	    800.	.11639E+01	.18939E+01	.16272E+01
    350.	    850.	.78363E+00	.12789E+01	.16321E+01
    350.	    900.	.53651E+00	.87658E+00	.16339E+01
    350.	    950.	.37277E+00	.60886E+00	.16333E+01
    350.	   1000.	.26241E+00	.42796E+00	.16309E+01
    350.	   1050.	.18688E+00	.30404E+00	.16269E+01
    350.	   1100.	.13448E+00	.21811E+00	.16219E+01
    350.	   1150.	.97673E-01	.15784E+00	.16160E+01
    350.	   1200.	.71531E-01	.11512E+00	.16093E+01
    350.	   1250.	.52779E-01	.84564E-01	.16022E+01
    350.	   1300.	.39205E-01	.62524E-01	.15948E+01
    350.	   1350.	.29300E-01	.46501E-01	.15871E+01
    350.	   1400.	.22018E-01	.34772E-01	.15793E+01
    350.	   1450.	.16628E-01	.26129E-01	.15713E+01
    350.	   1500.	.12615E-01	.19722E-01	.15634E+01
    350.	   1550.	.96099E-02	.14948E-01	.15554E+01
    350.	   1600.	.73480E-02	.11372E-01	.15476E+01
    350.	   1650.	.56376E-02	.86806E-02	.15398E+01
    350.	   1700.	.43386E-02	.66472E-02	.15321E+01
    350.	   1750.	.33482E-02	.51045E-02	.15245E+01
    350.	   1800.	.25905E-02	.39300E-02	.15171E+01
    350.	   1850.	.20088E-02	.30329E-02	.15098E+01
    350.	   1900.	.15610E-02	.23456E-02	.15026E+01
    350.	   1950.	.12153E-02	.18175E-02	.14956E+01
    350.	   2000.	.94768E-03	.14108E-02	.14887E+01
    400.	    200.	.29106E+04	.41512E+04	.14262E+01
    400.	    250.	.94392E+03	.13580E+04	.14387E+01
    400.	    300.	.36322E+03	.52296E+03	.14398E+01
    400.	    350.	.15775E+03	.22555E+03	.14297E+01
    400.	    400.	.75026E+02	.10309E+03	.13741E+01
    400.	    450.	.38311E+02	.51761E+02	.13511E+01
    400.	    500.	.20716E+02	.28750E+02	.13878E+01
    400.	    550.	.11745E+02	.16465E+02	.14019E+01
    400.	    600.	.69288E+01	.10304E+02	.14871E+01
    400.	    650.	.42286E+01	.65036E+01	.15380E+01
    400.	    700.	.26571E+01	.41682E+01	.15687E+01
    400.	    750.	.17124E+01	.27233E+01	.15903E+01
    400.	    800.	.11283E+01	.18118E+01	.16057E+01
    400.	    850.	.75804E+00	.12247E+01	.16156E+01
    400.	    900.	.51806E+00	.84014E+00	.16217E+01
    400.	    950.	.35946E+00	.58396E+00	.16246E+01
    400.	   1000.	.25277E+00	.41075E+00	.16250E+01
    400.	   1050.	.17989E+00	.29203E+00	.16234E+01
    400.	   1100.	.12939E+00	.20963E+00	.16202E+01
    400.	   1150.	.93957E-01	.15181E+00	.16157E+01
    400.	   1200.	.68812E-01	.11081E+00	.16103E+01
    400.	   1250.	.50784E-01	.81463E-01	.16041E+01
    400.	   1300.	.37737E-01	.60279E-01	.15973E+01
    400.	   1350.	.28217E-01	.44868E-01	.15901E+01
    400.	   1400.	.21217E-01	.33578E-01	.15826E+01
    400.	   1450.	.16035E-01	.25253E-01	.15749E+01
    400.	   1500.	.12174E-01	.19077E-01	.15671E+01
    400.	   1550.	.92814E-02	.14471E-01	.15592E+01
    400.	   1600.	.71028E-02	.11018E-01	.15513E+01
    400.	   1650.	.54541E-02	.84179E-02	.15434E+01
    400.	   1700.	.42011E-02	.64512E-02	.15356E+01
    400.	   1750.	.32450E-02	.49580E-02	.15279E+01
    400.	   1800.	.25129E-02	.38203E-02	.15203E+01
    400.	   1850.	.19503E-02	.29505E-02	.15128E+01
    400.	   1900.	.15169E-02	.22836E-02	.15055E+01
    400.	   1950.	.11819E-02	.17708E-02	.14982E+01
    400.	   2000.	.92244E-03	.13754E-02	.14911E+01
    450.	    200.	.29193E+04	.41780E+04	.14312E+01
    450.	    250.	.94668E+03	.13716E+04	.14489E+01
    450.	    300.	.36399E+03	.52924E+03	.14540E+01
    450.	    350.	.15785E+03	.22881E+03	.14496E+01
    450.	    400.	.74909E+02	.10784E+03	.14396E+01
    451.	    450.	.38143E+02	.52844E+02	.13854E+01
    450.	    500.	.20562E+02	.27920E+02	.13578E+01
    450.	    550.	.11618E+02	.16117E+02	.13872E+01
    450.	    600.	.68298E+01	.95438E+01	.13974E+01
    450.	    650.	.41535E+01	.61371E+01	.14776E+01
    450.	    700.	.26011E+01	.39690E+01	.15259E+01
    450.	    750.	.16710E+01	.26002E+01	.15560E+01
    450.	    800.	.10978E+01	.17322E+01	.15779E+01
    450.	    850.	.73561E+00	.11725E+01	.15940E+01
    450.	    900.	.50160E+00	.80496E+00	.16048E+01
    450.	    950.	.34736E+00	.55987E+00	.16118E+01
    450.	   1000.	.24389E+00	.39402E+00	.16156E+01
    450.	   1050.	.17335E+00	.28028E+00	.16169E+01
    450.	   1100.	.12457E+00	.20131E+00	.16160E+01
    450.	   1150.	.90400E-01	.14586E+00	.16135E+01
    450.	   1200.	.66181E-01	.10653E+00	.16096E+01
    450.	   1250.	.48834E-01	.78363E-01	.16047E+01
    450.	   1300.	.36290E-01	.58023E-01	.15989E+01
    450.	   1350.	.27140E-01	.43219E-01	.15924E+01
    450.	   1400.	.20414E-01	.32367E-01	.15855E+01
    450.	   1450.	.15435E-01	.24360E-01	.15782E+01
    450.	   1500.	.11726E-01	.18417E-01	.15706E+01
    450.	   1550.	.89453E-02	.13981E-01	.15629E+01
    450.	   1600.	.68505E-02	.10653E-01	.15551E+01
    450.	   1650.	.52644E-02	.81454E-02	.15473E+01
    450.	   1700.	.40582E-02	.62473E-02	.15394E+01
    450.	   1750.	.31372E-02	.48051E-02	.15317E+01
    450.	   1800.	.24314E-02	.37053E-02	.15239E+01
    450.	   1850.	.18887E-02	.28639E-02	.15163E+01
    450.	   1900.	.14702E-02	.22182E-02	.15088E+01
    450.	   1950.	.11465E-02	.17214E-02	.15014E+01
    450.	   2000.	.89554E-03	.13381E-02	.14941E+01
    500.	    200.	.29276E+04	.41942E+04	.14327E+01
    500.	    250.	.94964E+03	.13799E+04	.14531E+01
    500.	    300.	.36503E+03	.53497E+03	.14656E+01
    500.	    350.	.15815E+03	.23178E+03	.14656E+01
    500.	    400.	.74935E+02	.10941E+03	.14601E+01
    500.	    450.	.38078E+02	.55146E+02	.14482E+01
    500.	    500.	.20471E+02	.28568E+02	.13955E+01
    500.	    550.	.11533E+02	.15740E+02	.13648E+01
    500.	    600.	.67585E+01	.93821E+01	.13882E+01
    500.	    650.	.40965E+01	.57135E+01	.13947E+01
    500.	    700.	.25568E+01	.37589E+01	.14701E+01
    500.	    750.	.16372E+01	.24816E+01	.15158E+01
    500.	    800.	.10722E+01	.16567E+01	.15451E+01
    500.	    850.	.71639E+00	.11228E+01	.15673E+01
    500.	    900.	.48721E+00	.77140E+00	.15833E+01
    500.	    950.	.33661E+00	.53682E+00	.15948E+01
    500.	   1000.	.23586E+00	.37796E+00	.16025E+01
    500.	   1050.	.16736E+00	.26895E+00	.16070E+01
    500.	   1100.	.12010E+00	.19324E+00	.16090E+01
    500.	   1150.	.87063E-01	.14007E+00	.16088E+01
    500.	   1200.	.63687E-01	.10234E+00	.16069E+01
    500.	   1250.	.46968E-01	.75316E-01	.16036E+01
    500.	   1300.	.34891E-01	.55795E-01	.15991E+01
    500.	   1350.	.26091E-01	.41581E-01	.15937E+01
    500.	   1400.	.19626E-01	.31158E-01	.15876E+01
    500.	   1450.	.14843E-01	.23465E-01	.15809E+01
    500.	   1500.	.11279E-01	.17751E-01	.15738E+01
    500.	   1550.	.86085E-02	.13485E-01	.15665E+01
    500.	   1600.	.65961E-02	.10282E-01	.15589E+01
    500.	   1650.	.50720E-02	.78675E-02	.15512E+01
    500.	   1700.	.39125E-02	.60385E-02	.15434E+01
    500.	   1750.	.30267E-02	.46479E-02	.15356E+01
    500.	   1800.	.23475E-02	.35867E-02	.15279E+01
    500.	   1850.	.18250E-02	.27743E-02	.15202E+01
    500.	   1900.	.14217E-02	.21504E-02	.15126E+01
    500.	   1950.	.11096E-02	.16700E-02	.15050E+01
    500.	   2000.	.86744E-03	.12991E-02	.14976E+01
    550.	    200.	.29352E+04	.42132E+04	.14354E+01
    550.	    250.	.95262E+03	.13891E+04	.14581E+01
    550.	    300.	.36619E+03	.53806E+03	.14693E+01
    550.	    350.	.15858E+03	.23392E+03	.14751E+01
    550.	    400.	.75062E+02	.11059E+03	.14733E+01
    550.	    450.	.38083E+02	.55885E+02	.14675E+01
    550.	    500.	.20434E+02	.29745E+02	.14557E+01
    551.	    550.	.11482E+02	.16129E+02	.14047E+01
    550.	    600.	.67101E+01	.92046E+01	.13718E+01
    550.	    650.	.40549E+01	.56369E+01	.13902E+01
    550.	    700.	.25228E+01	.35160E+01	.13937E+01
    550.	    750.	.16102E+01	.23583E+01	.14646E+01
    550.	    800.	.10513E+01	.15848E+01	.15075E+01
    550.	    850.	.70025E+00	.10754E+01	.15358E+01
    550.	    900.	.47487E+00	.73964E+00	.15576E+01
    550.	    950.	.32723E+00	.51498E+00	.15738E+01
    550.	   1000.	.22875E+00	.36271E+00	.15856E+01
    550.	   1050.	.16198E+00	.25816E+00	.15938E+01
    550.	   1100.	.11603E+00	.18553E+00	.15989E+01
    550.	   1150.	.83988E-01	.13451E+00	.16015E+01
    550.	   1200.	.61363E-01	.98296E-01	.16019E+01
    550.	   1250.	.45211E-01	.72359E-01	.16005E+01
    550.	   1300.	.33564E-01	.53622E-01	.15976E+01
    550.	   1350.	.25086E-01	.39977E-01	.15936E+01
    550.	   1400.	.18866E-01	.29969E-01	.15885E+01
    550.	   1450.	.14266E-01	.22580E-01	.15827E+01
    550.	   1500.	.10842E-01	.17091E-01	.15764E+01
    550.	   1550.	.82766E-02	.12990E-01	.15695E+01
    550.	   1600.	.63439E-02	.99109E-02	.15623E+01
    550.	   1650.	.48801E-02	.75879E-02	.15549E+01
    550.	   1700.	.37665E-02	.58277E-02	.15473E+01
    550.	   1750.	.29155E-02	.44886E-02	.15396E+01
    550.	   1800.	.22627E-02	.34662E-02	.15319E+01
    550.	   1850.	.17602E-02	.26829E-02	.15242E+01
    550.	   1900.	.13723E-02	.20810E-02	.15165E+01
    550.	   1950.	.10718E-02	.16172E-02	.15089E+01
    550.	   2000.	.83854E-03	.12589E-02	.15013E+01
    600.	    200.	.29422E+04	.42178E+04	.14336E+01
    600.	    250.	.95550E+03	.13967E+04	.14617E+01
    600.	    300.	.36741E+03	.54145E+03	.14737E+01
    600.	    350.	.15909E+03	.23605E+03	.14838E+01
    600.	    400.	.75258E+02	.11170E+03	.14842E+01
    600.	    450.	.38141E+02	.56502E+02	.14814E+01
    600.	    500.	.20433E+02	.30155E+02	.14758E+01
    600.	    550.	.11460E+02	.16764E+02	.14628E+01
    600.	    600.	.66801E+01	.94411E+01	.14133E+01
    600.	    650.	.40262E+01	.55510E+01	.13787E+01
    600.	    700.	.24977E+01	.34792E+01	.13929E+01
    600.	    750.	.15894E+01	.22154E+01	.13939E+01
    600.	    800.	.10345E+01	.15108E+01	.14605E+01
    600.	    850.	.68696E+00	.10310E+01	.15008E+01
    600.	    900.	.46448E+00	.70982E+00	.15282E+01
    600.	    950.	.31918E+00	.49444E+00	.15491E+01
    600.	   1000.	.22254E+00	.34833E+00	.15653E+01
    600.	   1050.	.15721E+00	.24796E+00	.15773E+01
    600.	   1100.	.11238E+00	.17821E+00	.15858E+01
    600.	   1150.	.81194E-01	.12921E+00	.15914E+01
    600.	   1200.	.59229E-01	.94434E-01	.15944E+01
    600.	   1250.	.43583E-01	.69524E-01	.15952E+01
    600.	   1300.	.32321E-01	.51527E-01	.15943E+01
    600.	   1350.	.24138E-01	.38424E-01	.15918E+01
    600.	   1400.	.18142E-01	.28812E-01	.15882E+01
    600.	   1450.	.13714E-01	.21715E-01	.15835E+01
    600.	   1500.	.10420E-01	.16442E-01	.15780E+01
    600.	   1550.	.79541E-02	.12502E-01	.15718E+01
    600.	   1600.	.60973E-02	.95434E-02	.15652E+01
    600.	   1650.	.46916E-02	.73102E-02	.15582E+01
    600.	   1700.	.36221E-02	.56175E-02	.15509E+01
    600.	   1750.	.28050E-02	.43292E-02	.15434E+01
    600.	   1800.	.21780E-02	.33451E-02	.15358E+01
    600.	   1850.	.16953E-02	.25908E-02	.15282E+01
    600.	   1900.	.13225E-02	.20109E-02	.15205E+01
    600.	   1950.	.10336E-02	.15638E-02	.15129E+01
    600.	   2000.	.80922E-03	.12181E-02	.15053E+01
    650.	    200.	.29485E+04	.42287E+04	.14342E+01
    650.	    250.	.95822E+03	.13995E+04	.14605E+01
    650.	    300.	.36863E+03	.54493E+03	.14782E+01
    650.	    350.	.15964E+03	.23795E+03	.14906E+01
    650.	    400.	.75498E+02	.11272E+03	.14930E+01
    650.	    450.	.38236E+02	.57066E+02	.14925E+01
    650.	    500.	.20460E+02	.30459E+02	.14887E+01
    650.	    550.	.11457E+02	.16981E+02	.14821E+01
    650.	    600.	.66661E+01	.97956E+01	.14695E+01
    651.	    650.	.40081E+01	.56967E+01	.14213E+01
    650.	    700.	.24802E+01	.34366E+01	.13856E+01
    650.	    750.	.15739E+01	.21977E+01	.13963E+01
    650.	    800.	.10214E+01	.14249E+01	.13950E+01
    650.	    850.	.67626E+00	.98578E+00	.14577E+01
    650.	    900.	.45590E+00	.68174E+00	.14954E+01
    650.	    950.	.31238E+00	.47528E+00	.15215E+01
    650.	   1000.	.21720E+00	.33489E+00	.15418E+01
    650.	   1050.	.15304E+00	.23840E+00	.15577E+01
    650.	   1100.	.10914E+00	.17133E+00	.15698E+01
    650.	   1150.	.78690E-01	.12421E+00	.15785E+01
    650.	   1200.	.57295E-01	.90776E-01	.15844E+01
    650.	   1250.	.42091E-01	.66828E-01	.15877E+01
    650.	   1300.	.31171E-01	.49529E-01	.15889E+01
    650.	   1350.	.23253E-01	.36934E-01	.15883E+01
    650.	   1400.	.17461E-01	.27698E-01	.15863E+01
    650.	   1450.	.13190E-01	.20879E-01	.15829E+01
    650.	   1500.	.10017E-01	.15812E-01	.15785E+01
    650.	   1550.	.76446E-02	.12027E-01	.15733E+01
    650.	   1600.	.58592E-02	.91834E-02	.15673E+01
    650.	   1650.	.45084E-02	.70372E-02	.15609E+01
    650.	   1700.	.34812E-02	.54100E-02	.15541E+01
    650.	   1750.	.26965E-02	.41713E-02	.15469E+01
    650.	   1800.	.20945E-02	.32247E-02	.15396E+01
    650.	   1850.	.16310E-02	.24989E-02	.15321E+01
    650.	   1900.	.12730E-02	.19407E-02	.15245E+01
    650.	   1950.	.99547E-03	.15100E-02	.15169E+01
    650.	   2000.	.77982E-03	.11770E-02	.15093E+01
    700.	    200.	.29542E+04	.42351E+04	.14336E+01
    700.	    250.	.96076E+03	.14065E+04	.14639E+01
    700.	    300.	.36982E+03	.54854E+03	.14833E+01
    700.	    350.	.16020E+03	.23935E+03	.14941E+01
    700.	    400.	.75765E+02	.11362E+03	.14996E+01
    700.	    450.	.38357E+02	.57593E+02	.15015E+01
    700.	    500.	.20509E+02	.30735E+02	.14986E+01
    700.	    550.	.11471E+02	.17155E+02	.14955E+01
    700.	    600.	.66637E+01	.99161E+01	.14881E+01
    700.	    650.	.39992E+01	.59012E+01	.14756E+01
    700.	    700.	.24689E+01	.35279E+01	.14289E+01
    700.	    750.	.15629E+01	.21762E+01	.13924E+01
    700.	    800.	.10116E+01	.14164E+01	.14002E+01
    700.	    850.	.66788E+00	.93301E+00	.13970E+01
    700.	    900.	.44896E+00	.65365E+00	.14559E+01
    700.	    950.	.30674E+00	.45749E+00	.14915E+01
    700.	   1000.	.21269E+00	.32242E+00	.15160E+01
    700.	   1050.	.14946E+00	.22951E+00	.15356E+01
    700.	   1100.	.10632E+00	.16491E+00	.15511E+01
    700.	   1150.	.76472E-01	.11953E+00	.15630E+01
    700.	   1200.	.55562E-01	.87335E-01	.15719E+01
    700.	   1250.	.40740E-01	.64283E-01	.15779E+01
    700.	   1300.	.30121E-01	.47635E-01	.15815E+01
    700.	   1350.	.22438E-01	.35518E-01	.15829E+01
    700.	   1400.	.16829E-01	.26634E-01	.15827E+01
    700.	   1450.	.12700E-01	.20077E-01	.15809E+01
    700.	   1500.	.96376E-02	.15206E-01	.15778E+01
    700.	   1550.	.73506E-02	.11567E-01	.15737E+01
    700.	   1600.	.56317E-02	.88341E-02	.15686E+01
    700.	   1650.	.43323E-02	.67712E-02	.15629E+01
    700.	   1700.	.33450E-02	.52071E-02	.15567E+01
    700.	   1750.	.25911E-02	.40162E-02	.15500E+01
    700.	   1800.	.20130E-02	.31061E-02	.15430E+01
    700.	   1850.	.15680E-02	.24081E-02	.15358E+01
    700.	   1900.	.12242E-02	.18710E-02	.15284E+01
    700.	   1950.	.95774E-03	.14566E-02	.15209E+01
    700.	   2000.	.75064E-03	.11360E-02	.15133E+01
    750.	    200.	.29594E+04	.42291E+04	.14291E+01
    750.	    250.	.96312E+03	.14067E+04	.14605E+01
    750.	    300.	.37096E+03	.55116E+03	.14858E+01
    750.	    350.	.16076E+03	.24091E+03	.14985E+01
    750.	    400.	.76046E+02	.11446E+03	.15051E+01
    750.	    450.	.38494E+02	.58077E+02	.15087E+01
    750.	    500.	.20573E+02	.31032E+02	.15084E+01
    750.	    550.	.11497E+02	.17319E+02	.15064E+01
    750.	    600.	.66708E+01	.10016E+02	.15014E+01
    750.	    650.	.39972E+01	.59716E+01	.14939E+01
    750.	    700.	.24632E+01	.36496E+01	.14816E+01
    751.	    750.	.15557E+01	.22344E+01	.14362E+01
    750.	    800.	.10045E+01	.14055E+01	.13991E+01
    750.	    850.	.66153E+00	.92907E+00	.14044E+01
    750.	    900.	.44348E+00	.62068E+00	.13995E+01
    750.	    950.	.30216E+00	.43968E+00	.14551E+01
    750.	   1000.	.20893E+00	.31092E+00	.14882E+01
    750.	   1050.	.14642E+00	.22130E+00	.15114E+01
    750.	   1100.	.10388E+00	.15896E+00	.15303E+01
    750.	   1150.	.74533E-01	.11518E+00	.15453E+01
    750.	   1200.	.54027E-01	.84123E-01	.15571E+01
    750.	   1250.	.39530E-01	.61898E-01	.15658E+01
    750.	   1300.	.29170E-01	.45854E-01	.15719E+01
    750.	   1350.	.21693E-01	.34181E-01	.15757E+01
    750.	   1400.	.16246E-01	.25625E-01	.15773E+01
    750.	   1450.	.12245E-01	.19314E-01	.15773E+01
    750.	   1500.	.92826E-02	.14627E-01	.15757E+01
    750.	   1550.	.70739E-02	.11126E-01	.15729E+01
    750.	   1600.	.54163E-02	.84978E-02	.15689E+01
    750.	   1650.	.41647E-02	.65141E-02	.15641E+01
    750.	   1700.	.32146E-02	.50103E-02	.15586E+01
    750.	   1750.	.24897E-02	.38653E-02	.15525E+01
    750.	   1800.	.19342E-02	.29902E-02	.15460E+01
    750.	   1850.	.15067E-02	.23190E-02	.15391E+01
    750.	   1900.	.11766E-02	.18025E-02	.15320E+01
    750.	   1950.	.92077E-03	.14039E-02	.15247E+01
    750.	   2000.	.72192E-03	.10953E-02	.15172E+01
    800.	    200.	.29639E+04	.42335E+04	.14283E+01
    800.	    250.	.96529E+03	.14096E+04	.14602E+01
    800.	    300.	.37203E+03	.55316E+03	.14868E+01
    800.	    350.	.16132E+03	.24232E+03	.15022E+01
    800.	    400.	.76332E+02	.11512E+03	.15081E+01
    800.	    450.	.38641E+02	.58455E+02	.15127E+01
    800.	    500.	.20647E+02	.31338E+02	.15178E+01
    800.	    550.	.11532E+02	.17464E+02	.15144E+01
    800.	    600.	.66852E+01	.10107E+02	.15119E+01
    800.	    650.	.40009E+01	.60274E+01	.15065E+01
    800.	    700.	.24617E+01	.36926E+01	.15000E+01
    800.	    750.	.15520E+01	.23089E+01	.14877E+01
    800.	    800.	.99985E+00	.14431E+01	.14433E+01
    800.	    850.	.65695E+00	.92352E+00	.14058E+01
    800.	    900.	.43931E+00	.61896E+00	.14090E+01
    800.	    950.	.29853E+00	.41873E+00	.14026E+01
    800.	   1000.	.20586E+00	.29957E+00	.14552E+01
    800.	   1050.	.14388E+00	.21378E+00	.14858E+01
    800.	   1100.	.10181E+00	.15350E+00	.15078E+01
    800.	   1150.	.72857E-01	.11116E+00	.15258E+01
    800.	   1200.	.52682E-01	.81146E-01	.15403E+01
    800.	   1250.	.38458E-01	.59677E-01	.15518E+01
    800.	   1300.	.28319E-01	.44189E-01	.15604E+01
    800.	   1350.	.21019E-01	.32926E-01	.15665E+01
    800.	   1400.	.15714E-01	.24676E-01	.15703E+01
    800.	   1450.	.11826E-01	.18592E-01	.15721E+01
    800.	   1500.	.89538E-02	.14077E-01	.15722E+01
    800.	   1550.	.68159E-02	.10706E-01	.15708E+01
    800.	   1600.	.52140E-02	.81763E-02	.15681E+01
    800.	   1650.	.40064E-02	.62674E-02	.15644E+01
    800.	   1700.	.30907E-02	.48207E-02	.15597E+01
    800.	   1750.	.23929E-02	.37194E-02	.15544E+01
    800.	   1800.	.18585E-02	.28778E-02	.15484E+01
    800.	   1850.	.14477E-02	.22324E-02	.15420E+01
    800.	   1900.	.11305E-02	.17356E-02	.15353E+01
    800.	   1950.	.88482E-03	.13522E-02	.15282E+01
    800.	   2000.	.69390E-03	.10554E-02	.15210E+01
    850.	    200.	.29681E+04	.42317E+04	.14257E+01
    850.	    250.	.96728E+03	.14113E+04	.14590E+01
    850.	    300.	.37305E+03	.55396E+03	.14850E+01
    850.	    350.	.16185E+03	.24285E+03	.15005E+01
    850.	    400.	.76616E+02	.11584E+03	.15120E+01
    850.	    450.	.38794E+02	.58796E+02	.15156E+01
    850.	    500.	.20728E+02	.31516E+02	.15204E+01
    850.	    550.	.11574E+02	.17623E+02	.15227E+01
    850.	    600.	.67052E+01	.10200E+02	.15212E+01
    850.	    650.	.40092E+01	.60818E+01	.15170E+01
    850.	    700.	.24637E+01	.37269E+01	.15127E+01
    850.	    750.	.15508E+01	.23352E+01	.15058E+01
    850.	    800.	.99735E+00	.14895E+01	.14935E+01
    851.	    850.	.65385E+00	.94824E+00	.14502E+01
    850.	    900.	.43627E+00	.61617E+00	.14124E+01
    850.	    950.	.29574E+00	.41809E+00	.14137E+01
    850.	   1000.	.20342E+00	.28606E+00	.14063E+01
    850.	   1050.	.14180E+00	.20641E+00	.14557E+01
    850.	   1100.	.10007E+00	.14853E+00	.14842E+01
    850.	   1150.	.71428E-01	.10749E+00	.15049E+01
    850.	   1200.	.51518E-01	.78411E-01	.15220E+01
    850.	   1250.	.37517E-01	.57626E-01	.15360E+01
    850.	   1300.	.27564E-01	.42644E-01	.15471E+01
    850.	   1350.	.20415E-01	.31757E-01	.15555E+01
    850.	   1400.	.15234E-01	.23788E-01	.15615E+01
    850.	   1450.	.11445E-01	.17914E-01	.15653E+01
    850.	   1500.	.86516E-02	.13559E-01	.15672E+01
    850.	   1550.	.65771E-02	.10309E-01	.15674E+01
    850.	   1600.	.50257E-02	.78708E-02	.15661E+01
    850.	   1650.	.38580E-02	.60322E-02	.15636E+01
    850.	   1700.	.29740E-02	.46393E-02	.15600E+01
    850.	   1750.	.23011E-02	.35794E-02	.15555E+01
    850.	   1800.	.17865E-02	.27695E-02	.15502E+01
    850.	   1850.	.13912E-02	.21486E-02	.15444E+01
    850.	   1900.	.10862E-02	.16707E-02	.15381E+01
    850.	   1950.	.85013E-03	.13019E-02	.15315E+01
    850.	   2000.	.66675E-03	.10165E-02	.15245E+01
    900.	    200.	.29718E+04	.42331E+04	.14244E+01
    900.	    250.	.96911E+03	.14109E+04	.14559E+01
    900.	    300.	.37400E+03	.55345E+03	.14798E+01
    900.	    350.	.16236E+03	.24382E+03	.15017E+01
    900.	    400.	.76896E+02	.11629E+03	.15124E+01
    900.	    450.	.38949E+02	.59273E+02	.15218E+01
    900.	    500.	.20813E+02	.31752E+02	.15256E+01
    900.	    550.	.11620E+02	.17743E+02	.15269E+01
    900.	    600.	.67295E+01	.10286E+02	.15285E+01
    900.	    650.	.40210E+01	.61318E+01	.15250E+01
    900.	    700.	.24685E+01	.37572E+01	.15221E+01
    900.	    750.	.15519E+01	.23565E+01	.15185E+01
    900.	    800.	.99650E+00	.15064E+01	.15117E+01
    900.	    850.	.65216E+00	.97763E+00	.14991E+01
    900.	    900.	.43419E+00	.63261E+00	.14570E+01
    900.	    950.	.29370E+00	.41672E+00	.14189E+01
    900.	   1000.	.20153E+00	.28592E+00	.14187E+01
    900.	   1050.	.14013E+00	.19762E+00	.14102E+01
    900.	   1100.	.98642E-01	.14369E+00	.14567E+01
    900.	   1150.	.70227E-01	.10417E+00	.14833E+01
    900.	   1200.	.50524E-01	.75922E-01	.15027E+01
    900.	   1250.	.36702E-01	.55747E-01	.15189E+01
    900.	   1300.	.26900E-01	.41219E-01	.15323E+01
    900.	   1350.	.19879E-01	.30674E-01	.15430E+01
    900.	   1400.	.14803E-01	.22961E-01	.15512E+01
    900.	   1450.	.11099E-01	.17282E-01	.15570E+01
    900.	   1500.	.83760E-02	.13073E-01	.15608E+01
    900.	   1550.	.63578E-02	.99350E-02	.15626E+01
    900.	   1600.	.48515E-02	.75823E-02	.15629E+01
    900.	   1650.	.37199E-02	.58093E-02	.15617E+01
    900.	   1700.	.28647E-02	.44667E-02	.15592E+01
    900.	   1750.	.22148E-02	.34456E-02	.15557E+01
    900.	   1800.	.17184E-02	.26658E-02	.15513E+01
    900.	   1850.	.13375E-02	.20680E-02	.15462E+01
    900.	   1900.	.10439E-02	.16082E-02	.15405E+01
    900.	   1950.	.81687E-03	.12533E-02	.15343E+01
    900.	   2000.	.64061E-03	.97864E-03	.15277E+01
    950.	    200.	.29751E+04	.42284E+04	.14212E+01
    950.	    250.	.97078E+03	.14132E+04	.14558E+01
    950.	    300.	.37488E+03	.55449E+03	.14791E+01
    950.	    350.	.16284E+03	.24406E+03	.14987E+01
    950.	    400.	.77168E+02	.11711E+03	.15176E+01
    950.	    450.	.39103E+02	.59654E+02	.15256E+01
    950.	    500.	.20901E+02	.32058E+02	.15338E+01
    950.	    550.	.11669E+02	.17885E+02	.15327E+01
    950.	    600.	.67568E+01	.10381E+02	.15364E+01
    950.	    650.	.40354E+01	.61931E+01	.15347E+01
    950.	    700.	.24756E+01	.37931E+01	.15322E+01
    950.	    750.	.15548E+01	.23762E+01	.15283E+01
    950.	    800.	.99709E+00	.15192E+01	.15236E+01
    950.	    850.	.65154E+00	.98853E+00	.15172E+01
    950.	    900.	.43304E+00	.65156E+00	.15046E+01
    951.	    950.	.29228E+00	.42783E+00	.14638E+01
    950.	   1000.	.20014E+00	.28527E+00	.14254E+01
    950.	   1050.	.13884E+00	.19770E+00	.14239E+01
    950.	   1100.	.97494E-01	.13789E+00	.14143E+01
    950.	   1150.	.69237E-01	.10096E+00	.14582E+01
    950.	   1200.	.49686E-01	.73678E-01	.14829E+01
    950.	   1250.	.36004E-01	.54044E-01	.15011E+01
    950.	   1300.	.26324E-01	.39919E-01	.15164E+01
    950.	   1350.	.19408E-01	.29679E-01	.15292E+01
    950.	   1400.	.14419E-01	.22198E-01	.15395E+01
    950.	   1450.	.10790E-01	.16695E-01	.15473E+01
    950.	   1500.	.81266E-02	.12620E-01	.15529E+01
    950.	   1550.	.61577E-02	.95851E-02	.15566E+01
    950.	   1600.	.46914E-02	.73114E-02	.15584E+01
    950.	   1650.	.35923E-02	.55991E-02	.15587E+01
    950.	   1700.	.27631E-02	.43035E-02	.15575E+01
    950.	   1750.	.21341E-02	.33187E-02	.15551E+01
    950.	   1800.	.16544E-02	.25670E-02	.15516E+01
    950.	   1850.	.12868E-02	.19910E-02	.15473E+01
    950.	   1900.	.10038E-02	.15482E-02	.15423E+01
    950.	   1950.	.78518E-03	.12065E-02	.15366E+01
    950.	   2000.	.61559E-03	.94215E-03	.15305E+01
   1000.	    200.	.29782E+04	.42268E+04	.14193E+01
   1000.	    250.	.97231E+03	.14137E+04	.14539E+01
   1000.	    300.	.37571E+03	.55609E+03	.14801E+01
   1000.	    350.	.16330E+03	.24476E+03	.14988E+01
   1000.	    400.	.77430E+02	.11745E+03	.15169E+01
   1000.	    450.	.39254E+02	.59906E+02	.15261E+01
   1000.	    500.	.20989E+02	.32222E+02	.15352E+01
   1000.	    550.	.11721E+02	.18032E+02	.15385E+01
   1000.	    600.	.67863E+01	.10468E+02	.15425E+01
   1000.	    650.	.40520E+01	.62430E+01	.15407E+01
   1000.	    700.	.24845E+01	.38347E+01	.15435E+01
   1000.	    750.	.15592E+01	.23987E+01	.15385E+01
   1000.	    800.	.99886E+00	.15304E+01	.15321E+01
   1000.	    850.	.65186E+00	.99686E+00	.15293E+01
   1000.	    900.	.43258E+00	.65860E+00	.15225E+01
   1000.	    950.	.29148E+00	.44022E+00	.15103E+01
   1000.	   1000.	.19916E+00	.29284E+00	.14704E+01
   1000.	   1050.	.13788E+00	.19744E+00	.14320E+01
   1000.	   1100.	.96599E-01	.13805E+00	.14291E+01
   1000.	   1150.	.68438E-01	.97086E-01	.14186E+01
   1000.	   1200.	.48993E-01	.71531E-01	.14600E+01
   1000.	   1250.	.35414E-01	.52517E-01	.14830E+01
   1000.	   1300.	.25830E-01	.38745E-01	.15000E+01
   1000.	   1350.	.18998E-01	.28772E-01	.15145E+01
   1000.	   1400.	.14082E-01	.21498E-01	.15266E+01
   1000.	   1450.	.10514E-01	.16154E-01	.15364E+01
   1000.	   1500.	.79027E-02	.12201E-01	.15439E+01
   1000.	   1550.	.59766E-02	.92595E-02	.15493E+01
   1000.	   1600.	.45455E-02	.70583E-02	.15528E+01
   1000.	   1650.	.34750E-02	.54021E-02	.15545E+01
   1000.	   1700.	.26692E-02	.41499E-02	.15547E+01
   1000.	   1750.	.20590E-02	.31988E-02	.15535E+01
   1000.	   1800.	.15945E-02	.24733E-02	.15511E+01
   1000.	   1850.	.12391E-02	.19178E-02	.15477E+01
   1000.	   1900.	.96598E-03	.14909E-02	.15434E+01
   1000.	   1950.	.75514E-03	.11617E-02	.15384E+01
   1000.	   2000.	.59179E-03	.90712E-03	.15328E+01
   1050.	    200.	.29809E+04	.42307E+04	.14193E+01
   1050.	    250.	.97372E+03	.14140E+04	.14521E+01
   1050.	    300.	.37647E+03	.55707E+03	.14797E+01
   1050.	    350.	.16374E+03	.24524E+03	.14978E+01
   1050.	    400.	.77680E+02	.11742E+03	.15115E+01
   1050.	    450.	.39402E+02	.60235E+02	.15287E+01
   1050.	    500.	.21077E+02	.32441E+02	.15392E+01
   1050.	    550.	.11773E+02	.18122E+02	.15393E+01
   1050.	    600.	.68172E+01	.10514E+02	.15422E+01
   1050.	    650.	.40700E+01	.63033E+01	.15487E+01
   1050.	    700.	.24948E+01	.38602E+01	.15473E+01
   1050.	    750.	.15647E+01	.24199E+01	.15465E+01
   1050.	    800.	.10016E+01	.15456E+01	.15431E+01
   1050.	    850.	.65296E+00	.10046E+01	.15385E+01
   1050.	    900.	.43275E+00	.66425E+00	.15349E+01
   1050.	    950.	.29115E+00	.44489E+00	.15280E+01
   1050.	   1000.	.19860E+00	.30105E+00	.15159E+01
   1051.	   1050.	.13720E+00	.20262E+00	.14768E+01
   1050.	   1100.	.95930E-01	.13797E+00	.14383E+01
   1050.	   1150.	.67812E-01	.97261E-01	.14343E+01
   1050.	   1200.	.48432E-01	.68922E-01	.14231E+01
   1050.	   1250.	.34924E-01	.51067E-01	.14622E+01
   1050.	   1300.	.25411E-01	.37697E-01	.14835E+01
   1050.	   1350.	.18645E-01	.27957E-01	.14994E+01
   1050.	   1400.	.13788E-01	.20863E-01	.15131E+01
   1050.	   1450.	.10271E-01	.15659E-01	.15245E+01
   1050.	   1500.	.77035E-02	.11815E-01	.15337E+01
   1050.	   1550.	.58140E-02	.89584E-02	.15408E+01
   1050.	   1600.	.44135E-02	.68232E-02	.15460E+01
   1050.	   1650.	.33682E-02	.52184E-02	.15493E+01
   1050.	   1700.	.25830E-02	.40061E-02	.15509E+01
   1050.	   1750.	.19897E-02	.30861E-02	.15510E+01
   1050.	   1800.	.15389E-02	.23850E-02	.15498E+01
   1050.	   1850.	.11946E-02	.18486E-02	.15474E+01
   1050.	   1900.	.93044E-03	.14366E-02	.15440E+01
   1050.	   1950.	.72682E-03	.11191E-02	.15397E+01
   1050.	   2000.	.56926E-03	.87366E-03	.15347E+01
   1100.	    200.	.29834E+04	.42290E+04	.14175E+01
   1100.	    250.	.97501E+03	.14125E+04	.14487E+01
   1100.	    300.	.37718E+03	.55738E+03	.14777E+01
   1100.	    350.	.16414E+03	.24533E+03	.14946E+01
   1100.	    400.	.77920E+02	.11809E+03	.15155E+01
   1100.	    450.	.39545E+02	.60428E+02	.15281E+01
   1100.	    500.	.21163E+02	.32460E+02	.15338E+01
   1100.	    550.	.11825E+02	.18272E+02	.15451E+01
   1100.	    600.	.68490E+01	.10618E+02	.15503E+01
   1100.	    650.	.40892E+01	.63463E+01	.15520E+01
   1100.	    700.	.25061E+01	.38929E+01	.15534E+01
   1100.	    750.	.15712E+01	.24413E+01	.15537E+01
   1100.	    800.	.10052E+01	.15560E+01	.15480E+01
   1100.	    850.	.65473E+00	.10146E+01	.15496E+01
   1100.	    900.	.43345E+00	.66885E+00	.15431E+01
   1100.	    950.	.29124E+00	.44834E+00	.15394E+01
   1100.	   1000.	.19836E+00	.30419E+00	.15335E+01
   1100.	   1050.	.13681E+00	.20813E+00	.15214E+01
   1100.	   1100.	.95455E-01	.14157E+00	.14831E+01
   1100.	   1150.	.67342E-01	.97274E-01	.14445E+01
   1100.	   1200.	.47990E-01	.69083E-01	.14395E+01
   1100.	   1250.	.34527E-01	.49292E-01	.14277E+01
   1100.	   1300.	.25063E-01	.36708E-01	.14646E+01
   1100.	   1350.	.18346E-01	.27232E-01	.14843E+01
   1100.	   1400.	.13535E-01	.20293E-01	.14993E+01
   1100.	   1450.	.10059E-01	.15210E-01	.15120E+01
   1100.	   1500.	.75277E-02	.11463E-01	.15228E+01
   1100.	   1550.	.56691E-02	.86821E-02	.15315E+01
   1100.	   1600.	.42948E-02	.66062E-02	.15382E+01
   1100.	   1650.	.32714E-02	.50479E-02	.15430E+01
   1100.	   1700.	.25044E-02	.38722E-02	.15461E+01
   1100.	   1750.	.19261E-02	.29808E-02	.15476E+01
   1100.	   1800.	.14876E-02	.23022E-02	.15476E+01
   1100.	   1850.	.11533E-02	.17834E-02	.15463E+01
   1100.	   1900.	.89729E-03	.13853E-02	.15438E+01
   1100.	   1950.	.70026E-03	.10787E-02	.15404E+01
   1100.	   2000.	.54802E-03	.84184E-03	.15361E+01
   1150.	    200.	.29856E+04	.42347E+04	.14184E+01
   1150.	    250.	.97620E+03	.14126E+04	.14471E+01
   1150.	    300.	.37785E+03	.55680E+03	.14736E+01
   1150.	    350.	.16453E+03	.24551E+03	.14922E+01
   1150.	    400.	.78147E+02	.11809E+03	.15111E+01
   1150.	    450.	.39683E+02	.60553E+02	.15259E+01
   1150.	    500.	.21248E+02	.32759E+02	.15418E+01
   1150.	    550.	.11878E+02	.18382E+02	.15476E+01
   1150.	    600.	.68812E+01	.10691E+02	.15537E+01
   1150.	    650.	.41090E+01	.63935E+01	.15560E+01
   1150.	    700.	.25182E+01	.39186E+01	.15561E+01
   1150.	    750.	.15785E+01	.24628E+01	.15603E+01
   1150.	    800.	.10094E+01	.15728E+01	.15582E+01
   1150.	    850.	.65703E+00	.10216E+01	.15549E+01
   1150.	    900.	.43460E+00	.67536E+00	.15540E+01
   1150.	    950.	.29169E+00	.45169E+00	.15485E+01
   1150.	   1000.	.19840E+00	.30637E+00	.15442E+01
   1150.	   1050.	.13663E+00	.21022E+00	.15386E+01
   1150.	   1100.	.95173E-01	.14531E+00	.15268E+01
   1151.	   1150.	.67005E-01	.99797E-01	.14894E+01
   1150.	   1200.	.47657E-01	.69133E-01	.14506E+01
   1150.	   1250.	.34213E-01	.49431E-01	.14448E+01
   1150.	   1300.	.24779E-01	.35492E-01	.14323E+01
   1150.	   1350.	.18097E-01	.26553E-01	.14673E+01
   1150.	   1400.	.13320E-01	.19788E-01	.14856E+01
   1150.	   1450.	.98766E-02	.14809E-01	.14994E+01
   1150.	   1500.	.73740E-02	.11145E-01	.15114E+01
   1150.	   1550.	.55411E-02	.84303E-02	.15214E+01
   1150.	   1600.	.41889E-02	.64072E-02	.15296E+01
   1150.	   1650.	.31843E-02	.48908E-02	.15359E+01
   1150.	   1700.	.24332E-02	.37481E-02	.15404E+01
   1150.	   1750.	.18681E-02	.28829E-02	.15432E+01
   1150.	   1800.	.14405E-02	.22248E-02	.15445E+01
   1150.	   1850.	.11152E-02	.17223E-02	.15443E+01
   1150.	   1900.	.86652E-03	.13370E-02	.15429E+01
   1150.	   1950.	.67549E-03	.10405E-02	.15404E+01
   1150.	   2000.	.52813E-03	.81171E-03	.15370E+01
   1200.	    200.	.29877E+04	.42303E+04	.14159E+01
   1200.	    250.	.97729E+03	.14135E+04	.14463E+01
   1200.	    300.	.37846E+03	.55683E+03	.14713E+01
   1200.	    350.	.16489E+03	.24602E+03	.14921E+01
   1200.	    400.	.78363E+02	.11831E+03	.15097E+01
   1200.	    450.	.39816E+02	.60595E+02	.15219E+01
   1200.	    500.	.21330E+02	.32816E+02	.15385E+01
   1200.	    550.	.11929E+02	.18473E+02	.15486E+01
   1200.	    600.	.69135E+01	.10752E+02	.15553E+01
   1200.	    650.	.41293E+01	.64360E+01	.15586E+01
   1200.	    700.	.25308E+01	.39489E+01	.15603E+01
   1200.	    750.	.15863E+01	.24795E+01	.15631E+01
   1200.	    800.	.10141E+01	.15859E+01	.15639E+01
   1200.	    850.	.65978E+00	.10315E+01	.15634E+01
   1200.	    900.	.43612E+00	.67997E+00	.15591E+01
   1200.	    950.	.29244E+00	.45571E+00	.15583E+01
   1200.	   1000.	.19869E+00	.30851E+00	.15527E+01
   1200.	   1050.	.13665E+00	.21183E+00	.15502E+01
   1200.	   1100.	.95042E-01	.14675E+00	.15441E+01
   1200.	   1150.	.66804E-01	.10237E+00	.15323E+01
   1200.	   1200.	.47417E-01	.70914E-01	.14956E+01
   1200.	   1250.	.33975E-01	.49491E-01	.14567E+01
   1200.	   1300.	.24554E-01	.35606E-01	.14501E+01
   1200.	   1350.	.17893E-01	.25713E-01	.14371E+01
   1200.	   1400.	.13140E-01	.19318E-01	.14702E+01
   1200.	   1450.	.97209E-02	.14456E-01	.14871E+01
   1200.	   1500.	.72412E-02	.10861E-01	.14999E+01
   1200.	   1550.	.54291E-02	.82034E-02	.15110E+01
   1200.	   1600.	.40953E-02	.62263E-02	.15204E+01
   1200.	   1650.	.31066E-02	.47470E-02	.15280E+01
   1200.	   1700.	.23691E-02	.36339E-02	.15339E+01
   1200.	   1750.	.18155E-02	.27923E-02	.15381E+01
   1200.	   1800.	.13975E-02	.21530E-02	.15406E+01
   1200.	   1850.	.10802E-02	.16653E-02	.15416E+01
   1200.	   1900.	.83811E-03	.12918E-02	.15413E+01
   1200.	   1950.	.65251E-03	.10047E-02	.15398E+01
   1200.	   2000.	.50958E-03	.78332E-03	.15372E+01
   1250.	    200.	.29896E+04	.42298E+04	.14149E+01
   1250.	    250.	.97830E+03	.14140E+04	.14454E+01
   1250.	    300.	.37903E+03	.55643E+03	.14680E+01
   1250.	    350.	.16522E+03	.24653E+03	.14921E+01
   1250.	    400.	.78568E+02	.11837E+03	.15065E+01
   1250.	    450.	.39942E+02	.60907E+02	.15249E+01
   1250.	    500.	.21410E+02	.32837E+02	.15338E+01
   1250.	    550.	.11979E+02	.18517E+02	.15458E+01
   1250.	    600.	.69456E+01	.10825E+02	.15585E+01
   1250.	    650.	.41497E+01	.64899E+01	.15639E+01
   1250.	    700.	.25438E+01	.39813E+01	.15651E+01
   1250.	    750.	.15945E+01	.24975E+01	.15664E+01
   1250.	    800.	.10192E+01	.15995E+01	.15694E+01
   1250.	    850.	.66289E+00	.10409E+01	.15703E+01
   1250.	    900.	.43794E+00	.68648E+00	.15675E+01
   1250.	    950.	.29346E+00	.45944E+00	.15656E+01
   1250.	   1000.	.19920E+00	.31143E+00	.15634E+01
   1250.	   1050.	.13684E+00	.21332E+00	.15589E+01
   1250.	   1100.	.95048E-01	.14780E+00	.15550E+01
   1250.	   1150.	.66706E-01	.10338E+00	.15497E+01
   1250.	   1200.	.47271E-01	.72696E-01	.15379E+01
   1251.	   1250.	.33802E-01	.50759E-01	.15017E+01
   1250.	   1300.	.24383E-01	.35665E-01	.14627E+01
   1250.	   1350.	.17731E-01	.25804E-01	.14554E+01
   1250.	   1400.	.12993E-01	.18734E-01	.14419E+01
   1250.	   1450.	.95904E-02	.14129E-01	.14732E+01
   1250.	   1500.	.71279E-02	.10612E-01	.14888E+01
   1250.	   1550.	.53321E-02	.80017E-02	.15006E+01
   1250.	   1600.	.40132E-02	.60637E-02	.15109E+01
   1250.	   1650.	.30378E-02	.46164E-02	.15197E+01
   1250.	   1700.	.23118E-02	.35296E-02	.15267E+01
   1250.	   1750.	.17681E-02	.27090E-02	.15322E+01
   1250.	   1800.	.13585E-02	.20866E-02	.15360E+01
   1250.	   1850.	.10482E-02	.16124E-02	.15382E+01
   1250.	   1900.	.81202E-03	.12497E-02	.15390E+01
   1250.	   1950.	.63128E-03	.97122E-03	.15385E+01
   1250.	   2000.	.49236E-03	.75667E-03	.15368E+01
   1300.	    200.	.29913E+04	.42293E+04	.14139E+01
   1300.	    250.	.97922E+03	.14140E+04	.14440E+01
   1300.	    300.	.37956E+03	.55708E+03	.14677E+01
   1300.	    350.	.16554E+03	.24637E+03	.14883E+01
   1300.	    400.	.78762E+02	.11862E+03	.15061E+01
   1300.	    450.	.40063E+02	.60878E+02	.15195E+01
   1300.	    500.	.21486E+02	.33028E+02	.15372E+01
   1300.	    550.	.12029E+02	.18606E+02	.15468E+01
   1300.	    600.	.69773E+01	.10867E+02	.15575E+01
   1300.	    650.	.41702E+01	.65125E+01	.15617E+01
   1300.	    700.	.25570E+01	.40088E+01	.15678E+01
   1300.	    750.	.16029E+01	.25231E+01	.15740E+01
   1300.	    800.	.10246E+01	.16167E+01	.15779E+01
   1300.	    850.	.66628E+00	.10518E+01	.15787E+01
   1300.	    900.	.44003E+00	.69252E+00	.15738E+01
   1300.	    950.	.29469E+00	.46374E+00	.15737E+01
   1300.	   1000.	.19988E+00	.31380E+00	.15699E+01
   1300.	   1050.	.13718E+00	.21485E+00	.15662E+01
   1300.	   1100.	.95176E-01	.14883E+00	.15637E+01
   1300.	   1150.	.66706E-01	.10410E+00	.15606E+01
   1300.	   1200.	.47199E-01	.73398E-01	.15551E+01
   1300.	   1250.	.33697E-01	.52006E-01	.15433E+01
   1300.	   1300.	.24258E-01	.36575E-01	.15077E+01
   1300.	   1350.	.17607E-01	.25857E-01	.14686E+01
   1300.	   1400.	.12875E-01	.18805E-01	.14606E+01
   1300.	   1450.	.94832E-02	.13720E-01	.14467E+01
   1300.	   1500.	.70327E-02	.10383E-01	.14764E+01
   1300.	   1550.	.52493E-02	.78251E-02	.14907E+01
   1300.	   1600.	.39421E-02	.59195E-02	.15016E+01
   1300.	   1650.	.29775E-02	.44993E-02	.15111E+01
   1300.	   1700.	.22611E-02	.34350E-02	.15192E+01
   1300.	   1750.	.17257E-02	.26330E-02	.15257E+01
   1300.	   1800.	.13233E-02	.20256E-02	.15307E+01
   1300.	   1850.	.10192E-02	.15636E-02	.15341E+01
   1300.	   1900.	.78819E-03	.12107E-02	.15360E+01
   1300.	   1950.	.61178E-03	.94003E-03	.15365E+01
   1300.	   2000.	.47647E-03	.73177E-03	.15358E+01
   1350.	    200.	.29928E+04	.42286E+04	.14129E+01
   1350.	    250.	.98008E+03	.14126E+04	.14413E+01
   1350.	    300.	.38006E+03	.55692E+03	.14654E+01
   1350.	    350.	.16584E+03	.24665E+03	.14873E+01
   1350.	    400.	.78945E+02	.11864E+03	.15028E+01
   1350.	    450.	.40179E+02	.61079E+02	.15202E+01
   1350.	    500.	.21560E+02	.33107E+02	.15355E+01
   1350.	    550.	.12076E+02	.18649E+02	.15442E+01
   1350.	    600.	.70084E+01	.10890E+02	.15539E+01
   1350.	    650.	.41905E+01	.65615E+01	.15658E+01
   1350.	    700.	.25703E+01	.40362E+01	.15703E+01
   1350.	    750.	.16116E+01	.25378E+01	.15747E+01
   1350.	    800.	.10302E+01	.16279E+01	.15802E+01
   1350.	    850.	.66989E+00	.10572E+01	.15781E+01
   1350.	    900.	.44231E+00	.69871E+00	.15797E+01
   1350.	    950.	.29610E+00	.46755E+00	.15790E+01
   1350.	   1000.	.20072E+00	.31690E+00	.15788E+01
   1350.	   1050.	.13765E+00	.21689E+00	.15757E+01
   1350.	   1100.	.95408E-01	.15010E+00	.15732E+01
   1350.	   1150.	.66792E-01	.10481E+00	.15692E+01
   1350.	   1200.	.47196E-01	.73899E-01	.15658E+01
   1350.	   1250.	.33644E-01	.52496E-01	.15604E+01
   1350.	   1300.	.24182E-01	.37454E-01	.15489E+01
   1351.	   1350.	.17516E-01	.26513E-01	.15137E+01
   1350.	   1400.	.12785E-01	.18850E-01	.14744E+01
   1350.	   1450.	.93975E-02	.13775E-01	.14658E+01
   1350.	   1500.	.69544E-02	.10095E-01	.14516E+01
   1350.	   1550.	.51795E-02	.76639E-02	.14796E+01
   1350.	   1600.	.38812E-02	.57938E-02	.14928E+01
   1350.	   1650.	.29251E-02	.43957E-02	.15028E+01
   1350.	   1700.	.22165E-02	.33503E-02	.15116E+01
   1350.	   1750.	.16881E-02	.25642E-02	.15190E+01
   1350.	   1800.	.12919E-02	.19701E-02	.15250E+01
   1350.	   1850.	.99307E-03	.15188E-02	.15294E+01
   1350.	   1900.	.76654E-03	.11747E-02	.15324E+01
   1350.	   1950.	.59396E-03	.91115E-03	.15340E+01
   1350.	   2000.	.46186E-03	.70863E-03	.15343E+01
   1400.	    200.	.29943E+04	.42314E+04	.14132E+01
   1400.	    250.	.98087E+03	.14148E+04	.14424E+01
   1400.	    300.	.38052E+03	.55733E+03	.14647E+01
   1400.	    350.	.16611E+03	.24673E+03	.14853E+01
   1400.	    400.	.79118E+02	.11882E+03	.15018E+01
   1400.	    450.	.40289E+02	.61082E+02	.15161E+01
   1400.	    500.	.21631E+02	.33131E+02	.15316E+01
   1400.	    550.	.12123E+02	.18701E+02	.15426E+01
   1400.	    600.	.70388E+01	.10934E+02	.15534E+01
   1400.	    650.	.42106E+01	.65919E+01	.15655E+01
   1400.	    700.	.25836E+01	.40746E+01	.15771E+01
   1400.	    750.	.16204E+01	.25544E+01	.15764E+01
   1400.	    800.	.10360E+01	.16388E+01	.15819E+01
   1400.	    850.	.67368E+00	.10647E+01	.15804E+01
   1400.	    900.	.44476E+00	.70498E+00	.15851E+01
   1400.	    950.	.29766E+00	.47254E+00	.15875E+01
   1400.	   1000.	.20169E+00	.32006E+00	.15869E+01
   1400.	   1050.	.13823E+00	.21895E+00	.15840E+01
   1400.	   1100.	.95731E-01	.15136E+00	.15811E+01
   1400.	   1150.	.66952E-01	.10562E+00	.15775E+01
   1400.	   1200.	.47254E-01	.74416E-01	.15748E+01
   1400.	   1250.	.33639E-01	.52845E-01	.15709E+01
   1400.	   1300.	.24142E-01	.37801E-01	.15658E+01
   1400.	   1350.	.17460E-01	.27138E-01	.15543E+01
   1400.	   1400.	.12719E-01	.19327E-01	.15196E+01
   1400.	   1450.	.93315E-02	.13812E-01	.14801E+01
   1400.	   1500.	.68916E-02	.10138E-01	.14711E+01
   1400.	   1550.	.51220E-02	.74600E-02	.14565E+01
   1400.	   1600.	.38299E-02	.56796E-02	.14830E+01
   1400.	   1650.	.28801E-02	.43058E-02	.14950E+01
   1400.	   1700.	.21777E-02	.32756E-02	.15042E+01
   1400.	   1750.	.16551E-02	.25028E-02	.15122E+01
   1400.	   1800.	.12639E-02	.19199E-02	.15190E+01
   1400.	   1850.	.96963E-03	.14781E-02	.15244E+01
   1400.	   1900.	.74701E-03	.11417E-02	.15284E+01
   1400.	   1950.	.57777E-03	.88456E-03	.15310E+01
   1400.	   2000.	.44850E-03	.68721E-03	.15322E+01
   1450.	    200.	.29956E+04	.42316E+04	.14126E+01
   1450.	    250.	.98160E+03	.14154E+04	.14420E+01
   1450.	    300.	.38094E+03	.55719E+03	.14627E+01
   1450.	    350.	.16638E+03	.24673E+03	.14830E+01
   1450.	    400.	.79282E+02	.11896E+03	.15005E+01
   1450.	    450.	.40394E+02	.61233E+02	.15159E+01
   1450.	    500.	.21699E+02	.33156E+02	.15280E+01
   1450.	    550.	.12167E+02	.18757E+02	.15416E+01
   1450.	    600.	.70684E+01	.10974E+02	.15525E+01
   1450.	    650.	.42303E+01	.66050E+01	.15613E+01
   1450.	    700.	.25967E+01	.40890E+01	.15747E+01
   1450.	    750.	.16292E+01	.25751E+01	.15806E+01
   1450.	    800.	.10419E+01	.16470E+01	.15808E+01
   1450.	    850.	.67758E+00	.10738E+01	.15847E+01
   1450.	    900.	.44733E+00	.70851E+00	.15839E+01
   1450.	    950.	.29933E+00	.47585E+00	.15897E+01
   1450.	   1000.	.20276E+00	.32240E+00	.15900E+01
   1450.	   1050.	.13889E+00	.22113E+00	.15921E+01
   1450.	   1100.	.96132E-01	.15268E+00	.15882E+01
   1450.	   1150.	.67177E-01	.10664E+00	.15875E+01
   1450.	   1200.	.47365E-01	.74944E-01	.15823E+01
   1450.	   1250.	.33678E-01	.53223E-01	.15803E+01
   1450.	   1300.	.24138E-01	.38049E-01	.15763E+01
   1450.	   1350.	.17430E-01	.27384E-01	.15711E+01
   1450.	   1400.	.12677E-01	.19773E-01	.15598E+01
   1451.	   1450.	.92828E-02	.14160E-01	.15255E+01
   1450.	   1500.	.68431E-02	.10168E-01	.14858E+01
   1450.	   1550.	.50758E-02	.74930E-02	.14762E+01
   1450.	   1600.	.37874E-02	.55345E-02	.14613E+01
   1450.	   1650.	.28422E-02	.42246E-02	.14864E+01
   1450.	   1700.	.21444E-02	.32110E-02	.14974E+01
   1450.	   1750.	.16263E-02	.24487E-02	.15057E+01
   1450.	   1800.	.12393E-02	.18752E-02	.15130E+01
   1450.	   1850.	.94880E-03	.14414E-02	.15191E+01
   1450.	   1900.	.72950E-03	.11118E-02	.15240E+01
   1450.	   1950.	.56315E-03	.86022E-03	.15275E+01
   1450.	   2000.	.43636E-03	.66750E-03	.15297E+01
   1500.	    200.	.29968E+04	.42311E+04	.14118E+01
   1500.	    250.	.98228E+03	.14147E+04	.14402E+01
   1500.	    300.	.38134E+03	.55791E+03	.14630E+01
   1500.	    350.	.16662E+03	.24649E+03	.14793E+01
   1500.	    400.	.79436E+02	.11904E+03	.14986E+01
   1500.	    450.	.40493E+02	.61324E+02	.15144E+01
   1500.	    500.	.21764E+02	.33207E+02	.15258E+01
   1500.	    550.	.12210E+02	.18777E+02	.15378E+01
   1500.	    600.	.70971E+01	.11005E+02	.15507E+01
   1500.	    650.	.42496E+01	.66365E+01	.15617E+01
   1500.	    700.	.26098E+01	.40979E+01	.15702E+01
   1500.	    750.	.16380E+01	.25877E+01	.15798E+01
   1500.	    800.	.10478E+01	.16620E+01	.15862E+01
   1500.	    850.	.68157E+00	.10840E+01	.15905E+01
   1500.	    900.	.45000E+00	.71750E+00	.15944E+01
   1500.	    950.	.30111E+00	.47996E+00	.15940E+01
   1500.	   1000.	.20392E+00	.32573E+00	.15973E+01
   1500.	   1050.	.13964E+00	.22247E+00	.15932E+01
   1500.	   1100.	.96600E-01	.15414E+00	.15956E+01
   1500.	   1150.	.67458E-01	.10745E+00	.15929E+01
   1500.	   1200.	.47523E-01	.75701E-01	.15929E+01
   1500.	   1250.	.33756E-01	.53580E-01	.15873E+01
   1500.	   1300.	.24165E-01	.38305E-01	.15852E+01
   1500.	   1350.	.17426E-01	.27562E-01	.15817E+01
   1500.	   1400.	.12655E-01	.19948E-01	.15763E+01
   1500.	   1450.	.92520E-02	.14481E-01	.15652E+01
   1500.	   1500.	.68071E-02	.10423E-01	.15312E+01
   1500.	   1550.	.50400E-02	.75166E-02	.14914E+01
   1500.	   1600.	.37532E-02	.55599E-02	.14813E+01
   1500.	   1650.	.28108E-02	.41209E-02	.14661E+01
   1500.	   1700.	.21163E-02	.31530E-02	.14899E+01
   1500.	   1750.	.16015E-02	.24021E-02	.14999E+01
   1500.	   1800.	.12179E-02	.18359E-02	.15074E+01
   1500.	   1850.	.93044E-03	.14087E-02	.15140E+01
   1500.	   1900.	.71393E-03	.10848E-02	.15195E+01
   1500.	   1950.	.55004E-03	.83813E-03	.15238E+01
   1500.	   2000.	.42539E-03	.64949E-03	.15268E+01
   1550.	    200.	.29980E+04	.42288E+04	.14106E+01
   1550.	    250.	.98292E+03	.14147E+04	.14393E+01
   1550.	    300.	.38172E+03	.55787E+03	.14615E+01
   1550.	    350.	.16685E+03	.24699E+03	.14803E+01
   1550.	    400.	.79582E+02	.11903E+03	.14957E+01
   1550.	    450.	.40588E+02	.61423E+02	.15133E+01
   1550.	    500.	.21827E+02	.33294E+02	.15254E+01
   1550.	    550.	.12252E+02	.18869E+02	.15401E+01
   1550.	    600.	.71250E+01	.11044E+02	.15500E+01
   1550.	    650.	.42685E+01	.66717E+01	.15630E+01
   1550.	    700.	.26226E+01	.41151E+01	.15691E+01
   1550.	    750.	.16467E+01	.25977E+01	.15775E+01
   1550.	    800.	.10537E+01	.16727E+01	.15874E+01
   1550.	    850.	.68562E+00	.10912E+01	.15915E+01
   1550.	    900.	.45274E+00	.72327E+00	.15975E+01
   1550.	    950.	.30295E+00	.48535E+00	.16021E+01
   1550.	   1000.	.20516E+00	.32799E+00	.15987E+01
   1550.	   1050.	.14045E+00	.22520E+00	.16034E+01
   1550.	   1100.	.97124E-01	.15536E+00	.15996E+01
   1550.	   1150.	.67788E-01	.10856E+00	.16014E+01
   1550.	   1200.	.47722E-01	.76271E-01	.15983E+01
   1550.	   1250.	.33868E-01	.54096E-01	.15973E+01
   1550.	   1300.	.24220E-01	.38573E-01	.15926E+01
   1550.	   1350.	.17445E-01	.27729E-01	.15895E+01
   1550.	   1400.	.12651E-01	.20075E-01	.15868E+01
   1550.	   1450.	.92354E-02	.14606E-01	.15816E+01
   1550.	   1500.	.67843E-02	.10655E-01	.15705E+01
   1551.	   1550.	.50133E-02	.77052E-02	.15370E+01
   1550.	   1600.	.37267E-02	.55784E-02	.14969E+01
   1550.	   1650.	.27854E-02	.41402E-02	.14864E+01
   1550.	   1700.	.20929E-02	.30785E-02	.14709E+01
   1550.	   1750.	.15806E-02	.23605E-02	.14934E+01
   1550.	   1800.	.11994E-02	.18021E-02	.15024E+01
   1550.	   1850.	.91442E-03	.13800E-02	.15092E+01
   1550.	   1900.	.70018E-03	.10608E-02	.15150E+01
   1550.	   1950.	.53836E-03	.81826E-03	.15199E+01
   1550.	   2000.	.41554E-03	.63315E-03	.15237E+01
   1600.	    200.	.29990E+04	.42310E+04	.14108E+01
   1600.	    250.	.98350E+03	.14147E+04	.14384E+01
   1600.	    300.	.38207E+03	.55827E+03	.14612E+01
   1600.	    350.	.16707E+03	.24684E+03	.14775E+01
   1600.	    400.	.79720E+02	.11908E+03	.14937E+01
   1600.	    450.	.40677E+02	.61348E+02	.15082E+01
   1600.	    500.	.21886E+02	.33355E+02	.15240E+01
   1600.	    550.	.12292E+02	.18859E+02	.15343E+01
   1600.	    600.	.71520E+01	.11075E+02	.15485E+01
   1600.	    650.	.42869E+01	.66852E+01	.15595E+01
   1600.	    700.	.26352E+01	.41297E+01	.15672E+01
   1600.	    750.	.16554E+01	.26120E+01	.15779E+01
   1600.	    800.	.10597E+01	.16831E+01	.15883E+01
   1600.	    850.	.68969E+00	.10998E+01	.15947E+01
   1600.	    900.	.45553E+00	.72818E+00	.15985E+01
   1600.	    950.	.30485E+00	.48920E+00	.16047E+01
   1600.	   1000.	.20644E+00	.33076E+00	.16022E+01
   1600.	   1050.	.14132E+00	.22675E+00	.16045E+01
   1600.	   1100.	.97696E-01	.15701E+00	.16072E+01
   1600.	   1150.	.68159E-01	.10946E+00	.16060E+01
   1600.	   1200.	.47956E-01	.76984E-01	.16053E+01
   1600.	   1250.	.34009E-01	.54517E-01	.16030E+01
   1600.	   1300.	.24299E-01	.38940E-01	.16025E+01
   1600.	   1350.	.17484E-01	.27924E-01	.15971E+01
   1600.	   1400.	.12664E-01	.20197E-01	.15948E+01
   1600.	   1450.	.92323E-02	.14699E-01	.15921E+01
   1600.	   1500.	.67718E-02	.10746E-01	.15868E+01
   1600.	   1550.	.49963E-02	.78734E-02	.15758E+01
   1600.	   1600.	.37069E-02	.57182E-02	.15426E+01
   1600.	   1650.	.27657E-02	.41547E-02	.15023E+01
   1600.	   1700.	.20740E-02	.30932E-02	.14914E+01
   1600.	   1750.	.15632E-02	.23068E-02	.14757E+01
   1600.	   1800.	.11838E-02	.17721E-02	.14970E+01
   1600.	   1850.	.90062E-03	.13555E-02	.15050E+01
   1600.	   1900.	.68818E-03	.10399E-02	.15110E+01
   1600.	   1950.	.52805E-03	.80064E-03	.15162E+01
   1600.	   2000.	.40676E-03	.61849E-03	.15205E+01
   1650.	    200.	.30000E+04	.42307E+04	.14102E+01
   1650.	    250.	.98405E+03	.14149E+04	.14379E+01
   1650.	    300.	.38240E+03	.55841E+03	.14603E+01
   1650.	    350.	.16727E+03	.24707E+03	.14770E+01
   1650.	    400.	.79851E+02	.11919E+03	.14926E+01
   1650.	    450.	.40763E+02	.61449E+02	.15075E+01
   1650.	    500.	.21943E+02	.33395E+02	.15219E+01
   1650.	    550.	.12330E+02	.18939E+02	.15360E+01
   1650.	    600.	.71781E+01	.11083E+02	.15440E+01
   1650.	    650.	.43047E+01	.66975E+01	.15559E+01
   1650.	    700.	.26475E+01	.41528E+01	.15686E+01
   1650.	    750.	.16639E+01	.26253E+01	.15778E+01
   1650.	    800.	.10656E+01	.16928E+01	.15886E+01
   1650.	    850.	.69377E+00	.11051E+01	.15929E+01
   1650.	    900.	.45835E+00	.73232E+00	.15977E+01
   1650.	    950.	.30680E+00	.49250E+00	.16053E+01
   1650.	   1000.	.20778E+00	.33449E+00	.16099E+01
   1650.	   1050.	.14222E+00	.22912E+00	.16110E+01
   1650.	   1100.	.98308E-01	.15823E+00	.16095E+01
   1650.	   1150.	.68565E-01	.11052E+00	.16119E+01
   1650.	   1200.	.48220E-01	.77638E-01	.16101E+01
   1650.	   1250.	.34177E-01	.55099E-01	.16122E+01
   1650.	   1300.	.24400E-01	.39230E-01	.16078E+01
   1650.	   1350.	.17541E-01	.28171E-01	.16060E+01
   1650.	   1400.	.12692E-01	.20336E-01	.16023E+01
   1650.	   1450.	.92414E-02	.14784E-01	.15998E+01
   1650.	   1500.	.67692E-02	.10814E-01	.15976E+01
   1650.	   1550.	.49868E-02	.79394E-02	.15921E+01
   1650.	   1600.	.36941E-02	.58408E-02	.15811E+01
   1651.	   1650.	.27509E-02	.42588E-02	.15482E+01
   1650.	   1700.	.20593E-02	.31045E-02	.15075E+01
   1650.	   1750.	.15491E-02	.23180E-02	.14964E+01
   1650.	   1800.	.11708E-02	.17333E-02	.14804E+01
   1650.	   1850.	.88890E-03	.13338E-02	.15005E+01
   1650.	   1900.	.67783E-03	.10220E-02	.15077E+01
   1650.	   1950.	.51903E-03	.78527E-03	.15130E+01
   1650.	   2000.	.39901E-03	.60549E-03	.15175E+01
   1700.	    200.	.30009E+04	.42311E+04	.14099E+01
   1700.	    250.	.98456E+03	.14149E+04	.14371E+01
   1700.	    300.	.38270E+03	.55822E+03	.14586E+01
   1700.	    350.	.16746E+03	.24712E+03	.14757E+01
   1700.	    400.	.79974E+02	.11919E+03	.14904E+01
   1700.	    450.	.40844E+02	.61470E+02	.15050E+01
   1700.	    500.	.21997E+02	.33400E+02	.15184E+01
   1700.	    550.	.12367E+02	.18944E+02	.15318E+01
   1700.	    600.	.72032E+01	.11143E+02	.15470E+01
   1700.	    650.	.43220E+01	.67235E+01	.15556E+01
   1700.	    700.	.26595E+01	.41739E+01	.15694E+01
   1700.	    750.	.16722E+01	.26379E+01	.15775E+01
   1700.	    800.	.10714E+01	.16963E+01	.15833E+01
   1700.	    850.	.69783E+00	.11115E+01	.15928E+01
   1700.	    900.	.46118E+00	.73872E+00	.16018E+01
   1700.	    950.	.30877E+00	.49581E+00	.16058E+01
   1700.	   1000.	.20914E+00	.33646E+00	.16088E+01
   1700.	   1050.	.14317E+00	.23127E+00	.16154E+01
   1700.	   1100.	.98952E-01	.15957E+00	.16126E+01
   1700.	   1150.	.69001E-01	.11160E+00	.16173E+01
   1700.	   1200.	.48511E-01	.78484E-01	.16179E+01
   1700.	   1250.	.34367E-01	.55537E-01	.16160E+01
   1700.	   1300.	.24521E-01	.39594E-01	.16147E+01
   1700.	   1350.	.17614E-01	.28394E-01	.16120E+01
   1700.	   1400.	.12733E-01	.20509E-01	.16106E+01
   1700.	   1450.	.92615E-02	.14890E-01	.16077E+01
   1700.	   1500.	.67756E-02	.10874E-01	.16049E+01
   1700.	   1550.	.49847E-02	.79888E-02	.16027E+01
   1700.	   1600.	.36870E-02	.58886E-02	.15971E+01
   1700.	   1650.	.27413E-02	.43485E-02	.15863E+01
   1700.	   1700.	.20482E-02	.31823E-02	.15537E+01
   1700.	   1750.	.15380E-02	.23267E-02	.15128E+01
   1700.	   1800.	.11602E-02	.17418E-02	.15013E+01
   1700.	   1850.	.87913E-03	.13056E-02	.14851E+01
   1700.	   1900.	.66903E-03	.10062E-02	.15040E+01
   1700.	   1950.	.51125E-03	.77217E-03	.15104E+01
   1700.	   2000.	.39222E-03	.59419E-03	.15149E+01
   1750.	    200.	.30017E+04	.42315E+04	.14097E+01
   1750.	    250.	.98504E+03	.14150E+04	.14365E+01
   1750.	    300.	.38299E+03	.55824E+03	.14576E+01
   1750.	    350.	.16764E+03	.24729E+03	.14751E+01
   1750.	    400.	.80091E+02	.11937E+03	.14904E+01
   1750.	    450.	.40921E+02	.61577E+02	.15048E+01
   1750.	    500.	.22049E+02	.33403E+02	.15150E+01
   1750.	    550.	.12402E+02	.18961E+02	.15289E+01
   1750.	    600.	.72274E+01	.11123E+02	.15390E+01
   1750.	    650.	.43388E+01	.67361E+01	.15525E+01
   1750.	    700.	.26712E+01	.41777E+01	.15640E+01
   1750.	    750.	.16804E+01	.26461E+01	.15747E+01
   1750.	    800.	.10771E+01	.17055E+01	.15834E+01
   1750.	    850.	.70186E+00	.11169E+01	.15913E+01
   1750.	    900.	.46401E+00	.74159E+00	.15982E+01
   1750.	    950.	.31075E+00	.49894E+00	.16056E+01
   1750.	   1000.	.21053E+00	.33923E+00	.16113E+01
   1750.	   1050.	.14413E+00	.23305E+00	.16169E+01
   1750.	   1100.	.99623E-01	.16154E+00	.16215E+01
   1750.	   1150.	.69462E-01	.11224E+00	.16159E+01
   1750.	   1200.	.48824E-01	.79179E-01	.16217E+01
   1750.	   1250.	.34576E-01	.56115E-01	.16230E+01
   1750.	   1300.	.24658E-01	.40006E-01	.16224E+01
   1750.	   1350.	.17701E-01	.28693E-01	.16210E+01
   1750.	   1400.	.12787E-01	.20668E-01	.16164E+01
   1750.	   1450.	.92914E-02	.15016E-01	.16161E+01
   1750.	   1500.	.67901E-02	.10947E-01	.16122E+01
   1750.	   1550.	.49892E-02	.80320E-02	.16099E+01
   1750.	   1600.	.36853E-02	.59240E-02	.16075E+01
   1750.	   1650.	.27359E-02	.43831E-02	.16021E+01
   1750.	   1700.	.20410E-02	.32482E-02	.15915E+01
   1751.	   1750.	.15297E-02	.23851E-02	.15592E+01
   1750.	   1800.	.11519E-02	.17486E-02	.15180E+01
   1750.	   1850.	.87118E-03	.13121E-02	.15061E+01
   1750.	   1900.	.66168E-03	.98571E-03	.14897E+01
   1750.	   1950.	.50462E-03	.76073E-03	.15075E+01
   1750.	   2000.	.38635E-03	.58458E-03	.15131E+01
   1800.	    200.	.30025E+04	.42344E+04	.14103E+01
   1800.	    250.	.98548E+03	.14150E+04	.14358E+01
   1800.	    300.	.38326E+03	.55841E+03	.14570E+01
   1800.	    350.	.16781E+03	.24779E+03	.14766E+01
   1800.	    400.	.80201E+02	.11942E+03	.14890E+01
   1800.	    450.	.40994E+02	.61566E+02	.15018E+01
   1800.	    500.	.22098E+02	.33467E+02	.15145E+01
   1800.	    550.	.12436E+02	.18990E+02	.15271E+01
   1800.	    600.	.72508E+01	.11167E+02	.15401E+01
   1800.	    650.	.43551E+01	.67563E+01	.15514E+01
   1800.	    700.	.26825E+01	.41896E+01	.15618E+01
   1800.	    750.	.16884E+01	.26519E+01	.15707E+01
   1800.	    800.	.10828E+01	.17144E+01	.15834E+01
   1800.	    850.	.70584E+00	.11206E+01	.15876E+01
   1800.	    900.	.46683E+00	.74655E+00	.15992E+01
   1800.	    950.	.31274E+00	.50277E+00	.16076E+01
   1800.	   1000.	.21194E+00	.34231E+00	.16151E+01
   1800.	   1050.	.14512E+00	.23470E+00	.16173E+01
   1800.	   1100.	.10031E+00	.16290E+00	.16239E+01
   1800.	   1150.	.69943E-01	.11386E+00	.16279E+01
   1800.	   1200.	.49156E-01	.79873E-01	.16249E+01
   1800.	   1250.	.34802E-01	.56602E-01	.16264E+01
   1800.	   1300.	.24810E-01	.40340E-01	.16259E+01
   1800.	   1350.	.17801E-01	.28985E-01	.16283E+01
   1800.	   1400.	.12850E-01	.20898E-01	.16263E+01
   1800.	   1450.	.93301E-02	.15125E-01	.16211E+01
   1800.	   1500.	.68119E-02	.11041E-01	.16208E+01
   1800.	   1550.	.49998E-02	.80835E-02	.16168E+01
   1800.	   1600.	.36885E-02	.59540E-02	.16142E+01
   1800.	   1650.	.27345E-02	.44083E-02	.16121E+01
   1800.	   1700.	.20369E-02	.32733E-02	.16070E+01
   1800.	   1750.	.15243E-02	.24336E-02	.15966E+01
   1800.	   1800.	.11457E-02	.17925E-02	.15646E+01
   1800.	   1850.	.86495E-03	.13174E-02	.15230E+01
   1800.	   1900.	.65570E-03	.99066E-03	.15108E+01
   1800.	   1950.	.49908E-03	.74575E-03	.14942E+01
   1800.	   2000.	.38135E-03	.57623E-03	.15110E+01
   1850.	    200.	.30033E+04	.42324E+04	.14093E+01
   1850.	    250.	.98590E+03	.14157E+04	.14360E+01
   1850.	    300.	.38351E+03	.55841E+03	.14560E+01
   1850.	    350.	.16797E+03	.24770E+03	.14746E+01
   1850.	    400.	.80306E+02	.11973E+03	.14909E+01
   1850.	    450.	.41064E+02	.61713E+02	.15028E+01
   1850.	    500.	.22145E+02	.33510E+02	.15132E+01
   1850.	    550.	.12468E+02	.19024E+02	.15258E+01
   1850.	    600.	.72732E+01	.11195E+02	.15392E+01
   1850.	    650.	.43708E+01	.67694E+01	.15488E+01
   1850.	    700.	.26936E+01	.42038E+01	.15607E+01
   1850.	    750.	.16962E+01	.26564E+01	.15661E+01
   1850.	    800.	.10883E+01	.17192E+01	.15797E+01
   1850.	    850.	.70977E+00	.11274E+01	.15884E+01
   1850.	    900.	.46963E+00	.75070E+00	.15985E+01
   1850.	    950.	.31473E+00	.50670E+00	.16099E+01
   1850.	   1000.	.21335E+00	.34421E+00	.16134E+01
   1850.	   1050.	.14612E+00	.23644E+00	.16181E+01
   1850.	   1100.	.10102E+00	.16393E+00	.16227E+01
   1850.	   1150.	.70440E-01	.11471E+00	.16284E+01
   1850.	   1200.	.49503E-01	.80696E-01	.16301E+01
   1850.	   1250.	.35043E-01	.57107E-01	.16296E+01
   1850.	   1300.	.24974E-01	.40742E-01	.16314E+01
   1850.	   1350.	.17912E-01	.29220E-01	.16313E+01
   1850.	   1400.	.12923E-01	.21101E-01	.16328E+01
   1850.	   1450.	.93767E-02	.15279E-01	.16295E+01
   1850.	   1500.	.68403E-02	.11122E-01	.16260E+01
   1850.	   1550.	.50158E-02	.81556E-02	.16260E+01
   1850.	   1600.	.36962E-02	.59955E-02	.16221E+01
   1850.	   1650.	.27368E-02	.44302E-02	.16187E+01
   1850.	   1700.	.20358E-02	.32913E-02	.16167E+01
   1850.	   1750.	.15212E-02	.24518E-02	.16118E+01
   1850.	   1800.	.11416E-02	.18283E-02	.16016E+01
   1851.	   1850.	.86022E-03	.13505E-02	.15699E+01
   1850.	   1900.	.65099E-03	.99471E-03	.15280E+01
   1850.	   1950.	.49457E-03	.74952E-03	.15155E+01
   1850.	   2000.	.37717E-03	.56527E-03	.14987E+01
   1900.	    200.	.30039E+04	.42326E+04	.14090E+01
   1900.	    250.	.98629E+03	.14155E+04	.14351E+01
   1900.	    300.	.38375E+03	.55843E+03	.14552E+01
   1900.	    350.	.16812E+03	.24759E+03	.14727E+01
   1900.	    400.	.80405E+02	.11949E+03	.14861E+01
   1900.	    450.	.41130E+02	.61684E+02	.14997E+01
   1900.	    500.	.22190E+02	.33544E+02	.15116E+01
   1900.	    550.	.12499E+02	.19030E+02	.15225E+01
   1900.	    600.	.72948E+01	.11209E+02	.15366E+01
   1900.	    650.	.43859E+01	.67868E+01	.15474E+01
   1900.	    700.	.27043E+01	.42091E+01	.15565E+01
   1900.	    750.	.17038E+01	.26705E+01	.15674E+01
   1900.	    800.	.10937E+01	.17229E+01	.15753E+01
   1900.	    850.	.71364E+00	.11326E+01	.15870E+01
   1900.	    900.	.47239E+00	.75460E+00	.15974E+01
   1900.	    950.	.31671E+00	.50843E+00	.16053E+01
   1900.	   1000.	.21477E+00	.34610E+00	.16115E+01
   1900.	   1050.	.14713E+00	.23837E+00	.16201E+01
   1900.	   1100.	.10174E+00	.16559E+00	.16275E+01
   1900.	   1150.	.70950E-01	.11559E+00	.16292E+01
   1900.	   1200.	.49863E-01	.81510E-01	.16347E+01
   1900.	   1250.	.35295E-01	.57616E-01	.16324E+01
   1900.	   1300.	.25149E-01	.41170E-01	.16370E+01
   1900.	   1350.	.18032E-01	.29508E-01	.16364E+01
   1900.	   1400.	.13004E-01	.21259E-01	.16348E+01
   1900.	   1450.	.94302E-02	.15454E-01	.16388E+01
   1900.	   1500.	.68745E-02	.11231E-01	.16337E+01
   1900.	   1550.	.50367E-02	.82110E-02	.16302E+01
   1900.	   1600.	.37080E-02	.60472E-02	.16309E+01
   1900.	   1650.	.27425E-02	.44609E-02	.16266E+01
   1900.	   1700.	.20375E-02	.33076E-02	.16234E+01
   1900.	   1750.	.15203E-02	.24651E-02	.16214E+01
   1900.	   1800.	.11392E-02	.18416E-02	.16166E+01
   1900.	   1850.	.85713E-03	.13770E-02	.16066E+01
   1900.	   1900.	.64742E-03	.10198E-02	.15751E+01
   1900.	   1950.	.49101E-03	.75264E-03	.15328E+01
   1900.	   2000.	.37376E-03	.56813E-03	.15201E+01
   1950.	    200.	.30046E+04	.42325E+04	.14087E+01
   1950.	    250.	.98666E+03	.14160E+04	.14352E+01
   1950.	    300.	.38398E+03	.55852E+03	.14546E+01
   1950.	    350.	.16827E+03	.24753E+03	.14711E+01
   1950.	    400.	.80499E+02	.11959E+03	.14857E+01
   1950.	    450.	.41193E+02	.61692E+02	.14976E+01
   1950.	    500.	.22233E+02	.33607E+02	.15115E+01
   1950.	    550.	.12529E+02	.19062E+02	.15214E+01
   1950.	    600.	.73156E+01	.11205E+02	.15317E+01
   1950.	    650.	.44006E+01	.67927E+01	.15436E+01
   1950.	    700.	.27147E+01	.42163E+01	.15531E+01
   1950.	    750.	.17112E+01	.26775E+01	.15647E+01
   1950.	    800.	.10990E+01	.17344E+01	.15782E+01
   1950.	    850.	.71744E+00	.11381E+01	.15864E+01
   1950.	    900.	.47513E+00	.75714E+00	.15936E+01
   1950.	    950.	.31868E+00	.51166E+00	.16056E+01
   1950.	   1000.	.21618E+00	.34779E+00	.16088E+01
   1950.	   1050.	.14815E+00	.23995E+00	.16197E+01
   1950.	   1100.	.10247E+00	.16656E+00	.16254E+01
   1950.	   1150.	.71470E-01	.11665E+00	.16321E+01
   1950.	   1200.	.50233E-01	.82084E-01	.16341E+01
   1950.	   1250.	.35557E-01	.58336E-01	.16407E+01
   1950.	   1300.	.25333E-01	.41442E-01	.16358E+01
   1950.	   1350.	.18160E-01	.29803E-01	.16411E+01
   1950.	   1400.	.13092E-01	.21490E-01	.16414E+01
   1950.	   1450.	.94899E-02	.15552E-01	.16388E+01
   1950.	   1500.	.69140E-02	.11353E-01	.16420E+01
   1950.	   1550.	.50619E-02	.82907E-02	.16378E+01
   1950.	   1600.	.37234E-02	.60949E-02	.16369E+01
   1950.	   1650.	.27512E-02	.44995E-02	.16355E+01
   1950.	   1700.	.20417E-02	.33301E-02	.16311E+01
   1950.	   1750.	.15215E-02	.24768E-02	.16278E+01
   1950.	   1800.	.11385E-02	.18514E-02	.16261E+01
   1950.	   1850.	.85533E-03	.13868E-02	.16213E+01
   1950.	   1900.	.64508E-03	.10396E-02	.16115E+01
   1951.	   1950.	.48831E-03	.77168E-03	.15803E+01
   1950.	   2000.	.37106E-03	.57055E-03	.15376E+01
   2000.	    200.	.30052E+04	.42323E+04	.14083E+01
   2000.	    250.	.98701E+03	.14160E+04	.14347E+01
   2000.	    300.	.38419E+03	.55864E+03	.14541E+01
   2000.	    350.	.16840E+03	.24758E+03	.14701E+01
   2000.	    400.	.80588E+02	.11964E+03	.14847E+01
   2000.	    450.	.41253E+02	.61851E+02	.14993E+01
   2000.	    500.	.22275E+02	.33616E+02	.15092E+01
   2000.	    550.	.12557E+02	.19104E+02	.15214E+01
   2000.	    600.	.73356E+01	.11227E+02	.15305E+01
   2000.	    650.	.44147E+01	.68025E+01	.15409E+01
   2000.	    700.	.27247E+01	.42357E+01	.15545E+01
   2000.	    750.	.17184E+01	.26848E+01	.15624E+01
   2000.	    800.	.11042E+01	.17342E+01	.15706E+01
   2000.	    850.	.72117E+00	.11423E+01	.15839E+01
   2000.	    900.	.47781E+00	.76070E+00	.15920E+01
   2000.	    950.	.32062E+00	.51402E+00	.16032E+01
   2000.	   1000.	.21758E+00	.35064E+00	.16115E+01
   2000.	   1050.	.14916E+00	.24150E+00	.16190E+01
   2000.	   1100.	.10320E+00	.16772E+00	.16251E+01
   2000.	   1150.	.71997E-01	.11764E+00	.16340E+01
   2000.	   1200.	.50611E-01	.82748E-01	.16350E+01
   2000.	   1250.	.35827E-01	.58837E-01	.16423E+01
   2000.	   1300.	.25525E-01	.42039E-01	.16470E+01
   2000.	   1350.	.18295E-01	.30021E-01	.16409E+01
   2000.	   1400.	.13187E-01	.21718E-01	.16470E+01
   2000.	   1450.	.95550E-02	.15752E-01	.16485E+01
   2000.	   1500.	.69581E-02	.11432E-01	.16430E+01
   2000.	   1550.	.50912E-02	.83865E-02	.16473E+01
   2000.	   1600.	.37422E-02	.61494E-02	.16433E+01
   2000.	   1650.	.27626E-02	.45389E-02	.16430E+01
   2000.	   1700.	.20481E-02	.33600E-02	.16405E+01
   2000.	   1750.	.15246E-02	.24936E-02	.16356E+01
   2000.	   1800.	.11394E-02	.18602E-02	.16327E+01
   2000.	   1850.	.85479E-03	.13938E-02	.16306E+01
   2000.	   1900.	.64370E-03	.10467E-02	.16260E+01
   2000.	   1950.	.48652E-03	.78641E-03	.16164E+01
   2000.	   2000.	.36901E-03	.58503E-03	.15854E+01
