    200.	    200.	.88309E+03	.11955E+04	.13538E+01
    200.	    250.	.86429E+03	.11519E+04	.13328E+01
    200.	    300.	.82930E+03	.10802E+04	.13026E+01
    200.	    350.	.79843E+03	.10385E+04	.13006E+01
    200.	    400.	.77167E+03	.10092E+04	.13078E+01
    200.	    450.	.74863E+03	.98308E+03	.13132E+01
    200.	    500.	.72884E+03	.96191E+03	.13198E+01
    200.	    550.	.71181E+03	.94559E+03	.13284E+01
    200.	    600.	.69712E+03	.92825E+03	.13316E+01
    200.	    650.	.68439E+03	.91352E+03	.13348E+01
    200.	    700.	.67333E+03	.90027E+03	.13370E+01
    200.	    750.	.66367E+03	.88901E+03	.13395E+01
    200.	    800.	.65519E+03	.87853E+03	.13409E+01
    200.	    850.	.64773E+03	.86925E+03	.13420E+01
    200.	    900.	.64113E+03	.86130E+03	.13434E+01
    200.	    950.	.63526E+03	.85404E+03	.13444E+01
    200.	   1000.	.63003E+03	.84775E+03	.13456E+01
    200.	   1050.	.62536E+03	.84251E+03	.13472E+01
    200.	   1100.	.62116E+03	.83732E+03	.13480E+01
    200.	   1150.	.61738E+03	.83279E+03	.13489E+01
    200.	   1200.	.61396E+03	.82863E+03	.13496E+01
    200.	   1250.	.61087E+03	.82500E+03	.13505E+01
    200.	   1300.	.60805E+03	.82155E+03	.13511E+01
    200.	   1350.	.60549E+03	.81846E+03	.13517E+01
    200.	   1400.	.60315E+03	.81548E+03	.13520E+01
    200.	   1450.	.60101E+03	.81286E+03	.13525E+01
    200.	   1500.	.59904E+03	.81043E+03	.13529E+01
    200.	   1550.	.59723E+03	.80827E+03	.13534E+01
    200.	   1600.	.59556E+03	.80617E+03	.13536E+01
    200.	   1650.	.59402E+03	.80425E+03	.13539E+01
    200.	   1700.	.59260E+03	.80250E+03	.13542E+01
    200.	   1750.	.59127E+03	.80099E+03	.13547E+01
    200.	   1800.	.59005E+03	.79948E+03	.13550E+01
    200.	   1850.	.58891E+03	.79803E+03	.13551E+01
    200.	   1900.	.58784E+03	.79668E+03	.13553E+01
    200.	   1950.	.58685E+03	.79544E+03	.13554E+01
    200.	   2000.	.58592E+03	.79428E+03	.13556E+01
    250.	    200.	.33914E+03	.43491E+03	.12824E+01
    251.	    250.	.32126E+03	.43616E+03	.13576E+01
    250.	    300.	.31463E+03	.42376E+03	.13469E+01
    250.	    350.	.30290E+03	.39602E+03	.13074E+01
    250.	    400.	.29216E+03	.37981E+03	.13000E+01
    250.	    450.	.28249E+03	.36835E+03	.13039E+01
    250.	    500.	.27387E+03	.35891E+03	.13105E+01
    250.	    550.	.26623E+03	.35016E+03	.13153E+01
    250.	    600.	.25945E+03	.34272E+03	.13209E+01
    250.	    650.	.25346E+03	.33719E+03	.13304E+01
    250.	    700.	.24814E+03	.33071E+03	.13328E+01
    250.	    750.	.24341E+03	.32538E+03	.13368E+01
    250.	    800.	.23920E+03	.32062E+03	.13404E+01
    250.	    850.	.23543E+03	.31594E+03	.13419E+01
    250.	    900.	.23207E+03	.31202E+03	.13445E+01
    250.	    950.	.22904E+03	.30823E+03	.13457E+01
    250.	   1000.	.22632E+03	.30489E+03	.13472E+01
    250.	   1050.	.22386E+03	.30191E+03	.13487E+01
    250.	   1100.	.22163E+03	.29920E+03	.13500E+01
    250.	   1150.	.21961E+03	.29685E+03	.13517E+01
    250.	   1200.	.21777E+03	.29467E+03	.13531E+01
    250.	   1250.	.21610E+03	.29275E+03	.13547E+01
    250.	   1300.	.21456E+03	.29087E+03	.13556E+01
    250.	   1350.	.21316E+03	.28914E+03	.13564E+01
    250.	   1400.	.21187E+03	.28764E+03	.13576E+01
    250.	   1450.	.21068E+03	.28616E+03	.13583E+01
    250.	   1500.	.20959E+03	.28485E+03	.13591E+01
    250.	   1550.	.20858E+03	.28363E+03	.13598E+01
    250.	   1600.	.20764E+03	.28244E+03	.13602E+01
    250.	   1650.	.20678E+03	.28138E+03	.13608E+01
    250.	   1700.	.20597E+03	.28043E+03	.13615E+01
    250.	   1750.	.20523E+03	.27952E+03	.13620E+01
    250.	   1800.	.20453E+03	.27865E+03	.13624E+01
    250.	   1850.	.20388E+03	.27788E+03	.13630E+01
    250.	   1900.	.20327E+03	.27715E+03	.13634E+01
    250.	   1950.	.20270E+03	.27646E+03	.13639E+01
    250.	   2000.	.20217E+03	.27580E+03	.13642E+01
    300.	    200.	.14851E+03	.19118E+03	.12873E+01
    300.	    250.	.14436E+03	.18576E+03	.12868E+01
    300.	    300.	.13759E+03	.18655E+03	.13559E+01
    300.	    350.	.13488E+03	.18243E+03	.13526E+01
    300.	    400.	.13024E+03	.17065E+03	.13103E+01
    300.	    450.	.12588E+03	.16342E+03	.12983E+01
    300.	    500.	.12185E+03	.15804E+03	.12969E+01
    300.	    550.	.11818E+03	.15405E+03	.13035E+01
    300.	    600.	.11483E+03	.15036E+03	.13093E+01
    300.	    650.	.11181E+03	.14695E+03	.13143E+01
    300.	    700.	.10908E+03	.14392E+03	.13195E+01
    300.	    750.	.10661E+03	.14153E+03	.13276E+01
    300.	    800.	.10437E+03	.13890E+03	.13308E+01
    300.	    850.	.10235E+03	.13663E+03	.13349E+01
    300.	    900.	.10052E+03	.13442E+03	.13373E+01
    300.	    950.	.98855E+02	.13228E+03	.13382E+01
    300.	   1000.	.97343E+02	.13058E+03	.13414E+01
    300.	   1050.	.95965E+02	.12892E+03	.13434E+01
    300.	   1100.	.94708E+02	.12736E+03	.13448E+01
    300.	   1150.	.93558E+02	.12599E+03	.13467E+01
    300.	   1200.	.92505E+02	.12467E+03	.13477E+01
    300.	   1250.	.91538E+02	.12357E+03	.13499E+01
    300.	   1300.	.90649E+02	.12257E+03	.13521E+01
    300.	   1350.	.89830E+02	.12156E+03	.13532E+01
    300.	   1400.	.89074E+02	.12066E+03	.13547E+01
    300.	   1450.	.88375E+02	.11984E+03	.13561E+01
    300.	   1500.	.87728E+02	.11907E+03	.13573E+01
    300.	   1550.	.87128E+02	.11835E+03	.13583E+01
    300.	   1600.	.86571E+02	.11766E+03	.13592E+01
    300.	   1650.	.86052E+02	.11705E+03	.13602E+01
    300.	   1700.	.85569E+02	.11646E+03	.13610E+01
    300.	   1750.	.85118E+02	.11590E+03	.13616E+01
    300.	   1800.	.84697E+02	.11539E+03	.13623E+01
    300.	   1850.	.84303E+02	.11493E+03	.13633E+01
    300.	   1900.	.83934E+02	.11447E+03	.13638E+01
    300.	   1950.	.83588E+02	.11405E+03	.13645E+01
    300.	   2000.	.83263E+02	.11365E+03	.13650E+01
    350.	    200.	.72219E+02	.93612E+02	.12962E+01
    350.	    250.	.70785E+02	.90956E+02	.12850E+01
    350.	    300.	.68932E+02	.88768E+02	.12878E+01
    351.	    350.	.66006E+02	.89185E+02	.13512E+01
    350.	    400.	.64778E+02	.87698E+02	.13538E+01
    350.	    450.	.62713E+02	.82189E+02	.13105E+01
    350.	    500.	.60741E+02	.78723E+02	.12960E+01
    350.	    550.	.58884E+02	.75916E+02	.12892E+01
    350.	    600.	.57156E+02	.73990E+02	.12945E+01
    350.	    650.	.55558E+02	.72246E+02	.13004E+01
    350.	    700.	.54086E+02	.70528E+02	.13040E+01
    350.	    750.	.52734E+02	.69047E+02	.13093E+01
    350.	    800.	.51494E+02	.67649E+02	.13137E+01
    350.	    850.	.50357E+02	.66561E+02	.13218E+01
    350.	    900.	.49314E+02	.65327E+02	.13247E+01
    350.	    950.	.48358E+02	.64250E+02	.13286E+01
    350.	   1000.	.47480E+02	.63175E+02	.13306E+01
    350.	   1050.	.46673E+02	.62228E+02	.13333E+01
    350.	   1100.	.45931E+02	.61358E+02	.13359E+01
    350.	   1150.	.45248E+02	.60546E+02	.13381E+01
    350.	   1200.	.44617E+02	.59752E+02	.13392E+01
    350.	   1250.	.44034E+02	.59047E+02	.13409E+01
    350.	   1300.	.43496E+02	.58399E+02	.13426E+01
    350.	   1350.	.42997E+02	.57807E+02	.13444E+01
    350.	   1400.	.42534E+02	.57255E+02	.13461E+01
    350.	   1450.	.42104E+02	.56767E+02	.13482E+01
    350.	   1500.	.41704E+02	.56293E+02	.13498E+01
    350.	   1550.	.41332E+02	.55866E+02	.13516E+01
    350.	   1600.	.40985E+02	.55442E+02	.13528E+01
    350.	   1650.	.40661E+02	.55070E+02	.13544E+01
    350.	   1700.	.40358E+02	.54690E+02	.13551E+01
    350.	   1750.	.40074E+02	.54346E+02	.13561E+01
    350.	   1800.	.39808E+02	.54041E+02	.13575E+01
    350.	   1850.	.39559E+02	.53732E+02	.13583E+01
    350.	   1900.	.39325E+02	.53446E+02	.13591E+01
    350.	   1950.	.39105E+02	.53183E+02	.13600E+01
    350.	   2000.	.38897E+02	.52944E+02	.13611E+01
    400.	    200.	.37911E+02	.49392E+02	.13029E+01
    400.	    250.	.37444E+02	.48296E+02	.12898E+01
    400.	    300.	.36708E+02	.47050E+02	.12817E+01
    400.	    350.	.35809E+02	.46072E+02	.12866E+01
    400.	    400.	.34419E+02	.46287E+02	.13448E+01
    400.	    450.	.33817E+02	.45732E+02	.13523E+01
    400.	    500.	.32816E+02	.43011E+02	.13107E+01
    400.	    550.	.31847E+02	.41137E+02	.12917E+01
    400.	    600.	.30921E+02	.39717E+02	.12845E+01
    400.	    650.	.30047E+02	.38610E+02	.12850E+01
    400.	    700.	.29227E+02	.37716E+02	.12904E+01
    400.	    750.	.28462E+02	.36841E+02	.12944E+01
    400.	    800.	.27750E+02	.36028E+02	.12983E+01
    400.	    850.	.27089E+02	.35300E+02	.13031E+01
    400.	    900.	.26476E+02	.34649E+02	.13087E+01
    400.	    950.	.25907E+02	.34057E+02	.13146E+01
    400.	   1000.	.25381E+02	.33448E+02	.13178E+01
    400.	   1050.	.24893E+02	.32885E+02	.13211E+01
    400.	   1100.	.24440E+02	.32341E+02	.13233E+01
    400.	   1150.	.24020E+02	.31850E+02	.13260E+01
    400.	   1200.	.23630E+02	.31393E+02	.13285E+01
    400.	   1250.	.23268E+02	.30966E+02	.13308E+01
    400.	   1300.	.22931E+02	.30547E+02	.13322E+01
    400.	   1350.	.22617E+02	.30160E+02	.13335E+01
    400.	   1400.	.22324E+02	.29818E+02	.13357E+01
    400.	   1450.	.22051E+02	.29477E+02	.13368E+01
    400.	   1500.	.21796E+02	.29177E+02	.13386E+01
    400.	   1550.	.21557E+02	.28913E+02	.13412E+01
    400.	   1600.	.21334E+02	.28639E+02	.13424E+01
    400.	   1650.	.21125E+02	.28397E+02	.13442E+01
    400.	   1700.	.20929E+02	.28166E+02	.13458E+01
    400.	   1750.	.20745E+02	.27952E+02	.13474E+01
    400.	   1800.	.20572E+02	.27750E+02	.13490E+01
    400.	   1850.	.20409E+02	.27548E+02	.13498E+01
    400.	   1900.	.20255E+02	.27366E+02	.13511E+01
    400.	   1950.	.20111E+02	.27194E+02	.13522E+01
    400.	   2000.	.19974E+02	.27028E+02	.13532E+01
    450.	    200.	.21096E+02	.27568E+02	.13068E+01
    450.	    250.	.20978E+02	.27150E+02	.12942E+01
    450.	    300.	.20697E+02	.26568E+02	.12837E+01
    450.	    350.	.20303E+02	.25945E+02	.12779E+01
    450.	    400.	.19838E+02	.25473E+02	.12841E+01
    451.	    450.	.19128E+02	.25586E+02	.13376E+01
    450.	    500.	.18814E+02	.25368E+02	.13483E+01
    450.	    550.	.18296E+02	.23961E+02	.13097E+01
    450.	    600.	.17788E+02	.22894E+02	.12871E+01
    450.	    650.	.17298E+02	.22125E+02	.12791E+01
    450.	    700.	.16829E+02	.21497E+02	.12774E+01
    450.	    750.	.16385E+02	.20984E+02	.12807E+01
    450.	    800.	.15966E+02	.20538E+02	.12864E+01
    450.	    850.	.15572E+02	.20071E+02	.12890E+01
    450.	    900.	.15202E+02	.19662E+02	.12934E+01
    450.	    950.	.14855E+02	.19254E+02	.12961E+01
    450.	   1000.	.14531E+02	.18907E+02	.13011E+01
    450.	   1050.	.14229E+02	.18597E+02	.13070E+01
    450.	   1100.	.13946E+02	.18282E+02	.13110E+01
    450.	   1150.	.13681E+02	.17967E+02	.13133E+01
    450.	   1200.	.13434E+02	.17668E+02	.13152E+01
    450.	   1250.	.13203E+02	.17401E+02	.13180E+01
    450.	   1300.	.12987E+02	.17147E+02	.13204E+01
    450.	   1350.	.12784E+02	.16902E+02	.13221E+01
    450.	   1400.	.12595E+02	.16670E+02	.13236E+01
    450.	   1450.	.12417E+02	.16452E+02	.13249E+01
    450.	   1500.	.12250E+02	.16260E+02	.13273E+01
    450.	   1550.	.12094E+02	.16066E+02	.13285E+01
    450.	   1600.	.11947E+02	.15893E+02	.13303E+01
    450.	   1650.	.11808E+02	.15737E+02	.13327E+01
    450.	   1700.	.11678E+02	.15584E+02	.13345E+01
    450.	   1750.	.11556E+02	.15443E+02	.13364E+01
    450.	   1800.	.11440E+02	.15306E+02	.13379E+01
    450.	   1850.	.11331E+02	.15175E+02	.13392E+01
    450.	   1900.	.11228E+02	.15057E+02	.13410E+01
    450.	   1950.	.11131E+02	.14936E+02	.13418E+01
    450.	   2000.	.11039E+02	.14825E+02	.13430E+01
    500.	    200.	.12291E+02	.16084E+02	.13086E+01
    500.	    250.	.12294E+02	.15946E+02	.12970E+01
    500.	    300.	.12200E+02	.15695E+02	.12864E+01
    500.	    350.	.12033E+02	.15376E+02	.12778E+01
    500.	    400.	.11813E+02	.15047E+02	.12738E+01
    500.	    450.	.11560E+02	.14804E+02	.12807E+01
    500.	    500.	.11176E+02	.14866E+02	.13301E+01
    500.	    550.	.11005E+02	.14780E+02	.13430E+01
    500.	    600.	.10721E+02	.14008E+02	.13066E+01
    500.	    650.	.10441E+02	.13405E+02	.12838E+01
    500.	    700.	.10169E+02	.12960E+02	.12745E+01
    500.	    750.	.99059E+01	.12577E+02	.12696E+01
    500.	    800.	.96543E+01	.12279E+02	.12719E+01
    500.	    850.	.94146E+01	.12008E+02	.12755E+01
    500.	    900.	.91873E+01	.11757E+02	.12797E+01
    500.	    950.	.89721E+01	.11501E+02	.12818E+01
    500.	   1000.	.87690E+01	.11278E+02	.12861E+01
    500.	   1050.	.85775E+01	.11061E+02	.12896E+01
    500.	   1100.	.83972E+01	.10874E+02	.12950E+01
    500.	   1150.	.82274E+01	.10686E+02	.12988E+01
    500.	   1200.	.80677E+01	.10509E+02	.13026E+01
    500.	   1250.	.79175E+01	.10336E+02	.13054E+01
    500.	   1300.	.77761E+01	.10164E+02	.13071E+01
    500.	   1350.	.76431E+01	.10006E+02	.13091E+01
    500.	   1400.	.75179E+01	.98589E+01	.13114E+01
    500.	   1450.	.74000E+01	.97196E+01	.13135E+01
    500.	   1500.	.72889E+01	.95884E+01	.13155E+01
    500.	   1550.	.71842E+01	.94570E+01	.13164E+01
    500.	   1600.	.70855E+01	.93402E+01	.13182E+01
    500.	   1650.	.69923E+01	.92264E+01	.13195E+01
    500.	   1700.	.69043E+01	.91244E+01	.13216E+01
    500.	   1750.	.68212E+01	.90278E+01	.13235E+01
    500.	   1800.	.67425E+01	.89388E+01	.13257E+01
    500.	   1850.	.66681E+01	.88495E+01	.13271E+01
    500.	   1900.	.65977E+01	.87688E+01	.13291E+01
    500.	   1950.	.65310E+01	.86886E+01	.13304E+01
    500.	   2000.	.64677E+01	.86153E+01	.13321E+01
    550.	    200.	.74318E+01	.97270E+01	.13088E+01
    550.	    250.	.74706E+01	.96988E+01	.12983E+01
    550.	    300.	.74524E+01	.96011E+01	.12883E+01
    550.	    350.	.73873E+01	.94504E+01	.12793E+01
    550.	    400.	.72864E+01	.92697E+01	.12722E+01
    550.	    450.	.71597E+01	.90891E+01	.12695E+01
    550.	    500.	.70158E+01	.89577E+01	.12768E+01
    551.	    550.	.67988E+01	.89920E+01	.13226E+01
    550.	    600.	.67012E+01	.89572E+01	.13367E+01
    550.	    650.	.65394E+01	.85229E+01	.13033E+01
    550.	    700.	.63786E+01	.81607E+01	.12794E+01
    550.	    750.	.62210E+01	.78932E+01	.12688E+01
    550.	    800.	.60678E+01	.76697E+01	.12640E+01
    550.	    850.	.59199E+01	.74845E+01	.12643E+01
    550.	    900.	.57780E+01	.73184E+01	.12666E+01
    550.	    950.	.56424E+01	.71745E+01	.12715E+01
    550.	   1000.	.55131E+01	.70198E+01	.12733E+01
    550.	   1050.	.53901E+01	.68813E+01	.12767E+01
    550.	   1100.	.52734E+01	.67454E+01	.12791E+01
    550.	   1150.	.51628E+01	.66229E+01	.12828E+01
    550.	   1200.	.50581E+01	.65167E+01	.12884E+01
    550.	   1250.	.49589E+01	.64051E+01	.12916E+01
    550.	   1300.	.48651E+01	.63002E+01	.12950E+01
    550.	   1350.	.47763E+01	.61953E+01	.12971E+01
    550.	   1400.	.46924E+01	.60947E+01	.12989E+01
    550.	   1450.	.46130E+01	.60004E+01	.13008E+01
    550.	   1500.	.45378E+01	.59133E+01	.13031E+01
    550.	   1550.	.44667E+01	.58281E+01	.13048E+01
    550.	   1600.	.43994E+01	.57493E+01	.13068E+01
    550.	   1650.	.43356E+01	.56700E+01	.13078E+01
    550.	   1700.	.42752E+01	.55981E+01	.13094E+01
    550.	   1750.	.42180E+01	.55295E+01	.13109E+01
    550.	   1800.	.41637E+01	.54652E+01	.13126E+01
    550.	   1850.	.41121E+01	.54049E+01	.13144E+01
    550.	   1900.	.40632E+01	.53498E+01	.13166E+01
    550.	   1950.	.40167E+01	.52934E+01	.13178E+01
    550.	   2000.	.39726E+01	.52428E+01	.13198E+01
    600.	    200.	.46335E+01	.60603E+01	.13079E+01
    600.	    250.	.46768E+01	.60716E+01	.12982E+01
    600.	    300.	.46868E+01	.60420E+01	.12891E+01
    600.	    350.	.46675E+01	.59765E+01	.12804E+01
    600.	    400.	.46242E+01	.58849E+01	.12726E+01
    600.	    450.	.45624E+01	.57796E+01	.12668E+01
    600.	    500.	.44870E+01	.56765E+01	.12651E+01
    600.	    550.	.44023E+01	.56025E+01	.12726E+01
    600.	    600.	.42748E+01	.56222E+01	.13152E+01
    600.	    650.	.42174E+01	.56110E+01	.13304E+01
    600.	    700.	.41218E+01	.53564E+01	.12995E+01
    600.	    750.	.40263E+01	.51408E+01	.12768E+01
    600.	    800.	.39320E+01	.49719E+01	.12645E+01
    600.	    850.	.38398E+01	.48350E+01	.12592E+01
    600.	    900.	.37502E+01	.47147E+01	.12572E+01
    600.	    950.	.36637E+01	.46147E+01	.12596E+01
    600.	   1000.	.35804E+01	.45204E+01	.12625E+01
    600.	   1050.	.35006E+01	.44269E+01	.12646E+01
    600.	   1100.	.34242E+01	.43384E+01	.12670E+01
    600.	   1150.	.33512E+01	.42587E+01	.12708E+01
    600.	   1200.	.32816E+01	.41776E+01	.12730E+01
    600.	   1250.	.32154E+01	.41063E+01	.12771E+01
    600.	   1300.	.31524E+01	.40386E+01	.12811E+01
    600.	   1350.	.30924E+01	.39734E+01	.12849E+01
    600.	   1400.	.30355E+01	.39076E+01	.12873E+01
    600.	   1450.	.29813E+01	.38420E+01	.12887E+01
    600.	   1500.	.29299E+01	.37820E+01	.12909E+01
    600.	   1550.	.28810E+01	.37247E+01	.12929E+01
    600.	   1600.	.28345E+01	.36697E+01	.12947E+01
    600.	   1650.	.27903E+01	.36176E+01	.12965E+01
    600.	   1700.	.27484E+01	.35685E+01	.12984E+01
    600.	   1750.	.27084E+01	.35186E+01	.12991E+01
    600.	   1800.	.26705E+01	.34738E+01	.13008E+01
    600.	   1850.	.26343E+01	.34305E+01	.13022E+01
    600.	   1900.	.25999E+01	.33896E+01	.13037E+01
    600.	   1950.	.25672E+01	.33513E+01	.13054E+01
    600.	   2000.	.25360E+01	.33165E+01	.13078E+01
    650.	    200.	.29639E+01	.38717E+01	.13063E+01
    650.	    250.	.30017E+01	.38939E+01	.12972E+01
    650.	    300.	.30201E+01	.38928E+01	.12889E+01
    650.	    350.	.30203E+01	.38686E+01	.12809E+01
    650.	    400.	.30046E+01	.38256E+01	.12732E+01
    650.	    450.	.29761E+01	.37692E+01	.12665E+01
    650.	    500.	.29376E+01	.37061E+01	.12616E+01
    650.	    550.	.28915E+01	.36454E+01	.12607E+01
    650.	    600.	.28402E+01	.36023E+01	.12683E+01
    651.	    650.	.27628E+01	.36140E+01	.13081E+01
    650.	    700.	.27281E+01	.36117E+01	.13239E+01
    650.	    750.	.26699E+01	.34590E+01	.12955E+01
    650.	    800.	.26115E+01	.33253E+01	.12733E+01
    650.	    850.	.25536E+01	.32154E+01	.12592E+01
    650.	    900.	.24966E+01	.31313E+01	.12542E+01
    650.	    950.	.24409E+01	.30532E+01	.12509E+01
    650.	   1000.	.23868E+01	.29874E+01	.12516E+01
    650.	   1050.	.23344E+01	.29280E+01	.12543E+01
    650.	   1100.	.22839E+01	.28728E+01	.12578E+01
    650.	   1150.	.22353E+01	.28153E+01	.12595E+01
    650.	   1200.	.21887E+01	.27640E+01	.12628E+01
    650.	   1250.	.21440E+01	.27107E+01	.12643E+01
    650.	   1300.	.21013E+01	.26627E+01	.12672E+01
    650.	   1350.	.20604E+01	.26196E+01	.12714E+01
    650.	   1400.	.20213E+01	.25768E+01	.12748E+01
    650.	   1450.	.19841E+01	.25346E+01	.12775E+01
    650.	   1500.	.19485E+01	.24938E+01	.12799E+01
    650.	   1550.	.19145E+01	.24523E+01	.12809E+01
    650.	   1600.	.18821E+01	.24150E+01	.12831E+01
    650.	   1650.	.18512E+01	.23794E+01	.12853E+01
    650.	   1700.	.18218E+01	.23444E+01	.12869E+01
    650.	   1750.	.17937E+01	.23111E+01	.12885E+01
    650.	   1800.	.17669E+01	.22795E+01	.12901E+01
    650.	   1850.	.17413E+01	.22483E+01	.12912E+01
    650.	   1900.	.17168E+01	.22192E+01	.12926E+01
    650.	   1950.	.16935E+01	.21912E+01	.12939E+01
    650.	   2000.	.16712E+01	.21646E+01	.12952E+01
    700.	    200.	.19378E+01	.25270E+01	.13041E+01
    700.	    250.	.19678E+01	.25493E+01	.12955E+01
    700.	    300.	.19866E+01	.25585E+01	.12879E+01
    700.	    350.	.19941E+01	.25536E+01	.12806E+01
    700.	    400.	.19913E+01	.25357E+01	.12734E+01
    700.	    450.	.19797E+01	.25075E+01	.12666E+01
    700.	    500.	.19609E+01	.24722E+01	.12607E+01
    700.	    550.	.19365E+01	.24336E+01	.12567E+01
    700.	    600.	.19077E+01	.23968E+01	.12564E+01
    700.	    650.	.18758E+01	.23710E+01	.12640E+01
    700.	    700.	.18276E+01	.23781E+01	.13012E+01
    700.	    750.	.18061E+01	.23793E+01	.13174E+01
    700.	    800.	.17698E+01	.22852E+01	.12912E+01
    700.	    850.	.17332E+01	.22008E+01	.12698E+01
    700.	    900.	.16967E+01	.21306E+01	.12558E+01
    700.	    950.	.16606E+01	.20761E+01	.12502E+01
    700.	   1000.	.16252E+01	.20244E+01	.12456E+01
    700.	   1050.	.15907E+01	.19823E+01	.12462E+01
    700.	   1100.	.15571E+01	.19432E+01	.12480E+01
    700.	   1150.	.15245E+01	.19069E+01	.12508E+01
    700.	   1200.	.14930E+01	.18691E+01	.12519E+01
    700.	   1250.	.14626E+01	.18339E+01	.12539E+01
    700.	   1300.	.14334E+01	.18009E+01	.12564E+01
    700.	   1350.	.14053E+01	.17694E+01	.12591E+01
    700.	   1400.	.13783E+01	.17394E+01	.12620E+01
    700.	   1450.	.13524E+01	.17114E+01	.12654E+01
    700.	   1500.	.13276E+01	.16846E+01	.12689E+01
    700.	   1550.	.13038E+01	.16581E+01	.12717E+01
    700.	   1600.	.12811E+01	.16307E+01	.12729E+01
    700.	   1650.	.12593E+01	.16047E+01	.12743E+01
    700.	   1700.	.12384E+01	.15798E+01	.12756E+01
    700.	   1750.	.12185E+01	.15568E+01	.12777E+01
    700.	   1800.	.11994E+01	.15345E+01	.12794E+01
    700.	   1850.	.11811E+01	.15133E+01	.12812E+01
    700.	   1900.	.11636E+01	.14921E+01	.12823E+01
    700.	   1950.	.11469E+01	.14716E+01	.12831E+01
    700.	   2000.	.11308E+01	.14526E+01	.12845E+01
    750.	    200.	.12909E+01	.16800E+01	.13014E+01
    750.	    250.	.13137E+01	.16989E+01	.12932E+01
    750.	    300.	.13301E+01	.17107E+01	.12862E+01
    750.	    350.	.13394E+01	.17138E+01	.12795E+01
    750.	    400.	.13422E+01	.17085E+01	.12729E+01
    750.	    450.	.13390E+01	.16958E+01	.12665E+01
    750.	    500.	.13307E+01	.16773E+01	.12605E+01
    750.	    550.	.13182E+01	.16548E+01	.12553E+01
    750.	    600.	.13025E+01	.16306E+01	.12519E+01
    750.	    650.	.12841E+01	.16078E+01	.12521E+01
    750.	    700.	.12638E+01	.15920E+01	.12597E+01
    751.	    750.	.12331E+01	.15964E+01	.12947E+01
    750.	    800.	.12195E+01	.15990E+01	.13112E+01
    750.	    850.	.11964E+01	.15399E+01	.12871E+01
    750.	    900.	.11729E+01	.14861E+01	.12669E+01
    750.	    950.	.11495E+01	.14397E+01	.12524E+01
    750.	   1000.	.11262E+01	.14021E+01	.12449E+01
    750.	   1050.	.11033E+01	.13688E+01	.12407E+01
    750.	   1100.	.10808E+01	.13402E+01	.12400E+01
    750.	   1150.	.10588E+01	.13145E+01	.12415E+01
    750.	   1200.	.10374E+01	.12896E+01	.12431E+01
    750.	   1250.	.10167E+01	.12663E+01	.12456E+01
    750.	   1300.	.99654E+00	.12421E+01	.12464E+01
    750.	   1350.	.97710E+00	.12210E+01	.12497E+01
    750.	   1400.	.95834E+00	.11991E+01	.12512E+01
    750.	   1450.	.94026E+00	.11790E+01	.12539E+01
    750.	   1500.	.92285E+00	.11603E+01	.12573E+01
    750.	   1550.	.90610E+00	.11416E+01	.12599E+01
    750.	   1600.	.89000E+00	.11241E+01	.12631E+01
    750.	   1650.	.87454E+00	.11060E+01	.12647E+01
    750.	   1700.	.85968E+00	.10886E+01	.12662E+01
    750.	   1750.	.84541E+00	.10716E+01	.12676E+01
    750.	   1800.	.83172E+00	.10561E+01	.12697E+01
    750.	   1850.	.81858E+00	.10401E+01	.12706E+01
    750.	   1900.	.80597E+00	.10253E+01	.12721E+01
    750.	   1950.	.79386E+00	.10114E+01	.12740E+01
    750.	   2000.	.78224E+00	.99719E+00	.12748E+01
    800.	    200.	.87408E+00	.11350E+01	.12985E+01
    800.	    250.	.89100E+00	.11499E+01	.12905E+01
    800.	    300.	.90424E+00	.11609E+01	.12839E+01
    800.	    350.	.91321E+00	.11669E+01	.12778E+01
    800.	    400.	.91790E+00	.11674E+01	.12718E+01
    800.	    450.	.91861E+00	.11628E+01	.12659E+01
    800.	    500.	.91579E+00	.11540E+01	.12601E+01
    800.	    550.	.90996E+00	.11417E+01	.12547E+01
    800.	    600.	.90164E+00	.11272E+01	.12501E+01
    800.	    650.	.89131E+00	.11118E+01	.12473E+01
    800.	    700.	.87939E+00	.10974E+01	.12479E+01
    800.	    750.	.86626E+00	.10875E+01	.12554E+01
    800.	    800.	.84625E+00	.10903E+01	.12884E+01
    800.	    850.	.83757E+00	.10932E+01	.13052E+01
    800.	    900.	.82252E+00	.10553E+01	.12830E+01
    800.	    950.	.80726E+00	.10199E+01	.12634E+01
    800.	   1000.	.79193E+00	.98841E+00	.12481E+01
    800.	   1050.	.77665E+00	.96359E+00	.12407E+01
    800.	   1100.	.76153E+00	.94203E+00	.12370E+01
    800.	   1150.	.74665E+00	.92159E+00	.12343E+01
    800.	   1200.	.73205E+00	.90440E+00	.12354E+01
    800.	   1250.	.71778E+00	.88804E+00	.12372E+01
    800.	   1300.	.70387E+00	.87261E+00	.12397E+01
    800.	   1350.	.69036E+00	.85679E+00	.12411E+01
    800.	   1400.	.67725E+00	.84144E+00	.12424E+01
    800.	   1450.	.66455E+00	.82701E+00	.12445E+01
    800.	   1500.	.65227E+00	.81323E+00	.12468E+01
    800.	   1550.	.64041E+00	.79999E+00	.12492E+01
    800.	   1600.	.62896E+00	.78773E+00	.12524E+01
    800.	   1650.	.61791E+00	.77591E+00	.12557E+01
    800.	   1700.	.60727E+00	.76362E+00	.12575E+01
    800.	   1750.	.59702E+00	.75129E+00	.12584E+01
    800.	   1800.	.58714E+00	.73949E+00	.12595E+01
    800.	   1850.	.57764E+00	.72849E+00	.12611E+01
    800.	   1900.	.56849E+00	.71813E+00	.12632E+01
    800.	   1950.	.55969E+00	.70757E+00	.12642E+01
    800.	   2000.	.55122E+00	.69745E+00	.12653E+01
    850.	    200.	.60032E+00	.77760E+00	.12953E+01
    850.	    250.	.61271E+00	.78887E+00	.12875E+01
    850.	    300.	.62303E+00	.79822E+00	.12812E+01
    850.	    350.	.63076E+00	.80457E+00	.12755E+01
    850.	    400.	.63575E+00	.80750E+00	.12701E+01
    850.	    450.	.63808E+00	.80699E+00	.12647E+01
    850.	    500.	.63798E+00	.80342E+00	.12593E+01
    850.	    550.	.63574E+00	.79725E+00	.12541E+01
    850.	    600.	.63166E+00	.78907E+00	.12492E+01
    850.	    650.	.62605E+00	.77957E+00	.12452E+01
    850.	    700.	.61919E+00	.76959E+00	.12429E+01
    850.	    750.	.61132E+00	.76035E+00	.12438E+01
    850.	    800.	.60268E+00	.75406E+00	.12512E+01
    851.	    850.	.58943E+00	.75586E+00	.12823E+01
    850.	    900.	.58379E+00	.75846E+00	.12992E+01
    850.	    950.	.57385E+00	.73390E+00	.12789E+01
    850.	   1000.	.56374E+00	.70992E+00	.12593E+01
    850.	   1050.	.55356E+00	.68909E+00	.12448E+01
    850.	   1100.	.54338E+00	.67229E+00	.12372E+01
    850.	   1150.	.53327E+00	.65744E+00	.12329E+01
    850.	   1200.	.52327E+00	.64342E+00	.12296E+01
    850.	   1250.	.51344E+00	.63179E+00	.12305E+01
    850.	   1300.	.50379E+00	.62047E+00	.12316E+01
    850.	   1350.	.49436E+00	.61013E+00	.12342E+01
    850.	   1400.	.48516E+00	.59888E+00	.12344E+01
    850.	   1450.	.47621E+00	.58859E+00	.12360E+01
    850.	   1500.	.46751E+00	.57905E+00	.12386E+01
    850.	   1550.	.45907E+00	.56931E+00	.12401E+01
    850.	   1600.	.45089E+00	.56003E+00	.12420E+01
    850.	   1650.	.44297E+00	.55139E+00	.12448E+01
    850.	   1700.	.43531E+00	.54307E+00	.12476E+01
    850.	   1750.	.42791E+00	.53491E+00	.12500E+01
    850.	   1800.	.42076E+00	.52680E+00	.12520E+01
    850.	   1850.	.41385E+00	.51862E+00	.12531E+01
    850.	   1900.	.40719E+00	.51041E+00	.12535E+01
    850.	   1950.	.40076E+00	.50306E+00	.12553E+01
    850.	   2000.	.39456E+00	.49571E+00	.12564E+01
    900.	    200.	.41749E+00	.53937E+00	.12919E+01
    900.	    250.	.42650E+00	.54771E+00	.12842E+01
    900.	    300.	.43438E+00	.55519E+00	.12781E+01
    900.	    350.	.44070E+00	.56095E+00	.12729E+01
    900.	    400.	.44526E+00	.56456E+00	.12679E+01
    900.	    450.	.44807E+00	.56592E+00	.12630E+01
    900.	    500.	.44921E+00	.56513E+00	.12581E+01
    900.	    550.	.44883E+00	.56245E+00	.12532E+01
    900.	    600.	.44713E+00	.55817E+00	.12483E+01
    900.	    650.	.44427E+00	.55266E+00	.12440E+01
    900.	    700.	.44045E+00	.54636E+00	.12405E+01
    900.	    750.	.43584E+00	.53982E+00	.12386E+01
    900.	    800.	.43057E+00	.53379E+00	.12397E+01
    900.	    850.	.42480E+00	.52973E+00	.12470E+01
    900.	    900.	.41590E+00	.53091E+00	.12765E+01
    900.	    950.	.41218E+00	.53309E+00	.12934E+01
    900.	   1000.	.40552E+00	.51687E+00	.12746E+01
    900.	   1050.	.39873E+00	.50079E+00	.12560E+01
    900.	   1100.	.39187E+00	.48657E+00	.12417E+01
    900.	   1150.	.38500E+00	.47477E+00	.12332E+01
    900.	   1200.	.37814E+00	.46478E+00	.12291E+01
    900.	   1250.	.37135E+00	.45494E+00	.12251E+01
    900.	   1300.	.36464E+00	.44676E+00	.12252E+01
    900.	   1350.	.35804E+00	.43929E+00	.12269E+01
    900.	   1400.	.35157E+00	.43168E+00	.12278E+01
    900.	   1450.	.34524E+00	.42448E+00	.12295E+01
    900.	   1500.	.33906E+00	.41706E+00	.12301E+01
    900.	   1550.	.33303E+00	.41065E+00	.12331E+01
    900.	   1600.	.32717E+00	.40389E+00	.12345E+01
    900.	   1650.	.32147E+00	.39725E+00	.12357E+01
    900.	   1700.	.31594E+00	.39113E+00	.12380E+01
    900.	   1750.	.31057E+00	.38522E+00	.12403E+01
    900.	   1800.	.30537E+00	.37985E+00	.12439E+01
    900.	   1850.	.30034E+00	.37404E+00	.12454E+01
    900.	   1900.	.29546E+00	.36823E+00	.12463E+01
    900.	   1950.	.29075E+00	.36248E+00	.12467E+01
    900.	   2000.	.28619E+00	.35720E+00	.12481E+01
    950.	    200.	.29358E+00	.37824E+00	.12884E+01
    950.	    250.	.30011E+00	.38434E+00	.12807E+01
    950.	    300.	.30604E+00	.39014E+00	.12748E+01
    950.	    350.	.31105E+00	.39497E+00	.12698E+01
    950.	    400.	.31494E+00	.39848E+00	.12653E+01
    950.	    450.	.31767E+00	.40053E+00	.12608E+01
    950.	    500.	.31927E+00	.40111E+00	.12563E+01
    950.	    550.	.31980E+00	.40033E+00	.12518E+01
    950.	    600.	.31938E+00	.39836E+00	.12473E+01
    950.	    650.	.31811E+00	.39538E+00	.12429E+01
    950.	    700.	.31611E+00	.39164E+00	.12389E+01
    950.	    750.	.31348E+00	.38742E+00	.12359E+01
    950.	    800.	.31034E+00	.38307E+00	.12344E+01
    950.	    850.	.30678E+00	.37908E+00	.12357E+01
    950.	    900.	.30287E+00	.37643E+00	.12429E+01
    951.	    950.	.29681E+00	.37722E+00	.12709E+01
    950.	   1000.	.29433E+00	.37898E+00	.12876E+01
    950.	   1050.	.28981E+00	.36815E+00	.12703E+01
    950.	   1100.	.28519E+00	.35718E+00	.12524E+01
    950.	   1150.	.28052E+00	.34745E+00	.12386E+01
    950.	   1200.	.27582E+00	.33924E+00	.12299E+01
    950.	   1250.	.27112E+00	.33227E+00	.12255E+01
    950.	   1300.	.26645E+00	.32548E+00	.12215E+01
    950.	   1350.	.26183E+00	.31965E+00	.12208E+01
    950.	   1400.	.25726E+00	.31436E+00	.12219E+01
    950.	   1450.	.25277E+00	.30894E+00	.12222E+01
    950.	   1500.	.24837E+00	.30414E+00	.12246E+01
    950.	   1550.	.24406E+00	.29912E+00	.12256E+01
    950.	   1600.	.23984E+00	.29425E+00	.12268E+01
    950.	   1650.	.23573E+00	.28951E+00	.12281E+01
    950.	   1700.	.23172E+00	.28506E+00	.12302E+01
    950.	   1750.	.22782E+00	.28054E+00	.12314E+01
    950.	   1800.	.22403E+00	.27653E+00	.12343E+01
    950.	   1850.	.22035E+00	.27253E+00	.12368E+01
    950.	   1900.	.21677E+00	.26856E+00	.12389E+01
    950.	   1950.	.21330E+00	.26442E+00	.12397E+01
    950.	   2000.	.20994E+00	.26056E+00	.12411E+01
   1000.	    200.	.20849E+00	.26784E+00	.12846E+01
   1000.	    250.	.21321E+00	.27227E+00	.12770E+01
   1000.	    300.	.21765E+00	.27667E+00	.12712E+01
   1000.	    350.	.22154E+00	.28056E+00	.12664E+01
   1000.	    400.	.22473E+00	.28366E+00	.12622E+01
   1000.	    450.	.22716E+00	.28581E+00	.12582E+01
   1000.	    500.	.22881E+00	.28696E+00	.12541E+01
   1000.	    550.	.22973E+00	.28717E+00	.12500E+01
   1000.	    600.	.22996E+00	.28650E+00	.12458E+01
   1000.	    650.	.22957E+00	.28506E+00	.12417E+01
   1000.	    700.	.22864E+00	.28298E+00	.12377E+01
   1000.	    750.	.22723E+00	.28042E+00	.12341E+01
   1000.	    800.	.22541E+00	.27757E+00	.12314E+01
   1000.	    850.	.22325E+00	.27464E+00	.12302E+01
   1000.	    900.	.22081E+00	.27198E+00	.12317E+01
   1000.	    950.	.21814E+00	.27022E+00	.12388E+01
   1000.	   1000.	.21396E+00	.27076E+00	.12655E+01
   1000.	   1050.	.21229E+00	.27215E+00	.12820E+01
   1000.	   1100.	.20919E+00	.26482E+00	.12659E+01
   1000.	   1150.	.20602E+00	.25729E+00	.12489E+01
   1000.	   1200.	.20279E+00	.25054E+00	.12354E+01
   1000.	   1250.	.19955E+00	.24471E+00	.12263E+01
   1000.	   1300.	.19629E+00	.23981E+00	.12217E+01
   1000.	   1350.	.19305E+00	.23509E+00	.12178E+01
   1000.	   1400.	.18983E+00	.23086E+00	.12162E+01
   1000.	   1450.	.18664E+00	.22714E+00	.12170E+01
   1000.	   1500.	.18350E+00	.22344E+00	.12177E+01
   1000.	   1550.	.18041E+00	.22012E+00	.12201E+01
   1000.	   1600.	.17737E+00	.21638E+00	.12199E+01
   1000.	   1650.	.17440E+00	.21297E+00	.12212E+01
   1000.	   1700.	.17149E+00	.20974E+00	.12230E+01
   1000.	   1750.	.16865E+00	.20654E+00	.12247E+01
   1000.	   1800.	.16588E+00	.20335E+00	.12259E+01
   1000.	   1850.	.16318E+00	.20044E+00	.12283E+01
   1000.	   1900.	.16055E+00	.19751E+00	.12302E+01
   1000.	   1950.	.15799E+00	.19472E+00	.12325E+01
   1000.	   2000.	.15550E+00	.19190E+00	.12341E+01
   1050.	    200.	.14938E+00	.19132E+00	.12808E+01
   1050.	    250.	.15279E+00	.19452E+00	.12731E+01
   1050.	    300.	.15609E+00	.19782E+00	.12674E+01
   1050.	    350.	.15908E+00	.20088E+00	.12628E+01
   1050.	    400.	.16163E+00	.20346E+00	.12588E+01
   1050.	    450.	.16368E+00	.20544E+00	.12551E+01
   1050.	    500.	.16521E+00	.20676E+00	.12515E+01
   1050.	    550.	.16623E+00	.20742E+00	.12478E+01
   1050.	    600.	.16676E+00	.20744E+00	.12440E+01
   1050.	    650.	.16684E+00	.20690E+00	.12401E+01
   1050.	    700.	.16652E+00	.20586E+00	.12363E+01
   1050.	    750.	.16583E+00	.20440E+00	.12326E+01
   1050.	    800.	.16483E+00	.20264E+00	.12294E+01
   1050.	    850.	.16356E+00	.20069E+00	.12270E+01
   1050.	    900.	.16207E+00	.19870E+00	.12261E+01
   1050.	    950.	.16038E+00	.19690E+00	.12278E+01
   1050.	   1000.	.15853E+00	.19573E+00	.12347E+01
   1051.	   1050.	.15562E+00	.19611E+00	.12602E+01
   1050.	   1100.	.15449E+00	.19721E+00	.12766E+01
   1050.	   1150.	.15234E+00	.19219E+00	.12616E+01
   1050.	   1200.	.15013E+00	.18695E+00	.12452E+01
   1050.	   1250.	.14789E+00	.18223E+00	.12322E+01
   1050.	   1300.	.14563E+00	.17811E+00	.12230E+01
   1050.	   1350.	.14335E+00	.17455E+00	.12177E+01
   1050.	   1400.	.14108E+00	.17136E+00	.12146E+01
   1050.	   1450.	.13881E+00	.16825E+00	.12120E+01
   1050.	   1500.	.13657E+00	.16560E+00	.12126E+01
   1050.	   1550.	.13435E+00	.16304E+00	.12135E+01
   1050.	   1600.	.13216E+00	.16062E+00	.12153E+01
   1050.	   1650.	.13001E+00	.15798E+00	.12151E+01
   1050.	   1700.	.12790E+00	.15550E+00	.12158E+01
   1050.	   1750.	.12582E+00	.15330E+00	.12184E+01
   1050.	   1800.	.12379E+00	.15103E+00	.12200E+01
   1050.	   1850.	.12181E+00	.14867E+00	.12206E+01
   1050.	   1900.	.11987E+00	.14655E+00	.12226E+01
   1050.	   1950.	.11798E+00	.14446E+00	.12244E+01
   1050.	   2000.	.11614E+00	.14261E+00	.12279E+01
   1100.	    200.	.10787E+00	.13772E+00	.12768E+01
   1100.	    250.	.11035E+00	.14004E+00	.12691E+01
   1100.	    300.	.11279E+00	.14250E+00	.12634E+01
   1100.	    350.	.11507E+00	.14486E+00	.12589E+01
   1100.	    400.	.11707E+00	.14694E+00	.12551E+01
   1100.	    450.	.11876E+00	.14865E+00	.12517E+01
   1100.	    500.	.12009E+00	.14992E+00	.12484E+01
   1100.	    550.	.12107E+00	.15074E+00	.12451E+01
   1100.	    600.	.12170E+00	.15111E+00	.12417E+01
   1100.	    650.	.12201E+00	.15106E+00	.12381E+01
   1100.	    700.	.12202E+00	.15064E+00	.12345E+01
   1100.	    750.	.12176E+00	.14988E+00	.12310E+01
   1100.	    800.	.12126E+00	.14886E+00	.12276E+01
   1100.	    850.	.12055E+00	.14764E+00	.12247E+01
   1100.	    900.	.11966E+00	.14630E+00	.12226E+01
   1100.	    950.	.11861E+00	.14493E+00	.12220E+01
   1100.	   1000.	.11743E+00	.14371E+00	.12238E+01
   1100.	   1050.	.11614E+00	.14292E+00	.12305E+01
   1100.	   1100.	.11409E+00	.14318E+00	.12550E+01
   1100.	   1150.	.11332E+00	.14404E+00	.12711E+01
   1100.	   1200.	.11182E+00	.14059E+00	.12574E+01
   1100.	   1250.	.11027E+00	.13691E+00	.12416E+01
   1100.	   1300.	.10870E+00	.13357E+00	.12288E+01
   1100.	   1350.	.10710E+00	.13066E+00	.12200E+01
   1100.	   1400.	.10550E+00	.12809E+00	.12141E+01
   1100.	   1450.	.10389E+00	.12582E+00	.12111E+01
   1100.	   1500.	.10229E+00	.12360E+00	.12083E+01
   1100.	   1550.	.10070E+00	.12174E+00	.12089E+01
   1100.	   1600.	.99119E-01	.11991E+00	.12098E+01
   1100.	   1650.	.97559E-01	.11807E+00	.12103E+01
   1100.	   1700.	.96020E-01	.11629E+00	.12111E+01
   1100.	   1750.	.94506E-01	.11446E+00	.12112E+01
   1100.	   1800.	.93018E-01	.11292E+00	.12139E+01
   1100.	   1850.	.91558E-01	.11115E+00	.12139E+01
   1100.	   1900.	.90128E-01	.10956E+00	.12156E+01
   1100.	   1950.	.88728E-01	.10798E+00	.12169E+01
   1100.	   2000.	.87359E-01	.10648E+00	.12189E+01
   1150.	    200.	.78455E-01	.99841E-01	.12726E+01
   1150.	    250.	.80252E-01	.10151E+00	.12649E+01
   1150.	    300.	.82063E-01	.10333E+00	.12592E+01
   1150.	    350.	.83785E-01	.10513E+00	.12548E+01
   1150.	    400.	.85347E-01	.10678E+00	.12512E+01
   1150.	    450.	.86700E-01	.10820E+00	.12480E+01
   1150.	    500.	.87818E-01	.10933E+00	.12450E+01
   1150.	    550.	.88692E-01	.11015E+00	.12420E+01
   1150.	    600.	.89323E-01	.11066E+00	.12389E+01
   1150.	    650.	.89723E-01	.11087E+00	.12357E+01
   1150.	    700.	.89903E-01	.11080E+00	.12324E+01
   1150.	    750.	.89882E-01	.11047E+00	.12291E+01
   1150.	    800.	.89679E-01	.10993E+00	.12258E+01
   1150.	    850.	.89314E-01	.10921E+00	.12228E+01
   1150.	    900.	.88806E-01	.10836E+00	.12201E+01
   1150.	    950.	.88174E-01	.10742E+00	.12183E+01
   1150.	   1000.	.87436E-01	.10648E+00	.12179E+01
   1150.	   1050.	.86607E-01	.10564E+00	.12198E+01
   1150.	   1100.	.85702E-01	.10510E+00	.12264E+01
   1151.	   1150.	.84246E-01	.10529E+00	.12498E+01
   1150.	   1200.	.83714E-01	.10596E+00	.12658E+01
   1150.	   1250.	.82655E-01	.10356E+00	.12529E+01
   1150.	   1300.	.81564E-01	.10096E+00	.12378E+01
   1150.	   1350.	.80449E-01	.98576E-01	.12253E+01
   1150.	   1400.	.79320E-01	.96471E-01	.12162E+01
   1150.	   1450.	.78180E-01	.94654E-01	.12107E+01
   1150.	   1500.	.77037E-01	.93015E-01	.12074E+01
   1150.	   1550.	.75894E-01	.91400E-01	.12043E+01
   1150.	   1600.	.74755E-01	.90045E-01	.12045E+01
   1150.	   1650.	.73624E-01	.88749E-01	.12054E+01
   1150.	   1700.	.72504E-01	.87378E-01	.12052E+01
   1150.	   1750.	.71397E-01	.86167E-01	.12069E+01
   1150.	   1800.	.70305E-01	.84904E-01	.12076E+01
   1150.	   1850.	.69231E-01	.83658E-01	.12084E+01
   1150.	   1900.	.68174E-01	.82450E-01	.12094E+01
   1150.	   1950.	.67137E-01	.81286E-01	.12107E+01
   1150.	   2000.	.66120E-01	.80125E-01	.12118E+01
   1200.	    200.	.57428E-01	.72834E-01	.12683E+01
   1200.	    250.	.58735E-01	.74036E-01	.12605E+01
   1200.	    300.	.60076E-01	.75383E-01	.12548E+01
   1200.	    350.	.61377E-01	.76748E-01	.12504E+01
   1200.	    400.	.62582E-01	.78037E-01	.12470E+01
   1200.	    450.	.63655E-01	.79183E-01	.12439E+01
   1200.	    500.	.64571E-01	.80145E-01	.12412E+01
   1200.	    550.	.65321E-01	.80900E-01	.12385E+01
   1200.	    600.	.65900E-01	.81437E-01	.12358E+01
   1200.	    650.	.66313E-01	.81757E-01	.12329E+01
   1200.	    700.	.66567E-01	.81872E-01	.12299E+01
   1200.	    750.	.66672E-01	.81796E-01	.12268E+01
   1200.	    800.	.66640E-01	.81550E-01	.12238E+01
   1200.	    850.	.66484E-01	.81158E-01	.12207E+01
   1200.	    900.	.66217E-01	.80647E-01	.12179E+01
   1200.	    950.	.65853E-01	.80047E-01	.12156E+01
   1200.	   1000.	.65403E-01	.79397E-01	.12140E+01
   1200.	   1050.	.64879E-01	.78743E-01	.12137E+01
   1200.	   1100.	.64291E-01	.78159E-01	.12157E+01
   1200.	   1150.	.63650E-01	.77793E-01	.12222E+01
   1200.	   1200.	.62609E-01	.77928E-01	.12447E+01
   1200.	   1250.	.62241E-01	.78449E-01	.12604E+01
   1200.	   1300.	.61488E-01	.76757E-01	.12483E+01
   1200.	   1350.	.60711E-01	.74910E-01	.12339E+01
   1200.	   1400.	.59918E-01	.73211E-01	.12219E+01
   1200.	   1450.	.59111E-01	.71677E-01	.12126E+01
   1200.	   1500.	.58296E-01	.70378E-01	.12073E+01
   1200.	   1550.	.57476E-01	.69179E-01	.12036E+01
   1200.	   1600.	.56655E-01	.68003E-01	.12003E+01
   1200.	   1650.	.55836E-01	.66996E-01	.11999E+01
   1200.	   1700.	.55021E-01	.66080E-01	.12010E+01
   1200.	   1750.	.54212E-01	.65106E-01	.12010E+01
   1200.	   1800.	.53411E-01	.64233E-01	.12026E+01
   1200.	   1850.	.52619E-01	.63318E-01	.12033E+01
   1200.	   1900.	.51838E-01	.62372E-01	.12032E+01
   1200.	   1950.	.51069E-01	.61515E-01	.12045E+01
   1200.	   2000.	.50313E-01	.60687E-01	.12062E+01
   1250.	    200.	.42282E-01	.53435E-01	.12638E+01
   1250.	    250.	.43235E-01	.54303E-01	.12560E+01
   1250.	    300.	.44228E-01	.55296E-01	.12503E+01
   1250.	    350.	.45208E-01	.56325E-01	.12459E+01
   1250.	    400.	.46133E-01	.57321E-01	.12425E+01
   1250.	    450.	.46976E-01	.58233E-01	.12396E+01
   1250.	    500.	.47715E-01	.59028E-01	.12371E+01
   1250.	    550.	.48340E-01	.59683E-01	.12347E+01
   1250.	    600.	.48846E-01	.60189E-01	.12322E+01
   1250.	    650.	.49235E-01	.60542E-01	.12297E+01
   1250.	    700.	.49508E-01	.60745E-01	.12270E+01
   1250.	    750.	.49670E-01	.60806E-01	.12242E+01
   1250.	    800.	.49731E-01	.60738E-01	.12213E+01
   1250.	    850.	.49698E-01	.60554E-01	.12185E+01
   1250.	    900.	.49579E-01	.60271E-01	.12157E+01
   1250.	    950.	.49384E-01	.59907E-01	.12131E+01
   1250.	   1000.	.49122E-01	.59484E-01	.12110E+01
   1250.	   1050.	.48799E-01	.59027E-01	.12096E+01
   1250.	   1100.	.48425E-01	.58569E-01	.12095E+01
   1250.	   1150.	.48006E-01	.58162E-01	.12116E+01
   1250.	   1200.	.47548E-01	.57911E-01	.12179E+01
   1251.	   1250.	.46798E-01	.58009E-01	.12396E+01
   1250.	   1300.	.46542E-01	.58411E-01	.12550E+01
   1250.	   1350.	.46004E-01	.57213E-01	.12437E+01
   1250.	   1400.	.45448E-01	.55891E-01	.12298E+01
   1250.	   1450.	.44878E-01	.54673E-01	.12182E+01
   1250.	   1500.	.44299E-01	.53552E-01	.12089E+01
   1250.	   1550.	.43712E-01	.52616E-01	.12037E+01
   1250.	   1600.	.43121E-01	.51752E-01	.12001E+01
   1250.	   1650.	.42528E-01	.50894E-01	.11967E+01
   1250.	   1700.	.41935E-01	.50161E-01	.11962E+01
   1250.	   1750.	.41344E-01	.49489E-01	.11970E+01
   1250.	   1800.	.40756E-01	.48784E-01	.11970E+01
   1250.	   1850.	.40173E-01	.48148E-01	.11985E+01
   1250.	   1900.	.39596E-01	.47446E-01	.11983E+01
   1250.	   1950.	.39026E-01	.46785E-01	.11988E+01
   1250.	   2000.	.38463E-01	.46170E-01	.12004E+01
   1300.	    200.	.31295E-01	.39404E-01	.12591E+01
   1300.	    250.	.31992E-01	.40031E-01	.12513E+01
   1300.	    300.	.32728E-01	.40763E-01	.12455E+01
   1300.	    350.	.33465E-01	.41536E-01	.12412E+01
   1300.	    400.	.34173E-01	.42300E-01	.12378E+01
   1300.	    450.	.34830E-01	.43017E-01	.12351E+01
   1300.	    500.	.35419E-01	.43661E-01	.12327E+01
   1300.	    550.	.35931E-01	.44212E-01	.12305E+01
   1300.	    600.	.36360E-01	.44661E-01	.12283E+01
   1300.	    650.	.36706E-01	.45002E-01	.12260E+01
   1300.	    700.	.36968E-01	.45235E-01	.12236E+01
   1300.	    750.	.37150E-01	.45365E-01	.12211E+01
   1300.	    800.	.37255E-01	.45397E-01	.12185E+01
   1300.	    850.	.37290E-01	.45339E-01	.12158E+01
   1300.	    900.	.37260E-01	.45202E-01	.12132E+01
   1300.	    950.	.37170E-01	.44998E-01	.12106E+01
   1300.	   1000.	.37028E-01	.44738E-01	.12082E+01
   1300.	   1050.	.36837E-01	.44437E-01	.12063E+01
   1300.	   1100.	.36605E-01	.44114E-01	.12051E+01
   1300.	   1150.	.36336E-01	.43792E-01	.12052E+01
   1300.	   1200.	.36035E-01	.43506E-01	.12073E+01
   1300.	   1250.	.35707E-01	.43333E-01	.12136E+01
   1300.	   1300.	.35163E-01	.43406E-01	.12344E+01
   1300.	   1350.	.34984E-01	.43719E-01	.12497E+01
   1300.	   1400.	.34597E-01	.42864E-01	.12390E+01
   1300.	   1450.	.34196E-01	.41912E-01	.12256E+01
   1300.	   1500.	.33785E-01	.41031E-01	.12145E+01
   1300.	   1550.	.33367E-01	.40214E-01	.12052E+01
   1300.	   1600.	.32942E-01	.39528E-01	.11999E+01
   1300.	   1650.	.32513E-01	.38901E-01	.11965E+01
   1300.	   1700.	.32082E-01	.38280E-01	.11932E+01
   1300.	   1750.	.31651E-01	.37729E-01	.11920E+01
   1300.	   1800.	.31220E-01	.37235E-01	.11927E+01
   1300.	   1850.	.30791E-01	.36720E-01	.11926E+01
   1300.	   1900.	.30364E-01	.36261E-01	.11942E+01
   1300.	   1950.	.29942E-01	.35740E-01	.11937E+01
   1300.	   2000.	.29523E-01	.35254E-01	.11941E+01
   1350.	    200.	.23274E-01	.29191E-01	.12543E+01
   1350.	    250.	.23785E-01	.29646E-01	.12464E+01
   1350.	    300.	.24331E-01	.30185E-01	.12406E+01
   1350.	    350.	.24885E-01	.30764E-01	.12363E+01
   1350.	    400.	.25425E-01	.31348E-01	.12329E+01
   1350.	    450.	.25935E-01	.31907E-01	.12303E+01
   1350.	    500.	.26401E-01	.32420E-01	.12280E+01
   1350.	    550.	.26814E-01	.32874E-01	.12260E+01
   1350.	    600.	.27171E-01	.33257E-01	.12240E+01
   1350.	    650.	.27468E-01	.33566E-01	.12220E+01
   1350.	    700.	.27706E-01	.33797E-01	.12199E+01
   1350.	    750.	.27884E-01	.33953E-01	.12176E+01
   1350.	    800.	.28007E-01	.34037E-01	.12153E+01
   1350.	    850.	.28076E-01	.34052E-01	.12129E+01
   1350.	    900.	.28095E-01	.34006E-01	.12104E+01
   1350.	    950.	.28069E-01	.33904E-01	.12079E+01
   1350.	   1000.	.28002E-01	.33756E-01	.12055E+01
   1350.	   1050.	.27897E-01	.33569E-01	.12033E+01
   1350.	   1100.	.27759E-01	.33355E-01	.12016E+01
   1350.	   1150.	.27591E-01	.33126E-01	.12006E+01
   1350.	   1200.	.27397E-01	.32897E-01	.12008E+01
   1350.	   1250.	.27180E-01	.32696E-01	.12030E+01
   1350.	   1300.	.26943E-01	.32577E-01	.12091E+01
   1351.	   1350.	.26546E-01	.32630E-01	.12292E+01
   1350.	   1400.	.26421E-01	.32873E-01	.12442E+01
   1350.	   1450.	.26140E-01	.32260E-01	.12341E+01
   1350.	   1500.	.25850E-01	.31573E-01	.12214E+01
   1350.	   1550.	.25552E-01	.30930E-01	.12105E+01
   1350.	   1600.	.25248E-01	.30333E-01	.12014E+01
   1350.	   1650.	.24938E-01	.29826E-01	.11960E+01
   1350.	   1700.	.24626E-01	.29370E-01	.11926E+01
   1350.	   1750.	.24312E-01	.28913E-01	.11893E+01
   1350.	   1800.	.23996E-01	.28499E-01	.11876E+01
   1350.	   1850.	.23680E-01	.28138E-01	.11883E+01
   1350.	   1900.	.23366E-01	.27767E-01	.11884E+01
   1350.	   1950.	.23052E-01	.27430E-01	.11899E+01
   1350.	   2000.	.22741E-01	.27053E-01	.11896E+01
   1400.	    200.	.17384E-01	.21716E-01	.12492E+01
   1400.	    250.	.17760E-01	.22046E-01	.12414E+01
   1400.	    300.	.18165E-01	.22443E-01	.12355E+01
   1400.	    350.	.18582E-01	.22877E-01	.12312E+01
   1400.	    400.	.18994E-01	.23321E-01	.12278E+01
   1400.	    450.	.19387E-01	.23754E-01	.12252E+01
   1400.	    500.	.19753E-01	.24160E-01	.12231E+01
   1400.	    550.	.20084E-01	.24527E-01	.12212E+01
   1400.	    600.	.20376E-01	.24846E-01	.12194E+01
   1400.	    650.	.20626E-01	.25114E-01	.12176E+01
   1400.	    700.	.20833E-01	.25327E-01	.12157E+01
   1400.	    750.	.20998E-01	.25486E-01	.12137E+01
   1400.	    800.	.21121E-01	.25591E-01	.12117E+01
   1400.	    850.	.21204E-01	.25645E-01	.12095E+01
   1400.	    900.	.21249E-01	.25651E-01	.12072E+01
   1400.	    950.	.21260E-01	.25615E-01	.12048E+01
   1400.	   1000.	.21239E-01	.25540E-01	.12025E+01
   1400.	   1050.	.21188E-01	.25432E-01	.12003E+01
   1400.	   1100.	.21111E-01	.25298E-01	.11983E+01
   1400.	   1150.	.21010E-01	.25144E-01	.11968E+01
   1400.	   1200.	.20888E-01	.24981E-01	.11959E+01
   1400.	   1250.	.20747E-01	.24818E-01	.11963E+01
   1400.	   1300.	.20589E-01	.24676E-01	.11985E+01
   1400.	   1350.	.20417E-01	.24593E-01	.12045E+01
   1400.	   1400.	.20126E-01	.24633E-01	.12239E+01
   1400.	   1450.	.20038E-01	.24822E-01	.12387E+01
   1400.	   1500.	.19835E-01	.24378E-01	.12291E+01
   1400.	   1550.	.19623E-01	.23879E-01	.12169E+01
   1400.	   1600.	.19406E-01	.23408E-01	.12062E+01
   1400.	   1650.	.19184E-01	.22973E-01	.11975E+01
   1400.	   1700.	.18958E-01	.22598E-01	.11920E+01
   1400.	   1750.	.18729E-01	.22261E-01	.11886E+01
   1400.	   1800.	.18498E-01	.21930E-01	.11855E+01
   1400.	   1850.	.18266E-01	.21619E-01	.11835E+01
   1400.	   1900.	.18034E-01	.21350E-01	.11839E+01
   1400.	   1950.	.17802E-01	.21087E-01	.11845E+01
   1400.	   2000.	.17571E-01	.20827E-01	.11853E+01
   1450.	    200.	.13036E-01	.16217E-01	.12440E+01
   1450.	    250.	.13313E-01	.16456E-01	.12361E+01
   1450.	    300.	.13615E-01	.16750E-01	.12302E+01
   1450.	    350.	.13928E-01	.17074E-01	.12258E+01
   1450.	    400.	.14242E-01	.17411E-01	.12225E+01
   1450.	    450.	.14545E-01	.17744E-01	.12199E+01
   1450.	    500.	.14831E-01	.18062E-01	.12179E+01
   1450.	    550.	.15094E-01	.18356E-01	.12161E+01
   1450.	    600.	.15330E-01	.18618E-01	.12145E+01
   1450.	    650.	.15537E-01	.18844E-01	.12128E+01
   1450.	    700.	.15713E-01	.19032E-01	.12112E+01
   1450.	    750.	.15859E-01	.19180E-01	.12095E+01
   1450.	    800.	.15973E-01	.19290E-01	.12076E+01
   1450.	    850.	.16058E-01	.19361E-01	.12057E+01
   1450.	    900.	.16115E-01	.19396E-01	.12036E+01
   1450.	    950.	.16146E-01	.19398E-01	.12014E+01
   1450.	   1000.	.16151E-01	.19369E-01	.11993E+01
   1450.	   1050.	.16134E-01	.19314E-01	.11971E+01
   1450.	   1100.	.16096E-01	.19236E-01	.11950E+01
   1450.	   1150.	.16039E-01	.19139E-01	.11932E+01
   1450.	   1200.	.15965E-01	.19028E-01	.11919E+01
   1450.	   1250.	.15876E-01	.18911E-01	.11912E+01
   1450.	   1300.	.15773E-01	.18795E-01	.11916E+01
   1450.	   1350.	.15659E-01	.18694E-01	.11939E+01
   1450.	   1400.	.15533E-01	.18637E-01	.11998E+01
   1451.	   1450.	.15319E-01	.18667E-01	.12186E+01
   1450.	   1500.	.15257E-01	.18813E-01	.12331E+01
   1450.	   1550.	.15108E-01	.18491E-01	.12239E+01
   1450.	   1600.	.14953E-01	.18128E-01	.12123E+01
   1450.	   1650.	.14794E-01	.17780E-01	.12018E+01
   1450.	   1700.	.14631E-01	.17460E-01	.11933E+01
   1450.	   1750.	.14465E-01	.17184E-01	.11879E+01
   1450.	   1800.	.14297E-01	.16930E-01	.11842E+01
   1450.	   1850.	.14127E-01	.16691E-01	.11815E+01
   1450.	   1900.	.13956E-01	.16457E-01	.11792E+01
   1450.	   1950.	.13785E-01	.16264E-01	.11798E+01
   1450.	   2000.	.13613E-01	.16067E-01	.11803E+01
   1500.	    200.	.98112E-02	.12152E-01	.12386E+01
   1500.	    250.	.10016E-01	.12326E-01	.12307E+01
   1500.	    300.	.10241E-01	.12543E-01	.12247E+01
   1500.	    350.	.10477E-01	.12785E-01	.12203E+01
   1500.	    400.	.10715E-01	.13040E-01	.12170E+01
   1500.	    450.	.10949E-01	.13296E-01	.12144E+01
   1500.	    500.	.11171E-01	.13544E-01	.12124E+01
   1500.	    550.	.11379E-01	.13777E-01	.12107E+01
   1500.	    600.	.11568E-01	.13989E-01	.12092E+01
   1500.	    650.	.11737E-01	.14176E-01	.12078E+01
   1500.	    700.	.11885E-01	.14337E-01	.12063E+01
   1500.	    750.	.12010E-01	.14469E-01	.12048E+01
   1500.	    800.	.12112E-01	.14573E-01	.12032E+01
   1500.	    850.	.12193E-01	.14649E-01	.12014E+01
   1500.	    900.	.12252E-01	.14698E-01	.11996E+01
   1500.	    950.	.12291E-01	.14721E-01	.11977E+01
   1500.	   1000.	.12312E-01	.14720E-01	.11956E+01
   1500.	   1050.	.12314E-01	.14698E-01	.11936E+01
   1500.	   1100.	.12301E-01	.14657E-01	.11916E+01
   1500.	   1150.	.12272E-01	.14600E-01	.11897E+01
   1500.	   1200.	.12230E-01	.14530E-01	.11880E+01
   1500.	   1250.	.12176E-01	.14451E-01	.11868E+01
   1500.	   1300.	.12111E-01	.14366E-01	.11862E+01
   1500.	   1350.	.12036E-01	.14283E-01	.11868E+01
   1500.	   1400.	.11952E-01	.14211E-01	.11891E+01
   1500.	   1450.	.11860E-01	.14171E-01	.11949E+01
   1500.	   1500.	.11701E-01	.14194E-01	.12131E+01
   1500.	   1550.	.11657E-01	.14308E-01	.12274E+01
   1500.	   1600.	.11548E-01	.14073E-01	.12186E+01
   1500.	   1650.	.11434E-01	.13807E-01	.12075E+01
   1500.	   1700.	.11317E-01	.13550E-01	.11973E+01
   1500.	   1750.	.11197E-01	.13314E-01	.11890E+01
   1500.	   1800.	.11075E-01	.13108E-01	.11836E+01
   1500.	   1850.	.10951E-01	.12920E-01	.11799E+01
   1500.	   1900.	.10825E-01	.12744E-01	.11772E+01
   1500.	   1950.	.10698E-01	.12570E-01	.11749E+01
   1500.	   2000.	.10571E-01	.12424E-01	.11753E+01
   1550.	    200.	.74085E-02	.91340E-02	.12329E+01
   1550.	    250.	.75600E-02	.92612E-02	.12250E+01
   1550.	    300.	.77282E-02	.94212E-02	.12191E+01
   1550.	    350.	.79058E-02	.96024E-02	.12146E+01
   1550.	    400.	.80870E-02	.97953E-02	.12112E+01
   1550.	    450.	.82663E-02	.99914E-02	.12087E+01
   1550.	    500.	.84394E-02	.10184E-01	.12067E+01
   1550.	    550.	.86027E-02	.10367E-01	.12051E+01
   1550.	    600.	.87537E-02	.10537E-01	.12037E+01
   1550.	    650.	.88905E-02	.10690E-01	.12024E+01
   1550.	    700.	.90119E-02	.10824E-01	.12011E+01
   1550.	    750.	.91172E-02	.10938E-01	.11998E+01
   1550.	    800.	.92062E-02	.11032E-01	.11984E+01
   1550.	    850.	.92789E-02	.11105E-01	.11968E+01
   1550.	    900.	.93358E-02	.11158E-01	.11952E+01
   1550.	    950.	.93776E-02	.11192E-01	.11935E+01
   1550.	   1000.	.94049E-02	.11207E-01	.11916E+01
   1550.	   1050.	.94187E-02	.11206E-01	.11897E+01
   1550.	   1100.	.94199E-02	.11189E-01	.11878E+01
   1550.	   1150.	.94093E-02	.11159E-01	.11859E+01
   1550.	   1200.	.93880E-02	.11117E-01	.11842E+01
   1550.	   1250.	.93569E-02	.11066E-01	.11827E+01
   1550.	   1300.	.93168E-02	.11009E-01	.11816E+01
   1550.	   1350.	.92688E-02	.10948E-01	.11812E+01
   1550.	   1400.	.92135E-02	.10888E-01	.11818E+01
   1550.	   1450.	.91519E-02	.10837E-01	.11841E+01
   1550.	   1500.	.90845E-02	.10809E-01	.11898E+01
   1551.	   1550.	.89660E-02	.10826E-01	.12075E+01
   1550.	   1600.	.89354E-02	.10915E-01	.12215E+01
   1550.	   1650.	.88549E-02	.10743E-01	.12132E+01
   1550.	   1700.	.87711E-02	.10547E-01	.12025E+01
   1550.	   1750.	.86847E-02	.10357E-01	.11926E+01
   1550.	   1800.	.85959E-02	.10182E-01	.11846E+01
   1550.	   1850.	.85054E-02	.10028E-01	.11790E+01
   1550.	   1900.	.84133E-02	.98886E-02	.11754E+01
   1550.	   1950.	.83201E-02	.97570E-02	.11727E+01
   1550.	   2000.	.82260E-02	.96287E-02	.11705E+01
   1600.	    200.	.56110E-02	.68850E-02	.12271E+01
   1600.	    250.	.57235E-02	.69780E-02	.12192E+01
   1600.	    300.	.58493E-02	.70963E-02	.12132E+01
   1600.	    350.	.59832E-02	.72318E-02	.12087E+01
   1600.	    400.	.61210E-02	.73776E-02	.12053E+01
   1600.	    450.	.62586E-02	.75274E-02	.12027E+01
   1600.	    500.	.63927E-02	.76761E-02	.12008E+01
   1600.	    550.	.65207E-02	.78195E-02	.11992E+01
   1600.	    600.	.66404E-02	.79544E-02	.11979E+01
   1600.	    650.	.67503E-02	.80781E-02	.11967E+01
   1600.	    700.	.68495E-02	.81889E-02	.11955E+01
   1600.	    750.	.69370E-02	.82855E-02	.11944E+01
   1600.	    800.	.70127E-02	.83673E-02	.11932E+01
   1600.	    850.	.70764E-02	.84340E-02	.11918E+01
   1600.	    900.	.71283E-02	.84858E-02	.11904E+01
   1600.	    950.	.71689E-02	.85230E-02	.11889E+01
   1600.	   1000.	.71984E-02	.85464E-02	.11873E+01
   1600.	   1050.	.72176E-02	.85567E-02	.11855E+01
   1600.	   1100.	.72270E-02	.85549E-02	.11837E+01
   1600.	   1150.	.72273E-02	.85422E-02	.11819E+01
   1600.	   1200.	.72191E-02	.85199E-02	.11802E+01
   1600.	   1250.	.72031E-02	.84894E-02	.11786E+01
   1600.	   1300.	.71800E-02	.84524E-02	.11772E+01
   1600.	   1350.	.71505E-02	.84107E-02	.11762E+01
   1600.	   1400.	.71150E-02	.83667E-02	.11759E+01
   1600.	   1450.	.70743E-02	.83236E-02	.11766E+01
   1600.	   1500.	.70288E-02	.82866E-02	.11790E+01
   1600.	   1550.	.69791E-02	.82673E-02	.11846E+01
   1600.	   1600.	.68906E-02	.82804E-02	.12017E+01
   1600.	   1650.	.68690E-02	.83493E-02	.12155E+01
   1600.	   1700.	.68095E-02	.82233E-02	.12076E+01
   1600.	   1750.	.67475E-02	.80788E-02	.11973E+01
   1600.	   1800.	.66835E-02	.79380E-02	.11877E+01
   1600.	   1850.	.66176E-02	.78077E-02	.11798E+01
   1600.	   1900.	.65504E-02	.76910E-02	.11741E+01
   1600.	   1950.	.64819E-02	.75880E-02	.11706E+01
   1600.	   2000.	.64125E-02	.74893E-02	.11679E+01
   1650.	    200.	.42612E-02	.52029E-02	.12210E+01
   1650.	    250.	.43450E-02	.52710E-02	.12131E+01
   1650.	    300.	.44392E-02	.53586E-02	.12071E+01
   1650.	    350.	.45403E-02	.54600E-02	.12026E+01
   1650.	    400.	.46451E-02	.55701E-02	.11991E+01
   1650.	    450.	.47506E-02	.56843E-02	.11965E+01
   1650.	    500.	.48544E-02	.57990E-02	.11946E+01
   1650.	    550.	.49544E-02	.59108E-02	.11930E+01
   1650.	    600.	.50489E-02	.60173E-02	.11918E+01
   1650.	    650.	.51368E-02	.61164E-02	.11907E+01
   1650.	    700.	.52171E-02	.62067E-02	.11897E+01
   1650.	    750.	.52891E-02	.62870E-02	.11887E+01
   1650.	    800.	.53524E-02	.63567E-02	.11876E+01
   1650.	    850.	.54070E-02	.64154E-02	.11865E+01
   1650.	    900.	.54529E-02	.64631E-02	.11853E+01
   1650.	    950.	.54902E-02	.65000E-02	.11839E+01
   1650.	   1000.	.55192E-02	.65263E-02	.11825E+01
   1650.	   1050.	.55403E-02	.65426E-02	.11809E+01
   1650.	   1100.	.55539E-02	.65496E-02	.11793E+01
   1650.	   1150.	.55603E-02	.65479E-02	.11776E+01
   1650.	   1200.	.55602E-02	.65383E-02	.11759E+01
   1650.	   1250.	.55539E-02	.65219E-02	.11743E+01
   1650.	   1300.	.55419E-02	.64995E-02	.11728E+01
   1650.	   1350.	.55247E-02	.64725E-02	.11716E+01
   1650.	   1400.	.55028E-02	.64422E-02	.11707E+01
   1650.	   1450.	.54766E-02	.64103E-02	.11705E+01
   1650.	   1500.	.54464E-02	.63791E-02	.11712E+01
   1650.	   1550.	.54128E-02	.63525E-02	.11736E+01
   1650.	   1600.	.53760E-02	.63391E-02	.11791E+01
   1651.	   1650.	.53097E-02	.63492E-02	.11958E+01
   1650.	   1700.	.52945E-02	.64027E-02	.12093E+01
   1650.	   1750.	.52503E-02	.63100E-02	.12018E+01
   1650.	   1800.	.52043E-02	.62031E-02	.11919E+01
   1650.	   1850.	.51567E-02	.60980E-02	.11825E+01
   1650.	   1900.	.51077E-02	.60010E-02	.11749E+01
   1650.	   1950.	.50576E-02	.59132E-02	.11692E+01
   1650.	   2000.	.50065E-02	.58360E-02	.11657E+01
   1700.	    200.	.32443E-02	.39408E-02	.12147E+01
   1700.	    250.	.33067E-02	.39907E-02	.12068E+01
   1700.	    300.	.33774E-02	.40557E-02	.12008E+01
   1700.	    350.	.34538E-02	.41315E-02	.11962E+01
   1700.	    400.	.35335E-02	.42146E-02	.11928E+01
   1700.	    450.	.36144E-02	.43017E-02	.11902E+01
   1700.	    500.	.36946E-02	.43899E-02	.11882E+01
   1700.	    550.	.37726E-02	.44768E-02	.11867E+01
   1700.	    600.	.38470E-02	.45605E-02	.11855E+01
   1700.	    650.	.39169E-02	.46394E-02	.11845E+01
   1700.	    700.	.39815E-02	.47122E-02	.11835E+01
   1700.	    750.	.40402E-02	.47781E-02	.11826E+01
   1700.	    800.	.40927E-02	.48365E-02	.11817E+01
   1700.	    850.	.41387E-02	.48869E-02	.11808E+01
   1700.	    900.	.41783E-02	.49292E-02	.11797E+01
   1700.	    950.	.42115E-02	.49635E-02	.11786E+01
   1700.	   1000.	.42385E-02	.49899E-02	.11773E+01
   1700.	   1050.	.42594E-02	.50086E-02	.11759E+01
   1700.	   1100.	.42745E-02	.50201E-02	.11744E+01
   1700.	   1150.	.42841E-02	.50248E-02	.11729E+01
   1700.	   1200.	.42886E-02	.50233E-02	.11713E+01
   1700.	   1250.	.42882E-02	.50161E-02	.11697E+01
   1700.	   1300.	.42834E-02	.50040E-02	.11682E+01
   1700.	   1350.	.42744E-02	.49876E-02	.11669E+01
   1700.	   1400.	.42616E-02	.49679E-02	.11657E+01
   1700.	   1450.	.42453E-02	.49458E-02	.11650E+01
   1700.	   1500.	.42259E-02	.49226E-02	.11649E+01
   1700.	   1550.	.42035E-02	.49000E-02	.11657E+01
   1700.	   1600.	.41785E-02	.48808E-02	.11681E+01
   1700.	   1650.	.41513E-02	.48715E-02	.11735E+01
   1700.	   1700.	.41013E-02	.48793E-02	.11897E+01
   1700.	   1750.	.40907E-02	.49211E-02	.12030E+01
   1700.	   1800.	.40578E-02	.48526E-02	.11959E+01
   1700.	   1850.	.40235E-02	.47731E-02	.11863E+01
   1700.	   1900.	.39880E-02	.46949E-02	.11772E+01
   1700.	   1950.	.39515E-02	.46222E-02	.11697E+01
   1700.	   2000.	.39141E-02	.45559E-02	.11640E+01
   1750.	    200.	.24756E-02	.29909E-02	.12082E+01
   1750.	    250.	.25223E-02	.30277E-02	.12003E+01
   1750.	    300.	.25754E-02	.30759E-02	.11943E+01
   1750.	    350.	.26332E-02	.31327E-02	.11897E+01
   1750.	    400.	.26938E-02	.31954E-02	.11862E+01
   1750.	    450.	.27558E-02	.32617E-02	.11835E+01
   1750.	    500.	.28178E-02	.33294E-02	.11816E+01
   1750.	    550.	.28785E-02	.33967E-02	.11800E+01
   1750.	    600.	.29369E-02	.34622E-02	.11789E+01
   1750.	    650.	.29923E-02	.35247E-02	.11779E+01
   1750.	    700.	.30440E-02	.35830E-02	.11771E+01
   1750.	    750.	.30915E-02	.36366E-02	.11763E+01
   1750.	    800.	.31346E-02	.36848E-02	.11755E+01
   1750.	    850.	.31730E-02	.37273E-02	.11747E+01
   1750.	    900.	.32066E-02	.37639E-02	.11738E+01
   1750.	    950.	.32354E-02	.37945E-02	.11728E+01
   1750.	   1000.	.32595E-02	.38192E-02	.11717E+01
   1750.	   1050.	.32791E-02	.38382E-02	.11705E+01
   1750.	   1100.	.32942E-02	.38516E-02	.11692E+01
   1750.	   1150.	.33051E-02	.38598E-02	.11678E+01
   1750.	   1200.	.33120E-02	.38630E-02	.11664E+01
   1750.	   1250.	.33151E-02	.38617E-02	.11649E+01
   1750.	   1300.	.33147E-02	.38564E-02	.11634E+01
   1750.	   1350.	.33110E-02	.38474E-02	.11620E+01
   1750.	   1400.	.33043E-02	.38354E-02	.11607E+01
   1750.	   1450.	.32948E-02	.38210E-02	.11597E+01
   1750.	   1500.	.32826E-02	.38048E-02	.11591E+01
   1750.	   1550.	.32681E-02	.37879E-02	.11590E+01
   1750.	   1600.	.32515E-02	.37715E-02	.11599E+01
   1750.	   1650.	.32329E-02	.37577E-02	.11623E+01
   1750.	   1700.	.32126E-02	.37512E-02	.11677E+01
   1751.	   1750.	.31749E-02	.37572E-02	.11834E+01
   1750.	   1800.	.31675E-02	.37898E-02	.11965E+01
   1750.	   1850.	.31429E-02	.37393E-02	.11898E+01
   1750.	   1900.	.31174E-02	.36798E-02	.11804E+01
   1750.	   1950.	.30908E-02	.36212E-02	.11716E+01
   1750.	   2000.	.30635E-02	.35668E-02	.11643E+01
   1800.	    200.	.18929E-02	.22742E-02	.12014E+01
   1800.	    250.	.19279E-02	.23013E-02	.11936E+01
   1800.	    300.	.19679E-02	.23371E-02	.11876E+01
   1800.	    350.	.20117E-02	.23797E-02	.11829E+01
   1800.	    400.	.20578E-02	.24270E-02	.11794E+01
   1800.	    450.	.21053E-02	.24774E-02	.11767E+01
   1800.	    500.	.21531E-02	.25293E-02	.11747E+01
   1800.	    550.	.22003E-02	.25814E-02	.11732E+01
   1800.	    600.	.22460E-02	.26325E-02	.11720E+01
   1800.	    650.	.22898E-02	.26817E-02	.11711E+01
   1800.	    700.	.23310E-02	.27281E-02	.11704E+01
   1800.	    750.	.23693E-02	.27713E-02	.11697E+01
   1800.	    800.	.24044E-02	.28107E-02	.11690E+01
   1800.	    850.	.24361E-02	.28460E-02	.11683E+01
   1800.	    900.	.24642E-02	.28771E-02	.11675E+01
   1800.	    950.	.24888E-02	.29037E-02	.11667E+01
   1800.	   1000.	.25099E-02	.29260E-02	.11658E+01
   1800.	   1050.	.25275E-02	.29439E-02	.11647E+01
   1800.	   1100.	.25418E-02	.29576E-02	.11636E+01
   1800.	   1150.	.25528E-02	.29672E-02	.11624E+01
   1800.	   1200.	.25607E-02	.29731E-02	.11610E+01
   1800.	   1250.	.25657E-02	.29753E-02	.11597E+01
   1800.	   1300.	.25679E-02	.29743E-02	.11583E+01
   1800.	   1350.	.25675E-02	.29703E-02	.11569E+01
   1800.	   1400.	.25647E-02	.29637E-02	.11556E+01
   1800.	   1450.	.25596E-02	.29549E-02	.11544E+01
   1800.	   1500.	.25525E-02	.29443E-02	.11535E+01
   1800.	   1550.	.25434E-02	.29325E-02	.11530E+01
   1800.	   1600.	.25326E-02	.29201E-02	.11530E+01
   1800.	   1650.	.25202E-02	.29081E-02	.11539E+01
   1800.	   1700.	.25063E-02	.28982E-02	.11563E+01
   1800.	   1750.	.24912E-02	.28937E-02	.11616E+01
   1800.	   1800.	.24627E-02	.28984E-02	.11769E+01
   1800.	   1850.	.24575E-02	.29238E-02	.11898E+01
   1800.	   1900.	.24391E-02	.28864E-02	.11834E+01
   1800.	   1950.	.24200E-02	.28418E-02	.11743E+01
   1800.	   2000.	.24001E-02	.27979E-02	.11657E+01
   1850.	    200.	.14501E-02	.17321E-02	.11945E+01
   1850.	    250.	.14764E-02	.17520E-02	.11867E+01
   1850.	    300.	.15065E-02	.17787E-02	.11807E+01
   1850.	    350.	.15397E-02	.18106E-02	.11760E+01
   1850.	    400.	.15749E-02	.18464E-02	.11724E+01
   1850.	    450.	.16113E-02	.18847E-02	.11697E+01
   1850.	    500.	.16481E-02	.19244E-02	.11676E+01
   1850.	    550.	.16847E-02	.19646E-02	.11661E+01
   1850.	    600.	.17205E-02	.20043E-02	.11650E+01
   1850.	    650.	.17550E-02	.20430E-02	.11641E+01
   1850.	    700.	.17877E-02	.20798E-02	.11634E+01
   1850.	    750.	.18184E-02	.21144E-02	.11627E+01
   1850.	    800.	.18468E-02	.21463E-02	.11622E+01
   1850.	    850.	.18728E-02	.21753E-02	.11616E+01
   1850.	    900.	.18961E-02	.22013E-02	.11609E+01
   1850.	    950.	.19168E-02	.22240E-02	.11602E+01
   1850.	   1000.	.19349E-02	.22435E-02	.11595E+01
   1850.	   1050.	.19504E-02	.22597E-02	.11586E+01
   1850.	   1100.	.19633E-02	.22727E-02	.11576E+01
   1850.	   1150.	.19738E-02	.22827E-02	.11565E+01
   1850.	   1200.	.19818E-02	.22896E-02	.11553E+01
   1850.	   1250.	.19876E-02	.22938E-02	.11541E+01
   1850.	   1300.	.19912E-02	.22954E-02	.11528E+01
   1850.	   1350.	.19928E-02	.22946E-02	.11515E+01
   1850.	   1400.	.19924E-02	.22916E-02	.11502E+01
   1850.	   1450.	.19903E-02	.22867E-02	.11490E+01
   1850.	   1500.	.19865E-02	.22802E-02	.11479E+01
   1850.	   1550.	.19811E-02	.22725E-02	.11471E+01
   1850.	   1600.	.19743E-02	.22638E-02	.11466E+01
   1850.	   1650.	.19663E-02	.22548E-02	.11467E+01
   1850.	   1700.	.19570E-02	.22460E-02	.11477E+01
   1850.	   1750.	.19466E-02	.22388E-02	.11501E+01
   1850.	   1800.	.19353E-02	.22358E-02	.11553E+01
   1851.	   1850.	.19137E-02	.22394E-02	.11702E+01
   1850.	   1900.	.19100E-02	.22593E-02	.11829E+01
   1850.	   1950.	.18963E-02	.22314E-02	.11767E+01
   1850.	   2000.	.18819E-02	.21981E-02	.11680E+01
   1900.	    200.	.11128E-02	.13212E-02	.11873E+01
   1900.	    250.	.11325E-02	.13359E-02	.11796E+01
   1900.	    300.	.11553E-02	.13558E-02	.11735E+01
   1900.	    350.	.11804E-02	.13797E-02	.11688E+01
   1900.	    400.	.12072E-02	.14067E-02	.11652E+01
   1900.	    450.	.12351E-02	.14358E-02	.11624E+01
   1900.	    500.	.12636E-02	.14662E-02	.11603E+01
   1900.	    550.	.12920E-02	.14971E-02	.11588E+01
   1900.	    600.	.13199E-02	.15280E-02	.11577E+01
   1900.	    650.	.13470E-02	.15582E-02	.11568E+01
   1900.	    700.	.13729E-02	.15873E-02	.11561E+01
   1900.	    750.	.13974E-02	.16148E-02	.11555E+01
   1900.	    800.	.14203E-02	.16405E-02	.11550E+01
   1900.	    850.	.14414E-02	.16642E-02	.11545E+01
   1900.	    900.	.14606E-02	.16856E-02	.11540E+01
   1900.	    950.	.14779E-02	.17047E-02	.11534E+01
   1900.	   1000.	.14932E-02	.17214E-02	.11528E+01
   1900.	   1050.	.15066E-02	.17356E-02	.11520E+01
   1900.	   1100.	.15180E-02	.17475E-02	.11512E+01
   1900.	   1150.	.15275E-02	.17570E-02	.11503E+01
   1900.	   1200.	.15351E-02	.17642E-02	.11492E+01
   1900.	   1250.	.15411E-02	.17693E-02	.11481E+01
   1900.	   1300.	.15453E-02	.17723E-02	.11469E+01
   1900.	   1350.	.15479E-02	.17735E-02	.11457E+01
   1900.	   1400.	.15490E-02	.17728E-02	.11445E+01
   1900.	   1450.	.15487E-02	.17706E-02	.11433E+01
   1900.	   1500.	.15471E-02	.17670E-02	.11421E+01
   1900.	   1550.	.15442E-02	.17622E-02	.11412E+01
   1900.	   1600.	.15402E-02	.17565E-02	.11404E+01
   1900.	   1650.	.15352E-02	.17502E-02	.11401E+01
   1900.	   1700.	.15291E-02	.17435E-02	.11402E+01
   1900.	   1750.	.15222E-02	.17372E-02	.11412E+01
   1900.	   1800.	.15144E-02	.17320E-02	.11437E+01
   1900.	   1850.	.15059E-02	.17299E-02	.11488E+01
   1900.	   1900.	.14895E-02	.17327E-02	.11633E+01
   1900.	   1950.	.14869E-02	.17483E-02	.11757E+01
   1900.	   2000.	.14766E-02	.17274E-02	.11699E+01
   1950.	    200.	.85520E-03	.10090E-02	.11798E+01
   1950.	    250.	.87008E-03	.10199E-02	.11722E+01
   1950.	    300.	.88730E-03	.10347E-02	.11661E+01
   1950.	    350.	.90638E-03	.10527E-02	.11614E+01
   1950.	    400.	.92684E-03	.10730E-02	.11577E+01
   1950.	    450.	.94823E-03	.10952E-02	.11549E+01
   1950.	    500.	.97012E-03	.11184E-02	.11528E+01
   1950.	    550.	.99213E-03	.11422E-02	.11513E+01
   1950.	    600.	.10139E-02	.11661E-02	.11501E+01
   1950.	    650.	.10352E-02	.11897E-02	.11492E+01
   1950.	    700.	.10557E-02	.12125E-02	.11486E+01
   1950.	    750.	.10752E-02	.12344E-02	.11480E+01
   1950.	    800.	.10935E-02	.12550E-02	.11476E+01
   1950.	    850.	.11106E-02	.12741E-02	.11472E+01
   1950.	    900.	.11263E-02	.12916E-02	.11468E+01
   1950.	    950.	.11406E-02	.13075E-02	.11463E+01
   1950.	   1000.	.11534E-02	.13215E-02	.11458E+01
   1950.	   1050.	.11647E-02	.13338E-02	.11452E+01
   1950.	   1100.	.11746E-02	.13443E-02	.11444E+01
   1950.	   1150.	.11831E-02	.13530E-02	.11436E+01
   1950.	   1200.	.11901E-02	.13600E-02	.11427E+01
   1950.	   1250.	.11957E-02	.13652E-02	.11418E+01
   1950.	   1300.	.12001E-02	.13690E-02	.11407E+01
   1950.	   1350.	.12032E-02	.13712E-02	.11396E+01
   1950.	   1400.	.12051E-02	.13720E-02	.11384E+01
   1950.	   1450.	.12059E-02	.13715E-02	.11373E+01
   1950.	   1500.	.12057E-02	.13698E-02	.11361E+01
   1950.	   1550.	.12045E-02	.13672E-02	.11351E+01
   1950.	   1600.	.12023E-02	.13637E-02	.11342E+01
   1950.	   1650.	.11993E-02	.13595E-02	.11335E+01
   1950.	   1700.	.11955E-02	.13548E-02	.11332E+01
   1950.	   1750.	.11910E-02	.13499E-02	.11335E+01
   1950.	   1800.	.11857E-02	.13453E-02	.11345E+01
   1950.	   1850.	.11799E-02	.13415E-02	.11369E+01
   1950.	   1900.	.11735E-02	.13401E-02	.11420E+01
   1951.	   1950.	.11610E-02	.13423E-02	.11562E+01
   1950.	   2000.	.11593E-02	.13545E-02	.11684E+01
   2000.	    200.	.65816E-03	.77147E-03	.11722E+01
   2000.	    250.	.66938E-03	.77953E-03	.11646E+01
   2000.	    300.	.68241E-03	.79060E-03	.11585E+01
   2000.	    350.	.69692E-03	.80409E-03	.11538E+01
   2000.	    400.	.71253E-03	.81947E-03	.11501E+01
   2000.	    450.	.72893E-03	.83626E-03	.11472E+01
   2000.	    500.	.74580E-03	.85401E-03	.11451E+01
   2000.	    550.	.76285E-03	.87231E-03	.11435E+01
   2000.	    600.	.77982E-03	.89079E-03	.11423E+01
   2000.	    650.	.79649E-03	.90913E-03	.11414E+01
   2000.	    700.	.81265E-03	.92705E-03	.11408E+01
   2000.	    750.	.82813E-03	.94431E-03	.11403E+01
   2000.	    800.	.84280E-03	.96071E-03	.11399E+01
   2000.	    850.	.85656E-03	.97609E-03	.11395E+01
   2000.	    900.	.86932E-03	.99033E-03	.11392E+01
   2000.	    950.	.88104E-03	.10033E-02	.11388E+01
   2000.	   1000.	.89166E-03	.10151E-02	.11384E+01
   2000.	   1050.	.90119E-03	.10255E-02	.11379E+01
   2000.	   1100.	.90961E-03	.10345E-02	.11373E+01
   2000.	   1150.	.91694E-03	.10422E-02	.11366E+01
   2000.	   1200.	.92319E-03	.10486E-02	.11359E+01
   2000.	   1250.	.92840E-03	.10538E-02	.11350E+01
   2000.	   1300.	.93259E-03	.10576E-02	.11341E+01
   2000.	   1350.	.93582E-03	.10604E-02	.11331E+01
   2000.	   1400.	.93812E-03	.10620E-02	.11320E+01
   2000.	   1450.	.93955E-03	.10626E-02	.11309E+01
   2000.	   1500.	.94013E-03	.10622E-02	.11298E+01
   2000.	   1550.	.93993E-03	.10610E-02	.11288E+01
   2000.	   1600.	.93900E-03	.10590E-02	.11278E+01
   2000.	   1650.	.93737E-03	.10564E-02	.11270E+01
   2000.	   1700.	.93511E-03	.10533E-02	.11264E+01
   2000.	   1750.	.93225E-03	.10499E-02	.11262E+01
   2000.	   1800.	.92884E-03	.10463E-02	.11265E+01
   2000.	   1850.	.92492E-03	.10429E-02	.11276E+01
   2000.	   1900.	.92054E-03	.10402E-02	.11300E+01
   2000.	   1950.	.91573E-03	.10393E-02	.11349E+01
   2000.	   2000.	.90615E-03	.10410E-02	.11488E+01
