    200.	    200.	.41194E+04	.46129E+04	.11198E+01
    200.	    250.	.23224E+04	.25120E+04	.10816E+01
    200.	    300.	.13840E+04	.15082E+04	.10897E+01
    200.	    350.	.86710E+03	.95291E+03	.10990E+01
    200.	    400.	.56542E+03	.64752E+03	.11452E+01
    200.	    450.	.38093E+03	.44769E+03	.11752E+01
    200.	    500.	.26374E+03	.31494E+03	.11941E+01
    200.	    550.	.18686E+03	.22607E+03	.12098E+01
    200.	    600.	.13505E+03	.16463E+03	.12191E+01
    200.	    650.	.99290E+02	.12178E+03	.12265E+01
    200.	    700.	.74109E+02	.91437E+02	.12338E+01
    200.	    750.	.56055E+02	.69522E+02	.12402E+01
    200.	    800.	.42904E+02	.53463E+02	.12461E+01
    200.	    850.	.33188E+02	.41538E+02	.12516E+01
    200.	    900.	.25918E+02	.32490E+02	.12536E+01
    200.	    950.	.20415E+02	.25680E+02	.12579E+01
    200.	   1000.	.16207E+02	.20449E+02	.12617E+01
    200.	   1050.	.12959E+02	.16399E+02	.12654E+01
    200.	   1100.	.10430E+02	.13241E+02	.12695E+01
    200.	   1150.	.84449E+01	.10758E+02	.12739E+01
    200.	   1200.	.68757E+01	.87736E+01	.12760E+01
    200.	   1250.	.56269E+01	.72022E+01	.12800E+01
    200.	   1300.	.46267E+01	.59436E+01	.12846E+01
    200.	   1350.	.38212E+01	.49232E+01	.12884E+01
    200.	   1400.	.31689E+01	.40929E+01	.12916E+01
    200.	   1450.	.26380E+01	.34156E+01	.12948E+01
    200.	   1500.	.22040E+01	.28629E+01	.12990E+01
    200.	   1550.	.18475E+01	.24116E+01	.13053E+01
    200.	   1600.	.15536E+01	.20324E+01	.13082E+01
    200.	   1650.	.13103E+01	.17190E+01	.13119E+01
    200.	   1700.	.11082E+01	.14581E+01	.13158E+01
    200.	   1750.	.93966E+00	.12389E+01	.13185E+01
    200.	   1800.	.79875E+00	.10559E+01	.13219E+01
    200.	   1850.	.68055E+00	.90129E+00	.13243E+01
    200.	   1900.	.58113E+00	.77130E+00	.13273E+01
    200.	   1950.	.49726E+00	.66147E+00	.13302E+01
    200.	   2000.	.42634E+00	.56845E+00	.13333E+01
    250.	    200.	.26586E+04	.31719E+04	.11931E+01
    251.	    250.	.15303E+04	.17387E+04	.11362E+01
    250.	    300.	.94692E+03	.10421E+04	.11005E+01
    250.	    350.	.60771E+03	.66881E+03	.11005E+01
    250.	    400.	.40419E+03	.44613E+03	.11038E+01
    250.	    450.	.27686E+03	.31751E+03	.11468E+01
    250.	    500.	.19439E+03	.22835E+03	.11747E+01
    250.	    550.	.13940E+03	.16616E+03	.11920E+01
    250.	    600.	.10180E+03	.12289E+03	.12072E+01
    250.	    650.	.75534E+02	.91927E+02	.12170E+01
    250.	    700.	.56834E+02	.69610E+02	.12248E+01
    250.	    750.	.43297E+02	.53395E+02	.12332E+01
    250.	    800.	.33352E+02	.41335E+02	.12394E+01
    250.	    850.	.25947E+02	.32282E+02	.12441E+01
    250.	    900.	.20369E+02	.25452E+02	.12495E+01
    250.	    950.	.16120E+02	.20199E+02	.12530E+01
    250.	   1000.	.12853E+02	.16160E+02	.12573E+01
    250.	   1050.	.10317E+02	.12993E+02	.12594E+01
    250.	   1100.	.83337E+01	.10531E+02	.12637E+01
    250.	   1150.	.67701E+01	.85849E+01	.12681E+01
    250.	   1200.	.55290E+01	.70331E+01	.12720E+01
    250.	   1250.	.45376E+01	.57948E+01	.12771E+01
    250.	   1300.	.37409E+01	.47789E+01	.12775E+01
    250.	   1350.	.30972E+01	.39679E+01	.12812E+01
    250.	   1400.	.25743E+01	.33081E+01	.12850E+01
    250.	   1450.	.21476E+01	.27674E+01	.12886E+01
    250.	   1500.	.17978E+01	.23208E+01	.12909E+01
    250.	   1550.	.15099E+01	.19594E+01	.12977E+01
    250.	   1600.	.12719E+01	.16560E+01	.13021E+01
    250.	   1650.	.10744E+01	.14007E+01	.13036E+01
    250.	   1700.	.91009E+00	.11901E+01	.13077E+01
    250.	   1750.	.77283E+00	.10131E+01	.13109E+01
    250.	   1800.	.65783E+00	.86414E+00	.13136E+01
    250.	   1850.	.56121E+00	.73898E+00	.13168E+01
    250.	   1900.	.47980E+00	.63315E+00	.13196E+01
    250.	   1950.	.41103E+00	.54352E+00	.13224E+01
    250.	   2000.	.35278E+00	.46748E+00	.13251E+01
    300.	    200.	.17685E+04	.22055E+04	.12471E+01
    300.	    250.	.10593E+04	.12714E+04	.12003E+01
    300.	    300.	.66282E+03	.76149E+03	.11489E+01
    300.	    350.	.43737E+03	.48747E+03	.11145E+01
    300.	    400.	.29605E+03	.32869E+03	.11103E+01
    300.	    450.	.20582E+03	.22792E+03	.11074E+01
    300.	    500.	.14636E+03	.16820E+03	.11492E+01
    300.	    550.	.10612E+03	.12457E+03	.11739E+01
    300.	    600.	.78243E+02	.93178E+02	.11909E+01
    300.	    650.	.58547E+02	.70557E+02	.12051E+01
    300.	    700.	.44384E+02	.53987E+02	.12164E+01
    300.	    750.	.34039E+02	.41676E+02	.12244E+01
    300.	    800.	.26377E+02	.32462E+02	.12307E+01
    300.	    850.	.20632E+02	.25538E+02	.12378E+01
    300.	    900.	.16276E+02	.20238E+02	.12435E+01
    300.	    950.	.12938E+02	.16152E+02	.12484E+01
    300.	   1000.	.10358E+02	.12971E+02	.12523E+01
    300.	   1050.	.83455E+01	.10483E+02	.12561E+01
    300.	   1100.	.67640E+01	.85250E+01	.12603E+01
    300.	   1150.	.55123E+01	.69612E+01	.12628E+01
    300.	   1200.	.45149E+01	.57229E+01	.12676E+01
    300.	   1250.	.37153E+01	.47231E+01	.12712E+01
    300.	   1300.	.30707E+01	.39126E+01	.12742E+01
    300.	   1350.	.25482E+01	.32563E+01	.12779E+01
    300.	   1400.	.21226E+01	.27168E+01	.12799E+01
    300.	   1450.	.17744E+01	.22759E+01	.12827E+01
    300.	   1500.	.14882E+01	.19142E+01	.12862E+01
    300.	   1550.	.12520E+01	.16132E+01	.12884E+01
    300.	   1600.	.10564E+01	.13699E+01	.12967E+01
    300.	   1650.	.89384E+00	.11626E+01	.13006E+01
    300.	   1700.	.75823E+00	.98835E+00	.13035E+01
    300.	   1750.	.64476E+00	.84122E+00	.13047E+01
    300.	   1800.	.54953E+00	.71890E+00	.13082E+01
    300.	   1850.	.46939E+00	.61559E+00	.13115E+01
    300.	   1900.	.40177E+00	.52803E+00	.13143E+01
    300.	   1950.	.34455E+00	.45373E+00	.13169E+01
    300.	   2000.	.29604E+00	.39055E+00	.13193E+01
    350.	    200.	.12142E+04	.15633E+04	.12875E+01
    350.	    250.	.74742E+03	.93201E+03	.12470E+01
    350.	    300.	.48148E+03	.58078E+03	.12062E+01
    351.	    350.	.31958E+03	.37048E+03	.11593E+01
    350.	    400.	.22105E+03	.24889E+03	.11260E+01
    350.	    450.	.15575E+03	.17440E+03	.11198E+01
    350.	    500.	.11204E+03	.12474E+03	.11134E+01
    350.	    550.	.82055E+02	.94406E+02	.11505E+01
    350.	    600.	.61040E+02	.71663E+02	.11740E+01
    350.	    650.	.46033E+02	.54761E+02	.11896E+01
    350.	    700.	.35140E+02	.42275E+02	.12030E+01
    350.	    750.	.27118E+02	.32939E+02	.12146E+01
    350.	    800.	.21133E+02	.25835E+02	.12225E+01
    350.	    850.	.16614E+02	.20435E+02	.12300E+01
    350.	    900.	.13167E+02	.16283E+02	.12366E+01
    350.	    950.	.10511E+02	.13059E+02	.12424E+01
    350.	   1000.	.84469E+01	.10535E+02	.12472E+01
    350.	   1050.	.68298E+01	.85495E+01	.12518E+01
    350.	   1100.	.55536E+01	.69743E+01	.12558E+01
    350.	   1150.	.45394E+01	.57235E+01	.12609E+01
    350.	   1200.	.37284E+01	.47089E+01	.12630E+01
    350.	   1250.	.30760E+01	.38958E+01	.12665E+01
    350.	   1300.	.25483E+01	.32382E+01	.12707E+01
    350.	   1350.	.21194E+01	.27006E+01	.12742E+01
    350.	   1400.	.17691E+01	.22578E+01	.12762E+01
    350.	   1450.	.14818E+01	.18964E+01	.12798E+01
    350.	   1500.	.12450E+01	.15972E+01	.12828E+01
    350.	   1550.	.10492E+01	.13489E+01	.12856E+01
    350.	   1600.	.88673E+00	.11420E+01	.12879E+01
    350.	   1650.	.75138E+00	.97348E+00	.12956E+01
    350.	   1700.	.63828E+00	.82959E+00	.12997E+01
    350.	   1750.	.54348E+00	.70794E+00	.13026E+01
    350.	   1800.	.46379E+00	.60445E+00	.13033E+01
    350.	   1850.	.39662E+00	.51837E+00	.13070E+01
    350.	   1900.	.33985E+00	.44529E+00	.13102E+01
    350.	   1950.	.29176E+00	.38304E+00	.13128E+01
    350.	   2000.	.25093E+00	.32995E+00	.13149E+01
    400.	    200.	.85579E+03	.11302E+04	.13207E+01
    400.	    250.	.53931E+03	.69243E+03	.12839E+01
    400.	    300.	.35427E+03	.44189E+03	.12473E+01
    400.	    350.	.24048E+03	.29134E+03	.12115E+01
    400.	    400.	.16678E+03	.19479E+03	.11679E+01
    400.	    450.	.11959E+03	.13583E+03	.11358E+01
    400.	    500.	.86937E+02	.98064E+02	.11280E+01
    400.	    550.	.64261E+02	.71925E+02	.11193E+01
    400.	    600.	.48194E+02	.55542E+02	.11525E+01
    400.	    650.	.36611E+02	.43013E+02	.11749E+01
    400.	    700.	.28130E+02	.33433E+02	.11885E+01
    400.	    750.	.21835E+02	.26229E+02	.12012E+01
    400.	    800.	.17105E+02	.20750E+02	.12130E+01
    400.	    850.	.13512E+02	.16509E+02	.12218E+01
    400.	    900.	.10755E+02	.13219E+02	.12291E+01
    400.	    950.	.86200E+01	.10650E+02	.12355E+01
    400.	   1000.	.69526E+01	.86344E+01	.12419E+01
    400.	   1050.	.56405E+01	.70312E+01	.12466E+01
    400.	   1100.	.46007E+01	.57582E+01	.12516E+01
    400.	   1150.	.37712E+01	.47324E+01	.12549E+01
    400.	   1200.	.31057E+01	.39128E+01	.12599E+01
    400.	   1250.	.25685E+01	.32455E+01	.12635E+01
    400.	   1300.	.21328E+01	.27003E+01	.12661E+01
    400.	   1350.	.17776E+01	.22583E+01	.12704E+01
    400.	   1400.	.14868E+01	.18944E+01	.12742E+01
    400.	   1450.	.12476E+01	.15930E+01	.12769E+01
    400.	   1500.	.10501E+01	.13453E+01	.12812E+01
    400.	   1550.	.88639E+00	.11374E+01	.12832E+01
    400.	   1600.	.75025E+00	.96417E+00	.12851E+01
    400.	   1650.	.63664E+00	.81966E+00	.12875E+01
    400.	   1700.	.54155E+00	.70006E+00	.12927E+01
    400.	   1750.	.46170E+00	.59993E+00	.12994E+01
    400.	   1800.	.39448E+00	.51378E+00	.13024E+01
    400.	   1850.	.33773E+00	.44060E+00	.13046E+01
    400.	   1900.	.28970E+00	.37843E+00	.13063E+01
    400.	   1950.	.24896E+00	.32594E+00	.13092E+01
    400.	   2000.	.21432E+00	.28117E+00	.13119E+01
    450.	    200.	.61659E+03	.83087E+03	.13475E+01
    450.	    250.	.39660E+03	.52134E+03	.13145E+01
    450.	    300.	.26505E+03	.33958E+03	.12812E+01
    450.	    350.	.18258E+03	.22787E+03	.12481E+01
    450.	    400.	.12893E+03	.15676E+03	.12159E+01
    451.	    450.	.92505E+02	.10872E+03	.11752E+01
    450.	    500.	.68235E+02	.78104E+02	.11446E+01
    450.	    550.	.50867E+02	.57765E+02	.11356E+01
    450.	    600.	.38437E+02	.43259E+02	.11255E+01
    450.	    650.	.29396E+02	.33959E+02	.11552E+01
    450.	    700.	.22724E+02	.26704E+02	.11752E+01
    450.	    750.	.17735E+02	.21077E+02	.11884E+01
    450.	    800.	.13963E+02	.16743E+02	.11991E+01
    450.	    850.	.11080E+02	.13415E+02	.12107E+01
    450.	    900.	.88552E+01	.10810E+02	.12208E+01
    450.	    950.	.71240E+01	.87509E+01	.12284E+01
    450.	   1000.	.57659E+01	.71202E+01	.12349E+01
    450.	   1050.	.46927E+01	.58237E+01	.12410E+01
    450.	   1100.	.38389E+01	.47837E+01	.12461E+01
    450.	   1150.	.31554E+01	.39475E+01	.12510E+01
    450.	   1200.	.26050E+01	.32711E+01	.12557E+01
    450.	   1250.	.21596E+01	.27209E+01	.12599E+01
    450.	   1300.	.17972E+01	.22721E+01	.12643E+01
    450.	   1350.	.15009E+01	.19015E+01	.12669E+01
    450.	   1400.	.12577E+01	.15975E+01	.12701E+01
    450.	   1450.	.10573E+01	.13470E+01	.12740E+01
    450.	   1500.	.89139E+00	.11388E+01	.12775E+01
    450.	   1550.	.75362E+00	.96489E+00	.12803E+01
    450.	   1600.	.63881E+00	.81954E+00	.12829E+01
    450.	   1650.	.54283E+00	.69752E+00	.12850E+01
    450.	   1700.	.46235E+00	.59537E+00	.12877E+01
    450.	   1750.	.39466E+00	.50919E+00	.12902E+01
    450.	   1800.	.33759E+00	.43850E+00	.12989E+01
    450.	   1850.	.28934E+00	.37679E+00	.13022E+01
    450.	   1900.	.24845E+00	.32412E+00	.13046E+01
    450.	   1950.	.21372E+00	.27915E+00	.13062E+01
    450.	   2000.	.18415E+00	.24106E+00	.13091E+01
    500.	    200.	.45271E+03	.62011E+03	.13698E+01
    500.	    250.	.29647E+03	.39741E+03	.13405E+01
    500.	    300.	.20118E+03	.26351E+03	.13098E+01
    500.	    350.	.14042E+03	.17961E+03	.12791E+01
    500.	    400.	.10029E+03	.12528E+03	.12491E+01
    500.	    450.	.73042E+02	.89095E+02	.12198E+01
    500.	    500.	.53843E+02	.63623E+02	.11817E+01
    500.	    550.	.40637E+02	.46869E+02	.11534E+01
    500.	    600.	.30923E+02	.35340E+02	.11428E+01
    500.	    650.	.23798E+02	.26926E+02	.11315E+01
    500.	    700.	.18500E+02	.21419E+02	.11578E+01
    500.	    750.	.14513E+02	.17074E+02	.11764E+01
    500.	    800.	.11479E+02	.13645E+02	.11886E+01
    500.	    850.	.91477E+01	.10966E+02	.11988E+01
    500.	    900.	.73397E+01	.88706E+01	.12086E+01
    500.	    950.	.59258E+01	.72262E+01	.12194E+01
    500.	   1000.	.48119E+01	.59067E+01	.12275E+01
    500.	   1050.	.39282E+01	.48496E+01	.12346E+01
    500.	   1100.	.32225E+01	.39984E+01	.12408E+01
    500.	   1150.	.26557E+01	.33107E+01	.12467E+01
    500.	   1200.	.21978E+01	.27503E+01	.12514E+01
    500.	   1250.	.18261E+01	.22942E+01	.12564E+01
    500.	   1300.	.15228E+01	.19183E+01	.12597E+01
    500.	   1350.	.12743E+01	.16112E+01	.12644E+01
    500.	   1400.	.10698E+01	.13557E+01	.12673E+01
    500.	   1450.	.90082E+00	.11443E+01	.12703E+01
    500.	   1500.	.76070E+00	.96915E+00	.12740E+01
    500.	   1550.	.64410E+00	.82296E+00	.12777E+01
    500.	   1600.	.54675E+00	.70017E+00	.12806E+01
    500.	   1650.	.46522E+00	.59725E+00	.12838E+01
    500.	   1700.	.39674E+00	.51015E+00	.12859E+01
    500.	   1750.	.33906E+00	.43674E+00	.12881E+01
    500.	   1800.	.29036E+00	.37472E+00	.12905E+01
    500.	   1850.	.24912E+00	.32353E+00	.12987E+01
    500.	   1900.	.21412E+00	.27883E+00	.13022E+01
    500.	   1950.	.18436E+00	.24055E+00	.13048E+01
    500.	   2000.	.15899E+00	.20760E+00	.13057E+01
    550.	    200.	.33786E+03	.46880E+03	.13876E+01
    550.	    250.	.22480E+03	.30620E+03	.13621E+01
    550.	    300.	.15464E+03	.20637E+03	.13345E+01
    550.	    350.	.10922E+03	.14265E+03	.13061E+01
    550.	    400.	.78824E+02	.10071E+03	.12776E+01
    550.	    450.	.57933E+02	.72421E+02	.12501E+01
    550.	    500.	.43249E+02	.52904E+02	.12233E+01
    551.	    550.	.32590E+02	.38697E+02	.11874E+01
    550.	    600.	.25067E+02	.29101E+02	.11609E+01
    550.	    650.	.19404E+02	.22304E+02	.11495E+01
    550.	    700.	.15164E+02	.17245E+02	.11372E+01
    550.	    750.	.11953E+02	.13883E+02	.11614E+01
    550.	    800.	.94961E+01	.11190E+02	.11783E+01
    550.	    850.	.75977E+01	.90390E+01	.11897E+01
    550.	    900.	.61184E+01	.73386E+01	.11994E+01
    550.	    950.	.49566E+01	.59910E+01	.12087E+01
    550.	   1000.	.40375E+01	.49209E+01	.12188E+01
    550.	   1050.	.33055E+01	.40585E+01	.12278E+01
    550.	   1100.	.27190E+01	.33564E+01	.12344E+01
    550.	   1150.	.22463E+01	.27875E+01	.12409E+01
    550.	   1200.	.18633E+01	.23226E+01	.12465E+01
    550.	   1250.	.15515E+01	.19433E+01	.12525E+01
    550.	   1300.	.12965E+01	.16283E+01	.12560E+01
    550.	   1350.	.10869E+01	.13695E+01	.12600E+01
    550.	   1400.	.91408E+00	.11559E+01	.12646E+01
    550.	   1450.	.77097E+00	.97750E+00	.12679E+01
    550.	   1500.	.65206E+00	.82880E+00	.12710E+01
    550.	   1550.	.55291E+00	.70481E+00	.12747E+01
    550.	   1600.	.46999E+00	.60081E+00	.12784E+01
    550.	   1650.	.40042E+00	.51301E+00	.12812E+01
    550.	   1700.	.34190E+00	.43904E+00	.12841E+01
    550.	   1750.	.29252E+00	.37651E+00	.12871E+01
    550.	   1800.	.25077E+00	.32325E+00	.12890E+01
    550.	   1850.	.21537E+00	.27819E+00	.12917E+01
    550.	   1900.	.18530E+00	.24040E+00	.12974E+01
    550.	   1950.	.15969E+00	.20787E+00	.13017E+01
    550.	   2000.	.13783E+00	.17984E+00	.13048E+01
    600.	    200.	.25578E+03	.35879E+03	.14027E+01
    600.	    250.	.17262E+03	.23820E+03	.13799E+01
    600.	    300.	.12021E+03	.16290E+03	.13551E+01
    600.	    350.	.85815E+02	.11406E+03	.13292E+01
    600.	    400.	.62520E+02	.81462E+02	.13030E+01
    600.	    450.	.46335E+02	.59154E+02	.12767E+01
    600.	    500.	.34850E+02	.43603E+02	.12512E+01
    600.	    550.	.26550E+02	.32560E+02	.12264E+01
    600.	    600.	.20375E+02	.24300E+02	.11926E+01
    600.	    650.	.15922E+02	.18581E+02	.11670E+01
    600.	    700.	.12505E+02	.14451E+02	.11556E+01
    600.	    750.	.99017E+01	.11317E+02	.11429E+01
    600.	    800.	.78987E+01	.92048E+01	.11654E+01
    600.	    850.	.63436E+01	.74853E+01	.11800E+01
    600.	    900.	.51262E+01	.61072E+01	.11914E+01
    600.	    950.	.41661E+01	.50019E+01	.12006E+01
    600.	   1000.	.34036E+01	.41167E+01	.12095E+01
    600.	   1050.	.27942E+01	.34055E+01	.12188E+01
    600.	   1100.	.23043E+01	.28306E+01	.12284E+01
    600.	   1150.	.19083E+01	.23573E+01	.12353E+01
    600.	   1200.	.15865E+01	.19693E+01	.12413E+01
    600.	   1250.	.13237E+01	.16508E+01	.12471E+01
    600.	   1300.	.11082E+01	.13881E+01	.12525E+01
    600.	   1350.	.93080E+00	.11701E+01	.12571E+01
    600.	   1400.	.78411E+00	.98822E+00	.12603E+01
    600.	   1450.	.66240E+00	.83774E+00	.12647E+01
    600.	   1500.	.56106E+00	.71178E+00	.12686E+01
    600.	   1550.	.47642E+00	.60580E+00	.12716E+01
    600.	   1600.	.40550E+00	.51701E+00	.12750E+01
    600.	   1650.	.34591E+00	.44232E+00	.12787E+01
    600.	   1700.	.29570E+00	.37902E+00	.12818E+01
    600.	   1750.	.25327E+00	.32543E+00	.12849E+01
    600.	   1800.	.21735E+00	.27972E+00	.12870E+01
    600.	   1850.	.18685E+00	.24110E+00	.12903E+01
    600.	   1900.	.16091E+00	.20802E+00	.12928E+01
    600.	   1950.	.13879E+00	.17967E+00	.12946E+01
    600.	   2000.	.11989E+00	.15606E+00	.13017E+01
    650.	    200.	.19611E+03	.27765E+03	.14158E+01
    650.	    250.	.13403E+03	.18698E+03	.13950E+01
    650.	    300.	.94381E+02	.12959E+03	.13731E+01
    650.	    350.	.68035E+02	.91808E+02	.13494E+01
    650.	    400.	.49996E+02	.66243E+02	.13250E+01
    650.	    450.	.37339E+02	.48565E+02	.13007E+01
    650.	    500.	.28277E+02	.36084E+02	.12761E+01
    650.	    550.	.21677E+02	.27146E+02	.12523E+01
    650.	    600.	.16796E+02	.20649E+02	.12294E+01
    651.	    650.	.13090E+02	.15675E+02	.11975E+01
    650.	    700.	.10368E+02	.12156E+02	.11725E+01
    650.	    750.	.82442E+01	.95747E+01	.11614E+01
    650.	    800.	.66021E+01	.75832E+01	.11486E+01
    650.	    850.	.53212E+01	.62223E+01	.11693E+01
    650.	    900.	.43143E+01	.51021E+01	.11826E+01
    650.	    950.	.35169E+01	.41966E+01	.11933E+01
    650.	   1000.	.28814E+01	.34645E+01	.12024E+01
    650.	   1050.	.23717E+01	.28714E+01	.12107E+01
    650.	   1100.	.19606E+01	.23896E+01	.12188E+01
    650.	   1150.	.16273E+01	.19994E+01	.12287E+01
    650.	   1200.	.13557E+01	.16757E+01	.12360E+01
    650.	   1250.	.11334E+01	.14074E+01	.12418E+01
    650.	   1300.	.95070E+00	.11859E+01	.12474E+01
    650.	   1350.	.79987E+00	.10019E+01	.12526E+01
    650.	   1400.	.67491E+00	.84863E+00	.12574E+01
    650.	   1450.	.57102E+00	.72015E+00	.12612E+01
    650.	   1500.	.48436E+00	.61290E+00	.12654E+01
    650.	   1550.	.41184E+00	.52286E+00	.12696E+01
    650.	   1600.	.35098E+00	.44668E+00	.12727E+01
    650.	   1650.	.29976E+00	.38243E+00	.12758E+01
    650.	   1700.	.25653E+00	.32826E+00	.12796E+01
    650.	   1750.	.21996E+00	.28211E+00	.12825E+01
    650.	   1800.	.18895E+00	.24290E+00	.12855E+01
    650.	   1850.	.16259E+00	.20961E+00	.12892E+01
    650.	   1900.	.14014E+00	.18096E+00	.12913E+01
    650.	   1950.	.12098E+00	.15656E+00	.12941E+01
    650.	   2000.	.10459E+00	.13564E+00	.12969E+01
    700.	    200.	.15206E+03	.21697E+03	.14269E+01
    700.	    250.	.10512E+03	.14804E+03	.14082E+01
    700.	    300.	.74770E+02	.10380E+03	.13882E+01
    700.	    350.	.54379E+02	.74322E+02	.13667E+01
    700.	    400.	.40277E+02	.54147E+02	.13444E+01
    700.	    450.	.30295E+02	.40033E+02	.13215E+01
    700.	    500.	.23090E+02	.29985E+02	.12987E+01
    700.	    550.	.17802E+02	.22713E+02	.12758E+01
    700.	    600.	.13866E+02	.17383E+02	.12536E+01
    700.	    650.	.10899E+02	.13431E+02	.12322E+01
    700.	    700.	.86065E+01	.10346E+02	.12021E+01
    700.	    750.	.68960E+01	.81242E+01	.11781E+01
    700.	    800.	.55427E+01	.64679E+01	.11669E+01
    700.	    850.	.44825E+01	.51722E+01	.11539E+01
    700.	    900.	.36456E+01	.42769E+01	.11732E+01
    700.	    950.	.29805E+01	.35333E+01	.11855E+01
    700.	   1000.	.24484E+01	.29267E+01	.11953E+01
    700.	   1050.	.20203E+01	.24329E+01	.12042E+01
    700.	   1100.	.16740E+01	.20295E+01	.12124E+01
    700.	   1150.	.13924E+01	.16986E+01	.12199E+01
    700.	   1200.	.11624E+01	.14289E+01	.12292E+01
    700.	   1250.	.97363E+00	.12041E+01	.12367E+01
    700.	   1300.	.81810E+00	.10164E+01	.12424E+01
    700.	   1350.	.68946E+00	.86027E+00	.12477E+01
    700.	   1400.	.58266E+00	.73004E+00	.12529E+01
    700.	   1450.	.49371E+00	.62105E+00	.12579E+01
    700.	   1500.	.41936E+00	.52912E+00	.12617E+01
    700.	   1550.	.35704E+00	.45208E+00	.12662E+01
    700.	   1600.	.30465E+00	.38695E+00	.12702E+01
    700.	   1650.	.26048E+00	.33176E+00	.12736E+01
    700.	   1700.	.22316E+00	.28496E+00	.12769E+01
    700.	   1750.	.19155E+00	.24526E+00	.12804E+01
    700.	   1800.	.16470E+00	.21144E+00	.12838E+01
    700.	   1850.	.14185E+00	.18256E+00	.12870E+01
    700.	   1900.	.12237E+00	.15792E+00	.12905E+01
    700.	   1950.	.10572E+00	.13665E+00	.12925E+01
    700.	   2000.	.91473E-01	.11844E+00	.12948E+01
    750.	    200.	.11910E+03	.17110E+03	.14366E+01
    750.	    250.	.83195E+02	.11811E+03	.14197E+01
    750.	    300.	.59716E+02	.83682E+02	.14013E+01
    750.	    350.	.43785E+02	.60507E+02	.13819E+01
    750.	    400.	.32668E+02	.44471E+02	.13613E+01
    750.	    450.	.24732E+02	.33147E+02	.13402E+01
    750.	    500.	.18962E+02	.25004E+02	.13187E+01
    750.	    550.	.14699E+02	.19068E+02	.12972E+01
    750.	    600.	.11505E+02	.14679E+02	.12759E+01
    750.	    650.	.90837E+01	.11401E+02	.12551E+01
    750.	    700.	.72282E+01	.89268E+01	.12350E+01
    751.	    750.	.57726E+01	.69646E+01	.12065E+01
    750.	    800.	.46720E+01	.55279E+01	.11832E+01
    750.	    850.	.37904E+01	.44428E+01	.11721E+01
    750.	    900.	.30919E+01	.35835E+01	.11590E+01
    750.	    950.	.25348E+01	.29836E+01	.11771E+01
    750.	   1000.	.20876E+01	.24814E+01	.11887E+01
    750.	   1050.	.17267E+01	.20684E+01	.11979E+01
    750.	   1100.	.14339E+01	.17294E+01	.12061E+01
    750.	   1150.	.11951E+01	.14508E+01	.12139E+01
    750.	   1200.	.99963E+00	.12207E+01	.12212E+01
    750.	   1250.	.83881E+00	.10315E+01	.12298E+01
    750.	   1300.	.70601E+00	.87368E+00	.12375E+01
    750.	   1350.	.59594E+00	.74067E+00	.12429E+01
    750.	   1400.	.50438E+00	.62964E+00	.12483E+01
    750.	   1450.	.42798E+00	.53646E+00	.12535E+01
    750.	   1500.	.36401E+00	.45821E+00	.12588E+01
    750.	   1550.	.31031E+00	.39189E+00	.12629E+01
    750.	   1600.	.26509E+00	.33593E+00	.12672E+01
    750.	   1650.	.22692E+00	.28843E+00	.12711E+01
    750.	   1700.	.19461E+00	.24810E+00	.12749E+01
    750.	   1750.	.16720E+00	.21368E+00	.12780E+01
    750.	   1800.	.14390E+00	.18439E+00	.12814E+01
    750.	   1850.	.12405E+00	.15936E+00	.12847E+01
    750.	   1900.	.10710E+00	.13792E+00	.12877E+01
    750.	   1950.	.92603E-01	.11960E+00	.12915E+01
    750.	   2000.	.80180E-01	.10372E+00	.12936E+01
    800.	    200.	.94136E+02	.13605E+03	.14452E+01
    800.	    250.	.66379E+02	.94904E+02	.14297E+01
    800.	    300.	.48046E+02	.67883E+02	.14129E+01
    800.	    350.	.35493E+02	.49511E+02	.13950E+01
    800.	    400.	.26659E+02	.36692E+02	.13763E+01
    800.	    450.	.20306E+02	.27550E+02	.13567E+01
    800.	    500.	.15654E+02	.20923E+02	.13366E+01
    800.	    550.	.12196E+02	.16055E+02	.13165E+01
    800.	    600.	.95896E+01	.12431E+02	.12963E+01
    800.	    650.	.76032E+01	.97041E+01	.12763E+01
    800.	    700.	.60735E+01	.76325E+01	.12567E+01
    800.	    750.	.48844E+01	.60452E+01	.12376E+01
    800.	    800.	.39394E+01	.47694E+01	.12107E+01
    800.	    850.	.32165E+01	.38209E+01	.11879E+01
    800.	    900.	.26311E+01	.30971E+01	.11771E+01
    800.	    950.	.21626E+01	.25179E+01	.11643E+01
    800.	   1000.	.17855E+01	.21092E+01	.11813E+01
    800.	   1050.	.14801E+01	.17645E+01	.11921E+01
    800.	   1100.	.12317E+01	.14790E+01	.12007E+01
    800.	   1150.	.10287E+01	.12429E+01	.12083E+01
    800.	   1200.	.86200E+00	.10478E+01	.12155E+01
    800.	   1250.	.72458E+00	.88557E+00	.12222E+01
    800.	   1300.	.61085E+00	.75175E+00	.12307E+01
    800.	   1350.	.51640E+00	.63930E+00	.12380E+01
    800.	   1400.	.43769E+00	.54428E+00	.12435E+01
    800.	   1450.	.37189E+00	.46451E+00	.12491E+01
    800.	   1500.	.31671E+00	.39715E+00	.12540E+01
    800.	   1550.	.27031E+00	.34050E+00	.12597E+01
    800.	   1600.	.23118E+00	.29219E+00	.12639E+01
    800.	   1650.	.19810E+00	.25121E+00	.12681E+01
    800.	   1700.	.17007E+00	.21635E+00	.12721E+01
    800.	   1750.	.14626E+00	.18658E+00	.12757E+01
    800.	   1800.	.12599E+00	.16116E+00	.12791E+01
    800.	   1850.	.10870E+00	.13941E+00	.12825E+01
    800.	   1900.	.93926E-01	.12077E+00	.12858E+01
    800.	   1950.	.81274E-01	.10477E+00	.12891E+01
    800.	   2000.	.70421E-01	.91028E-01	.12926E+01
    850.	    200.	.75020E+02	.10898E+03	.14527E+01
    850.	    250.	.53356E+02	.76760E+02	.14386E+01
    850.	    300.	.38917E+02	.55387E+02	.14232E+01
    850.	    350.	.28948E+02	.40720E+02	.14067E+01
    850.	    400.	.21879E+02	.30401E+02	.13895E+01
    850.	    450.	.16759E+02	.22986E+02	.13716E+01
    850.	    500.	.12986E+02	.17570E+02	.13529E+01
    850.	    550.	.10164E+02	.13556E+02	.13337E+01
    850.	    600.	.80268E+01	.10552E+02	.13146E+01
    850.	    650.	.63893E+01	.82784E+01	.12957E+01
    850.	    700.	.51223E+01	.65409E+01	.12769E+01
    850.	    750.	.41333E+01	.52014E+01	.12584E+01
    850.	    800.	.33551E+01	.41611E+01	.12402E+01
    851.	    850.	.27295E+01	.33154E+01	.12147E+01
    850.	    900.	.22459E+01	.26791E+01	.11929E+01
    850.	    950.	.18506E+01	.21878E+01	.11822E+01
    850.	   1000.	.15314E+01	.17912E+01	.11697E+01
    850.	   1050.	.12723E+01	.15085E+01	.11857E+01
    850.	   1100.	.10609E+01	.12682E+01	.11954E+01
    850.	   1150.	.88769E+00	.10682E+01	.12034E+01
    850.	   1200.	.74516E+00	.90196E+00	.12104E+01
    850.	   1250.	.62741E+00	.76371E+00	.12173E+01
    850.	   1300.	.52976E+00	.64821E+00	.12236E+01
    850.	   1350.	.44851E+00	.55243E+00	.12317E+01
    850.	   1400.	.38067E+00	.47149E+00	.12386E+01
    850.	   1450.	.32386E+00	.40300E+00	.12444E+01
    850.	   1500.	.27614E+00	.34514E+00	.12499E+01
    850.	   1550.	.23595E+00	.29601E+00	.12545E+01
    850.	   1600.	.20202E+00	.25472E+00	.12609E+01
    850.	   1650.	.17329E+00	.21920E+00	.12649E+01
    850.	   1700.	.14891E+00	.18904E+00	.12695E+01
    850.	   1750.	.12818E+00	.16316E+00	.12729E+01
    850.	   1800.	.11052E+00	.14108E+00	.12766E+01
    850.	   1850.	.95430E-01	.12221E+00	.12806E+01
    850.	   1900.	.82522E-01	.10594E+00	.12838E+01
    850.	   1950.	.71459E-01	.91971E-01	.12870E+01
    850.	   2000.	.61960E-01	.79952E-01	.12904E+01
    900.	    200.	.60235E+02	.87897E+02	.14592E+01
    900.	    250.	.43179E+02	.62458E+02	.14465E+01
    900.	    300.	.31718E+02	.45433E+02	.14324E+01
    900.	    350.	.23743E+02	.33651E+02	.14173E+01
    900.	    400.	.18049E+02	.25291E+02	.14012E+01
    900.	    450.	.13899E+02	.19246E+02	.13847E+01
    900.	    500.	.10821E+02	.14794E+02	.13672E+01
    900.	    550.	.85070E+01	.11481E+02	.13495E+01
    900.	    600.	.67451E+01	.89800E+01	.13313E+01
    900.	    650.	.53890E+01	.70783E+01	.13135E+01
    900.	    700.	.43352E+01	.56159E+01	.12954E+01
    900.	    750.	.35093E+01	.44838E+01	.12777E+01
    900.	    800.	.28569E+01	.36004E+01	.12602E+01
    900.	    850.	.23380E+01	.29057E+01	.12428E+01
    900.	    900.	.19166E+01	.23352E+01	.12184E+01
    900.	    950.	.15879E+01	.19023E+01	.11980E+01
    900.	   1000.	.13169E+01	.15637E+01	.11874E+01
    900.	   1050.	.10963E+01	.12880E+01	.11748E+01
    900.	   1100.	.91595E+00	.10899E+01	.11899E+01
    900.	   1150.	.76780E+00	.92040E+00	.11987E+01
    900.	   1200.	.64562E+00	.77861E+00	.12060E+01
    900.	   1250.	.54446E+00	.66030E+00	.12127E+01
    900.	   1300.	.46042E+00	.56140E+00	.12193E+01
    900.	   1350.	.39035E+00	.47834E+00	.12254E+01
    900.	   1400.	.33175E+00	.40899E+00	.12328E+01
    900.	   1450.	.28259E+00	.35025E+00	.12394E+01
    900.	   1500.	.24124E+00	.30048E+00	.12456E+01
    900.	   1550.	.20636E+00	.25811E+00	.12508E+01
    900.	   1600.	.17686E+00	.22221E+00	.12564E+01
    900.	   1650.	.15186E+00	.19164E+00	.12619E+01
    900.	   1700.	.13062E+00	.16537E+00	.12661E+01
    900.	   1750.	.11254E+00	.14298E+00	.12705E+01
    900.	   1800.	.97105E-01	.12369E+00	.12738E+01
    900.	   1850.	.83915E-01	.10723E+00	.12778E+01
    900.	   1900.	.72620E-01	.93085E-01	.12818E+01
    900.	   1950.	.62929E-01	.80868E-01	.12851E+01
    900.	   2000.	.54601E-01	.70354E-01	.12885E+01
    950.	    200.	.48696E+02	.71368E+02	.14656E+01
    950.	    250.	.35162E+02	.51110E+02	.14536E+01
    950.	    300.	.25997E+02	.37451E+02	.14406E+01
    950.	    350.	.19576E+02	.27927E+02	.14266E+01
    950.	    400.	.14962E+02	.21121E+02	.14117E+01
    950.	    450.	.11578E+02	.16165E+02	.13962E+01
    950.	    500.	.90546E+01	.12499E+02	.13804E+01
    950.	    550.	.71475E+01	.97466E+01	.13636E+01
    950.	    600.	.56886E+01	.76617E+01	.13469E+01
    950.	    650.	.45608E+01	.60635E+01	.13295E+01
    950.	    700.	.36809E+01	.48314E+01	.13126E+01
    950.	    750.	.29885E+01	.38716E+01	.12955E+01
    950.	    800.	.24398E+01	.31196E+01	.12787E+01
    950.	    850.	.20018E+01	.25266E+01	.12622E+01
    950.	    900.	.16500E+01	.20549E+01	.12454E+01
    951.	    950.	.13618E+01	.16642E+01	.12220E+01
    950.	   1000.	.11352E+01	.13654E+01	.12028E+01
    950.	   1050.	.94691E+00	.11289E+01	.11922E+01
    950.	   1100.	.79259E+00	.93498E+00	.11797E+01
    950.	   1150.	.66554E+00	.79473E+00	.11941E+01
    950.	   1200.	.56054E+00	.67383E+00	.12021E+01
    950.	   1250.	.47344E+00	.57228E+00	.12088E+01
    950.	   1300.	.40094E+00	.48728E+00	.12153E+01
    950.	   1350.	.34038E+00	.41579E+00	.12215E+01
    950.	   1400.	.28965E+00	.35556E+00	.12275E+01
    950.	   1450.	.24703E+00	.30493E+00	.12344E+01
    950.	   1500.	.21112E+00	.26195E+00	.12408E+01
    950.	   1550.	.18079E+00	.22535E+00	.12465E+01
    950.	   1600.	.15510E+00	.19415E+00	.12517E+01
    950.	   1650.	.13330E+00	.16772E+00	.12581E+01
    950.	   1700.	.11476E+00	.14492E+00	.12628E+01
    950.	   1750.	.98957E-01	.12540E+00	.12672E+01
    950.	   1800.	.85457E-01	.10868E+00	.12718E+01
    950.	   1850.	.73906E-01	.94221E-01	.12749E+01
    950.	   1900.	.64003E-01	.81865E-01	.12791E+01
    950.	   1950.	.55499E-01	.71213E-01	.12831E+01
    950.	   2000.	.48185E-01	.61988E-01	.12865E+01
   1000.	    200.	.39615E+02	.58311E+02	.14719E+01
   1000.	    250.	.28798E+02	.42041E+02	.14599E+01
   1000.	    300.	.21421E+02	.31015E+02	.14479E+01
   1000.	    350.	.16219E+02	.23276E+02	.14351E+01
   1000.	    400.	.12457E+02	.17707E+02	.14214E+01
   1000.	    450.	.96839E+01	.13624E+02	.14069E+01
   1000.	    500.	.76056E+01	.10587E+02	.13921E+01
   1000.	    550.	.60269E+01	.82971E+01	.13767E+01
   1000.	    600.	.48138E+01	.65505E+01	.13608E+01
   1000.	    650.	.38722E+01	.52063E+01	.13445E+01
   1000.	    700.	.31347E+01	.41633E+01	.13281E+01
   1000.	    750.	.25523E+01	.33487E+01	.13120E+01
   1000.	    800.	.20892E+01	.27072E+01	.12958E+01
   1000.	    850.	.17183E+01	.21992E+01	.12799E+01
   1000.	    900.	.14196E+01	.17947E+01	.12642E+01
   1000.	    950.	.11777E+01	.14698E+01	.12480E+01
   1000.	   1000.	.97790E+00	.11985E+01	.12256E+01
   1000.	   1050.	.81963E+00	.98950E+00	.12072E+01
   1000.	   1100.	.68726E+00	.82251E+00	.11968E+01
   1000.	   1150.	.57806E+00	.68463E+00	.11844E+01
   1000.	   1200.	.48763E+00	.58427E+00	.11982E+01
   1000.	   1250.	.41246E+00	.49719E+00	.12054E+01
   1000.	   1300.	.34978E+00	.42383E+00	.12117E+01
   1000.	   1350.	.29734E+00	.36218E+00	.12181E+01
   1000.	   1400.	.25333E+00	.31008E+00	.12240E+01
   1000.	   1450.	.21630E+00	.26600E+00	.12298E+01
   1000.	   1500.	.18506E+00	.22874E+00	.12360E+01
   1000.	   1550.	.15864E+00	.19706E+00	.12422E+01
   1000.	   1600.	.13623E+00	.16998E+00	.12478E+01
   1000.	   1650.	.11719E+00	.14681E+00	.12527E+01
   1000.	   1700.	.10098E+00	.12717E+00	.12594E+01
   1000.	   1750.	.87142E-01	.11014E+00	.12639E+01
   1000.	   1800.	.75313E-01	.95520E-01	.12683E+01
   1000.	   1850.	.65180E-01	.82962E-01	.12728E+01
   1000.	   1900.	.56486E-01	.72065E-01	.12758E+01
   1000.	   1950.	.49013E-01	.62745E-01	.12802E+01
   1000.	   2000.	.42580E-01	.54680E-01	.12842E+01
   1050.	    200.	.32415E+02	.47909E+02	.14780E+01
   1050.	    250.	.23710E+02	.34748E+02	.14655E+01
   1050.	    300.	.17736E+02	.25797E+02	.14546E+01
   1050.	    350.	.13497E+02	.19473E+02	.14428E+01
   1050.	    400.	.10415E+02	.14895E+02	.14301E+01
   1050.	    450.	.81312E+01	.11520E+02	.14167E+01
   1050.	    500.	.64113E+01	.89935E+01	.14027E+01
   1050.	    550.	.50991E+01	.70794E+01	.13884E+01
   1050.	    600.	.40865E+01	.56126E+01	.13735E+01
   1050.	    650.	.32974E+01	.44790E+01	.13584E+01
   1050.	    700.	.26771E+01	.35945E+01	.13427E+01
   1050.	    750.	.21856E+01	.29007E+01	.13272E+01
   1050.	    800.	.17935E+01	.23526E+01	.13118E+01
   1050.	    850.	.14786E+01	.19167E+01	.12963E+01
   1050.	    900.	.12242E+01	.15684E+01	.12812E+01
   1050.	    950.	.10177E+01	.12886E+01	.12662E+01
   1050.	   1000.	.84910E+00	.10620E+01	.12507E+01
   1051.	   1050.	.70889E+00	.87148E+00	.12294E+01
   1050.	   1100.	.59710E+00	.72328E+00	.12113E+01
   1050.	   1150.	.50302E+00	.60421E+00	.12012E+01
   1050.	   1200.	.42496E+00	.50527E+00	.11890E+01
   1050.	   1250.	.35996E+00	.43274E+00	.12022E+01
   1050.	   1300.	.30566E+00	.36953E+00	.12089E+01
   1050.	   1350.	.26016E+00	.31604E+00	.12148E+01
   1050.	   1400.	.22192E+00	.27090E+00	.12207E+01
   1050.	   1450.	.18969E+00	.23264E+00	.12264E+01
   1050.	   1500.	.16246E+00	.20014E+00	.12319E+01
   1050.	   1550.	.13940E+00	.17256E+00	.12379E+01
   1050.	   1600.	.11983E+00	.14902E+00	.12437E+01
   1050.	   1650.	.10317E+00	.12887E+00	.12491E+01
   1050.	   1700.	.88970E-01	.11158E+00	.12541E+01
   1050.	   1750.	.76840E-01	.96877E-01	.12608E+01
   1050.	   1800.	.66459E-01	.84074E-01	.12651E+01
   1050.	   1850.	.57559E-01	.73062E-01	.12693E+01
   1050.	   1900.	.49914E-01	.63578E-01	.12737E+01
   1050.	   1950.	.43338E-01	.55335E-01	.12768E+01
   1050.	   2000.	.37672E-01	.48264E-01	.12812E+01
   1100.	    200.	.26665E+02	.39537E+02	.14827E+01
   1100.	    250.	.19617E+02	.28873E+02	.14718E+01
   1100.	    300.	.14750E+02	.21543E+02	.14605E+01
   1100.	    350.	.11279E+02	.16350E+02	.14496E+01
   1100.	    400.	.87418E+01	.12570E+02	.14380E+01
   1100.	    450.	.68520E+01	.97669E+01	.14254E+01
   1100.	    500.	.54228E+01	.76594E+01	.14125E+01
   1100.	    550.	.43277E+01	.60543E+01	.13990E+01
   1100.	    600.	.34793E+01	.48195E+01	.13852E+01
   1100.	    650.	.28157E+01	.38596E+01	.13708E+01
   1100.	    700.	.22923E+01	.31091E+01	.13563E+01
   1100.	    750.	.18762E+01	.25167E+01	.13413E+01
   1100.	    800.	.15433E+01	.20472E+01	.13266E+01
   1100.	    850.	.12751E+01	.16728E+01	.13118E+01
   1100.	    900.	.10580E+01	.13723E+01	.12971E+01
   1100.	    950.	.88119E+00	.11302E+01	.12826E+01
   1100.	   1000.	.73658E+00	.93425E+00	.12684E+01
   1100.	   1050.	.61775E+00	.77429E+00	.12534E+01
   1100.	   1100.	.51827E+00	.63912E+00	.12332E+01
   1100.	   1150.	.43848E+00	.53293E+00	.12154E+01
   1100.	   1200.	.37097E+00	.44717E+00	.12054E+01
   1100.	   1250.	.31465E+00	.37553E+00	.11935E+01
   1100.	   1300.	.26753E+00	.32266E+00	.12061E+01
   1100.	   1350.	.22797E+00	.27641E+00	.12125E+01
   1100.	   1400.	.19468E+00	.23708E+00	.12178E+01
   1100.	   1450.	.16659E+00	.20380E+00	.12234E+01
   1100.	   1500.	.14282E+00	.17551E+00	.12288E+01
   1100.	   1550.	.12267E+00	.15139E+00	.12341E+01
   1100.	   1600.	.10553E+00	.13085E+00	.12398E+01
   1100.	   1650.	.90943E-01	.11326E+00	.12454E+01
   1100.	   1700.	.78489E-01	.98182E-01	.12509E+01
   1100.	   1750.	.67840E-01	.85283E-01	.12571E+01
   1100.	   1800.	.58717E-01	.74094E-01	.12619E+01
   1100.	   1850.	.50888E-01	.64423E-01	.12660E+01
   1100.	   1900.	.44158E-01	.56102E-01	.12705E+01
   1100.	   1950.	.38363E-01	.48907E-01	.12748E+01
   1100.	   2000.	.33367E-01	.42647E-01	.12781E+01
   1150.	    200.	.22044E+02	.32784E+02	.14872E+01
   1150.	    250.	.16304E+02	.24083E+02	.14772E+01
   1150.	    300.	.12319E+02	.18061E+02	.14661E+01
   1150.	    350.	.94619E+01	.13775E+02	.14559E+01
   1150.	    400.	.73635E+01	.10642E+02	.14452E+01
   1150.	    450.	.57935E+01	.83060E+01	.14337E+01
   1150.	    500.	.46010E+01	.65401E+01	.14214E+01
   1150.	    550.	.36838E+01	.51897E+01	.14088E+01
   1150.	    600.	.29705E+01	.41461E+01	.13958E+01
   1150.	    650.	.24107E+01	.33329E+01	.13825E+01
   1150.	    700.	.19676E+01	.26928E+01	.13685E+01
   1150.	    750.	.16144E+01	.21870E+01	.13546E+01
   1150.	    800.	.13309E+01	.17840E+01	.13404E+01
   1150.	    850.	.11020E+01	.14616E+01	.13263E+01
   1150.	    900.	.91615E+00	.12022E+01	.13122E+01
   1150.	    950.	.76449E+00	.99236E+00	.12981E+01
   1150.	   1000.	.64015E+00	.82211E+00	.12843E+01
   1150.	   1050.	.53776E+00	.68326E+00	.12706E+01
   1150.	   1100.	.45311E+00	.56920E+00	.12562E+01
   1151.	   1150.	.38182E+00	.47230E+00	.12370E+01
   1150.	   1200.	.32435E+00	.39561E+00	.12197E+01
   1150.	   1250.	.27547E+00	.33327E+00	.12098E+01
   1150.	   1300.	.23449E+00	.28094E+00	.11981E+01
   1150.	   1350.	.20006E+00	.24207E+00	.12100E+01
   1150.	   1400.	.17103E+00	.20794E+00	.12158E+01
   1150.	   1450.	.14650E+00	.17884E+00	.12208E+01
   1150.	   1500.	.12572E+00	.15416E+00	.12262E+01
   1150.	   1550.	.10808E+00	.13309E+00	.12314E+01
   1150.	   1600.	.93062E-01	.11509E+00	.12367E+01
   1150.	   1650.	.80261E-01	.99675E-01	.12419E+01
   1150.	   1700.	.69324E-01	.86464E-01	.12472E+01
   1150.	   1750.	.59962E-01	.75117E-01	.12527E+01
   1150.	   1800.	.51934E-01	.65357E-01	.12585E+01
   1150.	   1850.	.45039E-01	.56890E-01	.12631E+01
   1150.	   1900.	.39106E-01	.49550E-01	.12671E+01
   1150.	   1950.	.33995E-01	.43228E-01	.12716E+01
   1150.	   2000.	.29584E-01	.37749E-01	.12760E+01
   1200.	    200.	.18307E+02	.27301E+02	.14913E+01
   1200.	    250.	.13608E+02	.20162E+02	.14817E+01
   1200.	    300.	.10329E+02	.15205E+02	.14720E+01
   1200.	    350.	.79664E+01	.11643E+02	.14615E+01
   1200.	    400.	.62235E+01	.90347E+01	.14517E+01
   1200.	    450.	.49140E+01	.70812E+01	.14410E+01
   1200.	    500.	.39154E+01	.55976E+01	.14297E+01
   1200.	    550.	.31444E+01	.44584E+01	.14179E+01
   1200.	    600.	.25427E+01	.35741E+01	.14056E+01
   1200.	    650.	.20690E+01	.28824E+01	.13931E+01
   1200.	    700.	.16929E+01	.23366E+01	.13802E+01
   1200.	    750.	.13922E+01	.19028E+01	.13668E+01
   1200.	    800.	.11502E+01	.15569E+01	.13536E+01
   1200.	    850.	.95430E+00	.12785E+01	.13398E+01
   1200.	    900.	.79485E+00	.10541E+01	.13262E+01
   1200.	    950.	.66445E+00	.87220E+00	.13127E+01
   1200.	   1000.	.55731E+00	.72404E+00	.12992E+01
   1200.	   1050.	.46890E+00	.60301E+00	.12860E+01
   1200.	   1100.	.39568E+00	.50364E+00	.12728E+01
   1200.	   1150.	.33480E+00	.42151E+00	.12590E+01
   1200.	   1200.	.28326E+00	.35140E+00	.12406E+01
   1200.	   1250.	.24150E+00	.29563E+00	.12241E+01
   1200.	   1300.	.20582E+00	.24997E+00	.12145E+01
   1200.	   1350.	.17579E+00	.21145E+00	.12029E+01
   1200.	   1400.	.15044E+00	.18266E+00	.12141E+01
   1200.	   1450.	.12899E+00	.15729E+00	.12194E+01
   1200.	   1500.	.11080E+00	.13562E+00	.12240E+01
   1200.	   1550.	.95332E-01	.11719E+00	.12293E+01
   1200.	   1600.	.82158E-01	.10139E+00	.12341E+01
   1200.	   1650.	.70912E-01	.87870E-01	.12391E+01
   1200.	   1700.	.61295E-01	.76257E-01	.12441E+01
   1200.	   1750.	.53055E-01	.66280E-01	.12493E+01
   1200.	   1800.	.45982E-01	.57695E-01	.12547E+01
   1200.	   1850.	.39902E-01	.50277E-01	.12600E+01
   1200.	   1900.	.34667E-01	.43845E-01	.12647E+01
   1200.	   1950.	.30153E-01	.38253E-01	.12687E+01
   1200.	   2000.	.26254E-01	.33425E-01	.12731E+01
   1250.	    200.	.15269E+02	.22823E+02	.14948E+01
   1250.	    250.	.11402E+02	.16945E+02	.14861E+01
   1250.	    300.	.86917E+01	.12837E+02	.14770E+01
   1250.	    350.	.67300E+01	.98720E+01	.14669E+01
   1250.	    400.	.52766E+01	.76912E+01	.14576E+01
   1250.	    450.	.41803E+01	.60523E+01	.14478E+01
   1250.	    500.	.33411E+01	.48023E+01	.14373E+01
   1250.	    550.	.26909E+01	.38378E+01	.14262E+01
   1250.	    600.	.21819E+01	.30871E+01	.14149E+01
   1250.	    650.	.17798E+01	.24970E+01	.14030E+01
   1250.	    700.	.14597E+01	.20303E+01	.13909E+01
   1250.	    750.	.12031E+01	.16582E+01	.13783E+01
   1250.	    800.	.99598E+00	.13601E+01	.13656E+01
   1250.	    850.	.82793E+00	.11199E+01	.13527E+01
   1250.	    900.	.69085E+00	.92524E+00	.13393E+01
   1250.	    950.	.57849E+00	.76735E+00	.13265E+01
   1250.	   1000.	.48598E+00	.63829E+00	.13134E+01
   1250.	   1050.	.40951E+00	.53254E+00	.13004E+01
   1250.	   1100.	.34605E+00	.44565E+00	.12878E+01
   1250.	   1150.	.29319E+00	.37388E+00	.12752E+01
   1250.	   1200.	.24903E+00	.31424E+00	.12619E+01
   1251.	   1250.	.21146E+00	.26307E+00	.12440E+01
   1250.	   1300.	.18089E+00	.22220E+00	.12284E+01
   1250.	   1350.	.15466E+00	.18853E+00	.12190E+01
   1250.	   1400.	.13249E+00	.15998E+00	.12075E+01
   1250.	   1450.	.11371E+00	.13853E+00	.12183E+01
   1250.	   1500.	.97758E-01	.11957E+00	.12231E+01
   1250.	   1550.	.84184E-01	.10333E+00	.12274E+01
   1250.	   1600.	.72609E-01	.89470E-01	.12322E+01
   1250.	   1650.	.62718E-01	.77570E-01	.12368E+01
   1250.	   1700.	.54251E-01	.67361E-01	.12417E+01
   1250.	   1750.	.46989E-01	.58570E-01	.12465E+01
   1250.	   1800.	.40752E-01	.50997E-01	.12514E+01
   1250.	   1850.	.35385E-01	.44474E-01	.12569E+01
   1250.	   1900.	.30760E-01	.38817E-01	.12619E+01
   1250.	   1950.	.26768E-01	.33905E-01	.12666E+01
   1250.	   2000.	.23319E-01	.29624E-01	.12704E+01
   1300.	    200.	.12785E+02	.19159E+02	.14985E+01
   1300.	    250.	.95893E+01	.14289E+02	.14900E+01
   1300.	    300.	.73391E+01	.10872E+02	.14813E+01
   1300.	    350.	.57035E+01	.83987E+01	.14725E+01
   1300.	    400.	.44871E+01	.65645E+01	.14630E+01
   1300.	    450.	.35660E+01	.51854E+01	.14541E+01
   1300.	    500.	.28585E+01	.41287E+01	.14444E+01
   1300.	    550.	.23085E+01	.33104E+01	.14340E+01
   1300.	    600.	.18766E+01	.26708E+01	.14232E+01
   1300.	    650.	.15344E+01	.21667E+01	.14120E+01
   1300.	    700.	.12612E+01	.17666E+01	.14006E+01
   1300.	    750.	.10417E+01	.14468E+01	.13889E+01
   1300.	    800.	.86405E+00	.11896E+01	.13768E+01
   1300.	    850.	.71958E+00	.98196E+00	.13646E+01
   1300.	    900.	.60147E+00	.81322E+00	.13521E+01
   1300.	    950.	.50446E+00	.67562E+00	.13393E+01
   1300.	   1000.	.42444E+00	.56324E+00	.13270E+01
   1300.	   1050.	.35817E+00	.47076E+00	.13144E+01
   1300.	   1100.	.30307E+00	.39456E+00	.13019E+01
   1300.	   1150.	.25711E+00	.33162E+00	.12898E+01
   1300.	   1200.	.21865E+00	.27935E+00	.12776E+01
   1300.	   1250.	.18636E+00	.23569E+00	.12647E+01
   1300.	   1300.	.15877E+00	.19807E+00	.12475E+01
   1300.	   1350.	.13623E+00	.16789E+00	.12324E+01
   1300.	   1400.	.11681E+00	.14289E+00	.12232E+01
   1300.	   1450.	.10035E+00	.12161E+00	.12119E+01
   1300.	   1500.	.86344E-01	.10553E+00	.12222E+01
   1300.	   1550.	.74416E-01	.91279E-01	.12266E+01
   1300.	   1600.	.64233E-01	.79048E-01	.12306E+01
   1300.	   1650.	.55524E-01	.68583E-01	.12352E+01
   1300.	   1700.	.48061E-01	.59574E-01	.12395E+01
   1300.	   1750.	.41655E-01	.51834E-01	.12444E+01
   1300.	   1800.	.36148E-01	.45149E-01	.12490E+01
   1300.	   1850.	.31406E-01	.39377E-01	.12538E+01
   1300.	   1900.	.27316E-01	.34390E-01	.12590E+01
   1300.	   1950.	.23784E-01	.30064E-01	.12641E+01
   1300.	   2000.	.20729E-01	.26296E-01	.12686E+01
   1350.	    200.	.10745E+02	.16137E+02	.15018E+01
   1350.	    250.	.80925E+01	.12088E+02	.14938E+01
   1350.	    300.	.62168E+01	.92355E+01	.14856E+01
   1350.	    350.	.48481E+01	.71606E+01	.14770E+01
   1350.	    400.	.38263E+01	.56195E+01	.14686E+01
   1350.	    450.	.30499E+01	.44518E+01	.14596E+01
   1350.	    500.	.24516E+01	.35568E+01	.14508E+01
   1350.	    550.	.19850E+01	.28610E+01	.14413E+01
   1350.	    600.	.16175E+01	.23148E+01	.14311E+01
   1350.	    650.	.13256E+01	.18833E+01	.14207E+01
   1350.	    700.	.10919E+01	.15394E+01	.14098E+01
   1350.	    750.	.90358E+00	.12639E+01	.13987E+01
   1350.	    800.	.75091E+00	.10419E+01	.13875E+01
   1350.	    850.	.62646E+00	.86180E+00	.13757E+01
   1350.	    900.	.52450E+00	.71539E+00	.13639E+01
   1350.	    950.	.44058E+00	.59553E+00	.13517E+01
   1350.	   1000.	.37123E+00	.49727E+00	.13395E+01
   1350.	   1050.	.31370E+00	.41647E+00	.13276E+01
   1350.	   1100.	.26579E+00	.34962E+00	.13154E+01
   1350.	   1150.	.22576E+00	.29426E+00	.13034E+01
   1350.	   1200.	.19221E+00	.24829E+00	.12918E+01
   1350.	   1250.	.16400E+00	.20994E+00	.12801E+01
   1350.	   1300.	.14023E+00	.17774E+00	.12676E+01
   1351.	   1350.	.11983E+00	.14992E+00	.12511E+01
   1350.	   1400.	.10310E+00	.12747E+00	.12363E+01
   1350.	   1450.	.88645E-01	.10879E+00	.12273E+01
   1350.	   1500.	.76340E-01	.92841E-01	.12162E+01
   1350.	   1550.	.65845E-01	.80726E-01	.12260E+01
   1350.	   1600.	.56878E-01	.69968E-01	.12302E+01
   1350.	   1650.	.49200E-01	.60711E-01	.12340E+01
   1350.	   1700.	.42615E-01	.52771E-01	.12383E+01
   1350.	   1750.	.36959E-01	.45921E-01	.12425E+01
   1350.	   1800.	.32091E-01	.40020E-01	.12471E+01
   1350.	   1850.	.27897E-01	.34918E-01	.12517E+01
   1350.	   1900.	.24277E-01	.30499E-01	.12563E+01
   1350.	   1950.	.21148E-01	.26670E-01	.12611E+01
   1350.	   2000.	.18441E-01	.23351E-01	.12663E+01
   1400.	    200.	.90623E+01	.13638E+02	.15049E+01
   1400.	    250.	.68513E+01	.10258E+02	.14973E+01
   1400.	    300.	.52819E+01	.78674E+01	.14895E+01
   1400.	    350.	.41325E+01	.61228E+01	.14816E+01
   1400.	    400.	.32715E+01	.48206E+01	.14735E+01
   1400.	    450.	.26150E+01	.38307E+01	.14649E+01
   1400.	    500.	.21075E+01	.30703E+01	.14569E+01
   1400.	    550.	.17106E+01	.24767E+01	.14478E+01
   1400.	    600.	.13971E+01	.20097E+01	.14385E+01
   1400.	    650.	.11474E+01	.16391E+01	.14285E+01
   1400.	    700.	.94702E+00	.13434E+01	.14186E+01
   1400.	    750.	.78518E+00	.11055E+01	.14080E+01
   1400.	    800.	.65368E+00	.91332E+00	.13972E+01
   1400.	    850.	.54625E+00	.75732E+00	.13864E+01
   1400.	    900.	.45806E+00	.62976E+00	.13748E+01
   1400.	    950.	.38535E+00	.52544E+00	.13635E+01
   1400.	   1000.	.32515E+00	.43949E+00	.13516E+01
   1400.	   1050.	.27512E+00	.36864E+00	.13399E+01
   1400.	   1100.	.23339E+00	.31002E+00	.13284E+01
   1400.	   1150.	.19847E+00	.26130E+00	.13166E+01
   1400.	   1200.	.16916E+00	.22078E+00	.13051E+01
   1400.	   1250.	.14449E+00	.18696E+00	.12939E+01
   1400.	   1300.	.12366E+00	.15861E+00	.12826E+01
   1400.	   1350.	.10604E+00	.13472E+00	.12704E+01
   1400.	   1400.	.90870E-01	.11401E+00	.12547E+01
   1400.	   1450.	.78386E-01	.97214E-01	.12402E+01
   1400.	   1500.	.67558E-01	.83189E-01	.12314E+01
   1400.	   1550.	.58315E-01	.71170E-01	.12204E+01
   1400.	   1600.	.50408E-01	.61993E-01	.12298E+01
   1400.	   1650.	.43633E-01	.53831E-01	.12337E+01
   1400.	   1700.	.37818E-01	.46792E-01	.12373E+01
   1400.	   1750.	.32818E-01	.40740E-01	.12414E+01
   1400.	   1800.	.28512E-01	.35512E-01	.12455E+01
   1400.	   1850.	.24798E-01	.30995E-01	.12499E+01
   1400.	   1900.	.21591E-01	.27082E-01	.12543E+01
   1400.	   1950.	.18818E-01	.23688E-01	.12588E+01
   1400.	   2000.	.16416E-01	.20741E-01	.12635E+01
   1450.	    200.	.76679E+01	.11562E+02	.15078E+01
   1450.	    250.	.58181E+01	.87295E+01	.15004E+01
   1450.	    300.	.45003E+01	.67198E+01	.14932E+01
   1450.	    350.	.35319E+01	.52474E+01	.14857E+01
   1450.	    400.	.28040E+01	.41445E+01	.14781E+01
   1450.	    450.	.22473E+01	.33044E+01	.14704E+01
   1450.	    500.	.18157E+01	.26547E+01	.14621E+01
   1450.	    550.	.14771E+01	.21480E+01	.14542E+01
   1450.	    600.	.12090E+01	.17476E+01	.14454E+01
   1450.	    650.	.99498E+00	.14289E+01	.14361E+01
   1450.	    700.	.82280E+00	.11736E+01	.14264E+01
   1450.	    750.	.68342E+00	.96821E+00	.14167E+01
   1450.	    800.	.56993E+00	.80159E+00	.14065E+01
   1450.	    850.	.47703E+00	.66596E+00	.13961E+01
   1450.	    900.	.40062E+00	.55505E+00	.13855E+01
   1450.	    950.	.33750E+00	.46385E+00	.13744E+01
   1450.	   1000.	.28516E+00	.38878E+00	.13634E+01
   1450.	   1050.	.24158E+00	.32657E+00	.13518E+01
   1450.	   1100.	.20518E+00	.27506E+00	.13406E+01
   1450.	   1150.	.17468E+00	.23221E+00	.13293E+01
   1450.	   1200.	.14905E+00	.19643E+00	.13179E+01
   1450.	   1250.	.12744E+00	.16655E+00	.13069E+01
   1450.	   1300.	.10917E+00	.14149E+00	.12961E+01
   1450.	   1350.	.93699E-01	.12041E+00	.12851E+01
   1450.	   1400.	.80560E-01	.10258E+00	.12733E+01
   1451.	   1450.	.69208E-01	.87080E-01	.12582E+01
   1450.	   1500.	.59840E-01	.74443E-01	.12440E+01
   1450.	   1550.	.51690E-01	.63858E-01	.12354E+01
   1450.	   1600.	.44712E-01	.54759E-01	.12247E+01
   1450.	   1650.	.38728E-01	.47777E-01	.12337E+01
   1450.	   1700.	.33587E-01	.41556E-01	.12373E+01
   1450.	   1750.	.29163E-01	.36181E-01	.12407E+01
   1450.	   1800.	.25350E-01	.31550E-01	.12445E+01
   1450.	   1850.	.22060E-01	.27542E-01	.12485E+01
   1450.	   1900.	.19216E-01	.24073E-01	.12527E+01
   1450.	   1950.	.16756E-01	.21062E-01	.12570E+01
   1450.	   2000.	.14623E-01	.18445E-01	.12613E+01
   1500.	    200.	.65079E+01	.98301E+01	.15105E+01
   1500.	    250.	.49548E+01	.74494E+01	.15035E+01
   1500.	    300.	.38446E+01	.57540E+01	.14967E+01
   1500.	    350.	.30261E+01	.45071E+01	.14894E+01
   1500.	    400.	.24089E+01	.35710E+01	.14824E+01
   1500.	    450.	.19355E+01	.28550E+01	.14750E+01
   1500.	    500.	.15675E+01	.23003E+01	.14675E+01
   1500.	    550.	.12780E+01	.18656E+01	.14598E+01
   1500.	    600.	.10483E+01	.15218E+01	.14518E+01
   1500.	    650.	.86434E+00	.12475E+01	.14433E+01
   1500.	    700.	.71607E+00	.10269E+01	.14341E+01
   1500.	    750.	.59579E+00	.84880E+00	.14247E+01
   1500.	    800.	.49765E+00	.70422E+00	.14151E+01
   1500.	    850.	.41717E+00	.58624E+00	.14053E+01
   1500.	    900.	.35086E+00	.48955E+00	.13953E+01
   1500.	    950.	.29598E+00	.40988E+00	.13848E+01
   1500.	   1000.	.25039E+00	.34405E+00	.13741E+01
   1500.	   1050.	.21239E+00	.28956E+00	.13634E+01
   1500.	   1100.	.18059E+00	.24420E+00	.13522E+01
   1500.	   1150.	.15391E+00	.20645E+00	.13413E+01
   1500.	   1200.	.13146E+00	.17489E+00	.13304E+01
   1500.	   1250.	.11251E+00	.14845E+00	.13195E+01
   1500.	   1300.	.96471E-01	.12626E+00	.13088E+01
   1500.	   1350.	.82870E-01	.10759E+00	.12983E+01
   1500.	   1400.	.71308E-01	.91819E-01	.12876E+01
   1500.	   1450.	.61457E-01	.78434E-01	.12763E+01
   1500.	   1500.	.52920E-01	.66771E-01	.12617E+01
   1500.	   1550.	.45854E-01	.57220E-01	.12479E+01
   1500.	   1600.	.39690E-01	.49191E-01	.12394E+01
   1500.	   1650.	.34400E-01	.42274E-01	.12289E+01
   1500.	   1700.	.29850E-01	.36940E-01	.12375E+01
   1500.	   1750.	.25933E-01	.32179E-01	.12409E+01
   1500.	   1800.	.22555E-01	.28059E-01	.12441E+01
   1500.	   1850.	.19637E-01	.24501E-01	.12477E+01
   1500.	   1900.	.17113E-01	.21419E-01	.12516E+01
   1500.	   1950.	.14928E-01	.18745E-01	.12556E+01
   1500.	   2000.	.13034E-01	.16420E-01	.12598E+01
   1550.	    200.	.55392E+01	.83855E+01	.15138E+01
   1550.	    250.	.42309E+01	.63735E+01	.15064E+01
   1550.	    300.	.32927E+01	.49385E+01	.14998E+01
   1550.	    350.	.25988E+01	.38809E+01	.14933E+01
   1550.	    400.	.20741E+01	.30829E+01	.14864E+01
   1550.	    450.	.16705E+01	.24714E+01	.14794E+01
   1550.	    500.	.13559E+01	.19964E+01	.14724E+01
   1550.	    550.	.11078E+01	.16228E+01	.14649E+01
   1550.	    600.	.91044E+00	.13272E+01	.14578E+01
   1550.	    650.	.75209E+00	.10902E+01	.14496E+01
   1550.	    700.	.62417E+00	.89962E+00	.14413E+01
   1550.	    750.	.52017E+00	.74508E+00	.14324E+01
   1550.	    800.	.43516E+00	.61934E+00	.14232E+01
   1550.	    850.	.36532E+00	.51649E+00	.14138E+01
   1550.	    900.	.30767E+00	.43206E+00	.14043E+01
   1550.	    950.	.25989E+00	.36244E+00	.13946E+01
   1550.	   1000.	.22013E+00	.30476E+00	.13845E+01
   1550.	   1050.	.18693E+00	.25686E+00	.13741E+01
   1550.	   1100.	.15912E+00	.21699E+00	.13637E+01
   1550.	   1150.	.13575E+00	.18364E+00	.13528E+01
   1550.	   1200.	.11606E+00	.15578E+00	.13422E+01
   1550.	   1250.	.99421E-01	.13240E+00	.13317E+01
   1550.	   1300.	.85326E-01	.11272E+00	.13210E+01
   1550.	   1350.	.73357E-01	.96147E-01	.13107E+01
   1550.	   1400.	.63172E-01	.82155E-01	.13005E+01
   1550.	   1450.	.54485E-01	.70298E-01	.12902E+01
   1550.	   1500.	.47063E-01	.60201E-01	.12792E+01
   1551.	   1550.	.40612E-01	.51380E-01	.12652E+01
   1550.	   1600.	.35259E-01	.44127E-01	.12515E+01
   1550.	   1650.	.30577E-01	.38014E-01	.12432E+01
   1550.	   1700.	.26548E-01	.32733E-01	.12330E+01
   1550.	   1750.	.23076E-01	.28645E-01	.12413E+01
   1550.	   1800.	.20080E-01	.24988E-01	.12444E+01
   1550.	   1850.	.17491E-01	.21818E-01	.12474E+01
   1550.	   1900.	.15250E-01	.19077E-01	.12509E+01
   1550.	   1950.	.13308E-01	.16697E-01	.12546E+01
   1550.	   2000.	.11624E-01	.14630E-01	.12586E+01
   1600.	    200.	.47276E+01	.71689E+01	.15164E+01
   1600.	    250.	.36219E+01	.54663E+01	.15092E+01
   1600.	    300.	.28267E+01	.42482E+01	.15029E+01
   1600.	    350.	.22368E+01	.33479E+01	.14967E+01
   1600.	    400.	.17895E+01	.26670E+01	.14903E+01
   1600.	    450.	.14446E+01	.21432E+01	.14836E+01
   1600.	    500.	.11750E+01	.17354E+01	.14769E+01
   1600.	    550.	.96197E+00	.14142E+01	.14701E+01
   1600.	    600.	.79205E+00	.11587E+01	.14630E+01
   1600.	    650.	.65545E+00	.95425E+00	.14559E+01
   1600.	    700.	.54487E+00	.78887E+00	.14478E+01
   1600.	    750.	.45480E+00	.65472E+00	.14396E+01
   1600.	    800.	.38103E+00	.54525E+00	.14310E+01
   1600.	    850.	.32032E+00	.45553E+00	.14221E+01
   1600.	    900.	.27013E+00	.38169E+00	.14130E+01
   1600.	    950.	.22846E+00	.32069E+00	.14037E+01
   1600.	   1000.	.19374E+00	.27012E+00	.13943E+01
   1600.	   1050.	.16470E+00	.22800E+00	.13843E+01
   1600.	   1100.	.14034E+00	.19288E+00	.13743E+01
   1600.	   1150.	.11985E+00	.16349E+00	.13641E+01
   1600.	   1200.	.10256E+00	.13882E+00	.13535E+01
   1600.	   1250.	.87938E-01	.11813E+00	.13433E+01
   1600.	   1300.	.75534E-01	.10069E+00	.13330E+01
   1600.	   1350.	.64991E-01	.85963E-01	.13227E+01
   1600.	   1400.	.56009E-01	.73520E-01	.13127E+01
   1600.	   1450.	.48342E-01	.62981E-01	.13028E+01
   1600.	   1500.	.41785E-01	.54020E-01	.12928E+01
   1600.	   1550.	.36166E-01	.46367E-01	.12821E+01
   1600.	   1600.	.31270E-01	.39667E-01	.12685E+01
   1600.	   1650.	.27197E-01	.34137E-01	.12552E+01
   1600.	   1700.	.23626E-01	.29463E-01	.12470E+01
   1600.	   1750.	.20547E-01	.25417E-01	.12370E+01
   1600.	   1800.	.17888E-01	.22271E-01	.12451E+01
   1600.	   1850.	.15588E-01	.19454E-01	.12480E+01
   1600.	   1900.	.13597E-01	.17007E-01	.12508E+01
   1600.	   1950.	.11870E-01	.14888E-01	.12542E+01
   1600.	   2000.	.10372E-01	.13044E-01	.12576E+01
   1650.	    200.	.40451E+01	.61433E+01	.15187E+01
   1650.	    250.	.31080E+01	.47008E+01	.15125E+01
   1650.	    300.	.24320E+01	.36622E+01	.15058E+01
   1650.	    350.	.19293E+01	.28936E+01	.14998E+01
   1650.	    400.	.15471E+01	.23113E+01	.14940E+01
   1650.	    450.	.12516E+01	.18618E+01	.14876E+01
   1650.	    500.	.10201E+01	.15110E+01	.14813E+01
   1650.	    550.	.83671E+00	.12340E+01	.14748E+01
   1650.	    600.	.69015E+00	.10133E+01	.14682E+01
   1650.	    650.	.57209E+00	.83604E+00	.14614E+01
   1650.	    700.	.47632E+00	.69265E+00	.14542E+01
   1650.	    750.	.39818E+00	.57593E+00	.14464E+01
   1650.	    800.	.33407E+00	.48045E+00	.14382E+01
   1650.	    850.	.28121E+00	.40206E+00	.14297E+01
   1650.	    900.	.23744E+00	.33743E+00	.14211E+01
   1650.	    950.	.20106E+00	.28397E+00	.14124E+01
   1650.	   1000.	.17069E+00	.23952E+00	.14033E+01
   1650.	   1050.	.14526E+00	.20251E+00	.13941E+01
   1650.	   1100.	.12391E+00	.17154E+00	.13845E+01
   1650.	   1150.	.10591E+00	.14560E+00	.13747E+01
   1650.	   1200.	.90718E-01	.12380E+00	.13647E+01
   1650.	   1250.	.77847E-01	.10544E+00	.13544E+01
   1650.	   1300.	.66921E-01	.89973E-01	.13445E+01
   1650.	   1350.	.57624E-01	.76897E-01	.13345E+01
   1650.	   1400.	.49696E-01	.65820E-01	.13244E+01
   1650.	   1450.	.42923E-01	.56430E-01	.13147E+01
   1650.	   1500.	.37125E-01	.48453E-01	.13051E+01
   1650.	   1550.	.32152E-01	.41651E-01	.12954E+01
   1650.	   1600.	.27881E-01	.35826E-01	.12850E+01
   1651.	   1650.	.24149E-01	.30715E-01	.12719E+01
   1650.	   1700.	.21039E-01	.26483E-01	.12588E+01
   1650.	   1750.	.18306E-01	.22896E-01	.12508E+01
   1650.	   1800.	.15944E-01	.19785E-01	.12410E+01
   1650.	   1850.	.13900E-01	.17358E-01	.12488E+01
   1650.	   1900.	.12129E-01	.15180E-01	.12515E+01
   1650.	   1950.	.10593E-01	.13286E-01	.12541E+01
   1650.	   2000.	.92596E-02	.11643E-01	.12574E+01
   1700.	    200.	.34695E+01	.52770E+01	.15210E+01
   1700.	    250.	.26730E+01	.40499E+01	.15151E+01
   1700.	    300.	.20969E+01	.31642E+01	.15090E+01
   1700.	    350.	.16674E+01	.25061E+01	.15030E+01
   1700.	    400.	.13400E+01	.20063E+01	.14973E+01
   1700.	    450.	.10863E+01	.16202E+01	.14915E+01
   1700.	    500.	.88704E+00	.13176E+01	.14854E+01
   1700.	    550.	.72891E+00	.10782E+01	.14792E+01
   1700.	    600.	.60226E+00	.88713E+00	.14730E+01
   1700.	    650.	.50003E+00	.73337E+00	.14667E+01
   1700.	    700.	.41696E+00	.60878E+00	.14600E+01
   1700.	    750.	.34905E+00	.50710E+00	.14528E+01
   1700.	    800.	.29324E+00	.42380E+00	.14452E+01
   1700.	    850.	.24716E+00	.35522E+00	.14372E+01
   1700.	    900.	.20895E+00	.29855E+00	.14288E+01
   1700.	    950.	.17713E+00	.25160E+00	.14204E+01
   1700.	   1000.	.15054E+00	.21253E+00	.14118E+01
   1700.	   1050.	.12824E+00	.17994E+00	.14031E+01
   1700.	   1100.	.10949E+00	.15265E+00	.13942E+01
   1700.	   1150.	.93680E-01	.12973E+00	.13848E+01
   1700.	   1200.	.80308E-01	.11045E+00	.13753E+01
   1700.	   1250.	.68971E-01	.94179E-01	.13655E+01
   1700.	   1300.	.59336E-01	.80426E-01	.13554E+01
   1700.	   1350.	.51130E-01	.68814E-01	.13459E+01
   1700.	   1400.	.44127E-01	.58955E-01	.13360E+01
   1700.	   1450.	.38138E-01	.50579E-01	.13262E+01
   1700.	   1500.	.33006E-01	.43460E-01	.13167E+01
   1700.	   1550.	.28602E-01	.37397E-01	.13075E+01
   1700.	   1600.	.24816E-01	.32213E-01	.12981E+01
   1700.	   1650.	.21556E-01	.27762E-01	.12879E+01
   1700.	   1700.	.18702E-01	.23848E-01	.12752E+01
   1700.	   1750.	.16318E-01	.20599E-01	.12624E+01
   1700.	   1800.	.14218E-01	.17837E-01	.12545E+01
   1700.	   1850.	.12401E-01	.15438E-01	.12449E+01
   1700.	   1900.	.10825E-01	.13558E-01	.12524E+01
   1700.	   1950.	.94581E-02	.11870E-01	.12550E+01
   1700.	   2000.	.82701E-02	.10399E-01	.12575E+01
   1750.	    200.	.29826E+01	.45433E+01	.15233E+01
   1750.	    250.	.23038E+01	.34958E+01	.15174E+01
   1750.	    300.	.18116E+01	.27390E+01	.15119E+01
   1750.	    350.	.14437E+01	.21742E+01	.15059E+01
   1750.	    400.	.11627E+01	.17446E+01	.15005E+01
   1750.	    450.	.94436E+00	.14119E+01	.14950E+01
   1750.	    500.	.77258E+00	.11507E+01	.14894E+01
   1750.	    550.	.63596E+00	.94337E+00	.14834E+01
   1750.	    600.	.52631E+00	.77762E+00	.14775E+01
   1750.	    650.	.43765E+00	.64401E+00	.14715E+01
   1750.	    700.	.36546E+00	.53552E+00	.14653E+01
   1750.	    750.	.30636E+00	.44692E+00	.14588E+01
   1750.	    800.	.25771E+00	.37412E+00	.14517E+01
   1750.	    850.	.21748E+00	.31408E+00	.14442E+01
   1750.	    900.	.18406E+00	.26439E+00	.14364E+01
   1750.	    950.	.15620E+00	.22309E+00	.14282E+01
   1750.	   1000.	.13289E+00	.18872E+00	.14201E+01
   1750.	   1050.	.11332E+00	.15996E+00	.14116E+01
   1750.	   1100.	.96843E-01	.13588E+00	.14031E+01
   1750.	   1150.	.82929E-01	.11564E+00	.13945E+01
   1750.	   1200.	.71150E-01	.98557E-01	.13852E+01
   1750.	   1250.	.61154E-01	.84145E-01	.13760E+01
   1750.	   1300.	.52650E-01	.71944E-01	.13665E+01
   1750.	   1350.	.45401E-01	.61588E-01	.13565E+01
   1750.	   1400.	.39208E-01	.52821E-01	.13472E+01
   1750.	   1450.	.33908E-01	.45358E-01	.13377E+01
   1750.	   1500.	.29363E-01	.38997E-01	.13281E+01
   1750.	   1550.	.25460E-01	.33578E-01	.13189E+01
   1750.	   1600.	.22101E-01	.28950E-01	.13099E+01
   1750.	   1650.	.19208E-01	.24983E-01	.13007E+01
   1750.	   1700.	.16711E-01	.21569E-01	.12908E+01
   1751.	   1750.	.14520E-01	.18562E-01	.12784E+01
   1750.	   1800.	.12686E-01	.16061E-01	.12660E+01
   1750.	   1850.	.11069E-01	.13928E-01	.12583E+01
   1750.	   1900.	.96663E-02	.12071E-01	.12487E+01
   1750.	   1950.	.84483E-02	.10611E-01	.12560E+01
   1750.	   2000.	.73895E-02	.92992E-02	.12584E+01
   1800.	    200.	.25696E+01	.39195E+01	.15254E+01
   1800.	    250.	.19896E+01	.30237E+01	.15197E+01
   1800.	    300.	.15681E+01	.23750E+01	.15146E+01
   1800.	    350.	.12523E+01	.18901E+01	.15093E+01
   1800.	    400.	.10105E+01	.15195E+01	.15037E+01
   1800.	    450.	.82232E+00	.12323E+01	.14986E+01
   1800.	    500.	.67391E+00	.10063E+01	.14931E+01
   1800.	    550.	.55565E+00	.82660E+00	.14876E+01
   1800.	    600.	.46057E+00	.68245E+00	.14818E+01
   1800.	    650.	.38353E+00	.56612E+00	.14761E+01
   1800.	    700.	.32072E+00	.47156E+00	.14703E+01
   1800.	    750.	.26920E+00	.39417E+00	.14642E+01
   1800.	    800.	.22673E+00	.33054E+00	.14578E+01
   1800.	    850.	.19156E+00	.27791E+00	.14508E+01
   1800.	    900.	.16230E+00	.23428E+00	.14435E+01
   1800.	    950.	.13788E+00	.19796E+00	.14357E+01
   1800.	   1000.	.11742E+00	.16766E+00	.14278E+01
   1800.	   1050.	.10022E+00	.14231E+00	.14200E+01
   1800.	   1100.	.85725E-01	.12103E+00	.14118E+01
   1800.	   1150.	.73471E-01	.10310E+00	.14033E+01
   1800.	   1200.	.63085E-01	.87997E-01	.13949E+01
   1800.	   1250.	.54262E-01	.75198E-01	.13858E+01
   1800.	   1300.	.46750E-01	.64364E-01	.13768E+01
   1800.	   1350.	.40341E-01	.55162E-01	.13674E+01
   1800.	   1400.	.34860E-01	.47331E-01	.13577E+01
   1800.	   1450.	.30166E-01	.40682E-01	.13486E+01
   1800.	   1500.	.26138E-01	.35008E-01	.13394E+01
   1800.	   1550.	.22675E-01	.30158E-01	.13300E+01
   1800.	   1600.	.19694E-01	.26017E-01	.13210E+01
   1800.	   1650.	.17124E-01	.22471E-01	.13123E+01
   1800.	   1700.	.14904E-01	.19426E-01	.13033E+01
   1800.	   1750.	.12986E-01	.16799E-01	.12936E+01
   1800.	   1800.	.11299E-01	.14481E-01	.12816E+01
   1800.	   1850.	.98845E-02	.12549E-01	.12695E+01
   1800.	   1900.	.86349E-02	.10897E-01	.12620E+01
   1800.	   1950.	.75494E-02	.94561E-02	.12526E+01
   1800.	   2000.	.66053E-02	.83198E-02	.12596E+01
   1850.	    200.	.22182E+01	.33880E+01	.15274E+01
   1850.	    250.	.17216E+01	.26210E+01	.15224E+01
   1850.	    300.	.13598E+01	.20627E+01	.15169E+01
   1850.	    350.	.10881E+01	.16451E+01	.15119E+01
   1850.	    400.	.87970E+00	.13254E+01	.15067E+01
   1850.	    450.	.71713E+00	.10768E+01	.15016E+01
   1850.	    500.	.58869E+00	.88104E+00	.14966E+01
   1850.	    550.	.48615E+00	.72509E+00	.14915E+01
   1850.	    600.	.40355E+00	.59967E+00	.14860E+01
   1850.	    650.	.33653E+00	.49822E+00	.14805E+01
   1850.	    700.	.28178E+00	.41558E+00	.14748E+01
   1850.	    750.	.23681E+00	.34798E+00	.14694E+01
   1850.	    800.	.19969E+00	.29219E+00	.14632E+01
   1850.	    850.	.16890E+00	.24609E+00	.14570E+01
   1850.	    900.	.14326E+00	.20773E+00	.14501E+01
   1850.	    950.	.12182E+00	.17578E+00	.14429E+01
   1850.	   1000.	.10384E+00	.14906E+00	.14354E+01
   1850.	   1050.	.88713E-01	.12665E+00	.14277E+01
   1850.	   1100.	.75945E-01	.10783E+00	.14198E+01
   1850.	   1150.	.65141E-01	.91975E-01	.14119E+01
   1850.	   1200.	.55975E-01	.78578E-01	.14038E+01
   1850.	   1250.	.48181E-01	.67231E-01	.13954E+01
   1850.	   1300.	.41540E-01	.57594E-01	.13865E+01
   1850.	   1350.	.35867E-01	.49412E-01	.13776E+01
   1850.	   1400.	.31014E-01	.42442E-01	.13685E+01
   1850.	   1450.	.26853E-01	.36496E-01	.13591E+01
   1850.	   1500.	.23280E-01	.31432E-01	.13502E+01
   1850.	   1550.	.20206E-01	.27099E-01	.13411E+01
   1850.	   1600.	.17558E-01	.23387E-01	.13319E+01
   1850.	   1650.	.15274E-01	.20211E-01	.13233E+01
   1850.	   1700.	.13300E-01	.17485E-01	.13147E+01
   1850.	   1750.	.11592E-01	.15139E-01	.13060E+01
   1850.	   1800.	.10113E-01	.13112E-01	.12965E+01
   1851.	   1850.	.88106E-02	.11321E-01	.12849E+01
   1850.	   1900.	.77167E-02	.98234E-02	.12730E+01
   1850.	   1950.	.67488E-02	.85412E-02	.12656E+01
   1850.	   2000.	.59066E-02	.74206E-02	.12563E+01
   1900.	    200.	.19186E+01	.29345E+01	.15295E+01
   1900.	    250.	.14924E+01	.22746E+01	.15242E+01
   1900.	    300.	.11812E+01	.17946E+01	.15194E+01
   1900.	    350.	.94701E+00	.14343E+01	.15146E+01
   1900.	    400.	.76698E+00	.11581E+01	.15099E+01
   1900.	    450.	.62630E+00	.94245E+00	.15048E+01
   1900.	    500.	.51495E+00	.77246E+00	.15001E+01
   1900.	    550.	.42589E+00	.63672E+00	.14950E+01
   1900.	    600.	.35403E+00	.52753E+00	.14901E+01
   1900.	    650.	.29562E+00	.43893E+00	.14848E+01
   1900.	    700.	.24784E+00	.36667E+00	.14794E+01
   1900.	    750.	.20854E+00	.30739E+00	.14740E+01
   1900.	    800.	.17605E+00	.25855E+00	.14686E+01
   1900.	    850.	.14906E+00	.21800E+00	.14625E+01
   1900.	    900.	.12656E+00	.18432E+00	.14564E+01
   1900.	    950.	.10772E+00	.15616E+00	.14496E+01
   1900.	   1000.	.91909E-01	.13258E+00	.14425E+01
   1900.	   1050.	.78587E-01	.11279E+00	.14352E+01
   1900.	   1100.	.67331E-01	.96131E-01	.14277E+01
   1900.	   1150.	.57797E-01	.82074E-01	.14200E+01
   1900.	   1200.	.49701E-01	.70191E-01	.14123E+01
   1900.	   1250.	.42810E-01	.60120E-01	.14043E+01
   1900.	   1300.	.36933E-01	.51557E-01	.13960E+01
   1900.	   1350.	.31909E-01	.44267E-01	.13873E+01
   1900.	   1400.	.27608E-01	.38062E-01	.13787E+01
   1900.	   1450.	.23917E-01	.32758E-01	.13697E+01
   1900.	   1500.	.20745E-01	.28225E-01	.13606E+01
   1900.	   1550.	.18015E-01	.24353E-01	.13518E+01
   1900.	   1600.	.15662E-01	.21033E-01	.13429E+01
   1900.	   1650.	.13630E-01	.18182E-01	.13340E+01
   1900.	   1700.	.11873E-01	.15738E-01	.13255E+01
   1900.	   1750.	.10353E-01	.13636E-01	.13171E+01
   1900.	   1800.	.90352E-02	.11824E-01	.13086E+01
   1900.	   1850.	.78919E-02	.10254E-01	.12993E+01
   1900.	   1900.	.68834E-02	.88669E-02	.12882E+01
   1900.	   1950.	.60352E-02	.77034E-02	.12764E+01
   1900.	   2000.	.52836E-02	.67056E-02	.12691E+01
   1950.	    200.	.16625E+01	.25456E+01	.15312E+01
   1950.	    250.	.12959E+01	.19779E+01	.15263E+01
   1950.	    300.	.10277E+01	.15638E+01	.15217E+01
   1950.	    350.	.82545E+00	.12523E+01	.15171E+01
   1950.	    400.	.66968E+00	.10130E+01	.15126E+01
   1950.	    450.	.54773E+00	.82603E+00	.15081E+01
   1950.	    500.	.45103E+00	.67798E+00	.15032E+01
   1950.	    550.	.37356E+00	.55980E+00	.14986E+01
   1950.	    600.	.31095E+00	.46450E+00	.14938E+01
   1950.	    650.	.25998E+00	.38709E+00	.14889E+01
   1950.	    700.	.21823E+00	.32379E+00	.14837E+01
   1950.	    750.	.18383E+00	.27179E+00	.14785E+01
   1950.	    800.	.15535E+00	.22890E+00	.14734E+01
   1950.	    850.	.13167E+00	.19330E+00	.14680E+01
   1950.	    900.	.11190E+00	.16361E+00	.14621E+01
   1950.	    950.	.95339E-01	.13882E+00	.14561E+01
   1950.	   1000.	.81413E-01	.11800E+00	.14494E+01
   1950.	   1050.	.69669E-01	.10048E+00	.14423E+01
   1950.	   1100.	.59738E-01	.85730E-01	.14351E+01
   1950.	   1150.	.51316E-01	.73266E-01	.14277E+01
   1950.	   1200.	.44159E-01	.62722E-01	.14204E+01
   1950.	   1250.	.38062E-01	.53772E-01	.14128E+01
   1950.	   1300.	.32857E-01	.46164E-01	.14050E+01
   1950.	   1350.	.28405E-01	.39675E-01	.13968E+01
   1950.	   1400.	.24589E-01	.34134E-01	.13882E+01
   1950.	   1450.	.21313E-01	.29409E-01	.13799E+01
   1950.	   1500.	.18496E-01	.25357E-01	.13710E+01
   1950.	   1550.	.16069E-01	.21887E-01	.13620E+01
   1950.	   1600.	.13976E-01	.18917E-01	.13535E+01
   1950.	   1650.	.12168E-01	.16364E-01	.13448E+01
   1950.	   1700.	.10604E-01	.14168E-01	.13360E+01
   1950.	   1750.	.92498E-02	.12281E-01	.13277E+01
   1950.	   1800.	.80753E-02	.10655E-01	.13195E+01
   1950.	   1850.	.70558E-02	.92519E-02	.13113E+01
   1950.	   1900.	.61697E-02	.80340E-02	.13022E+01
   1951.	   1950.	.53870E-02	.69572E-02	.12915E+01
   1950.	   2000.	.47278E-02	.60524E-02	.12802E+01
   2000.	    200.	.14431E+01	.22123E+01	.15329E+01
   2000.	    250.	.11271E+01	.17226E+01	.15283E+01
   2000.	    300.	.89551E+00	.13647E+01	.15239E+01
   2000.	    350.	.72055E+00	.10950E+01	.15196E+01
   2000.	    400.	.58553E+00	.88722E+00	.15152E+01
   2000.	    450.	.47964E+00	.72471E+00	.15110E+01
   2000.	    500.	.39553E+00	.59585E+00	.15064E+01
   2000.	    550.	.32804E+00	.49270E+00	.15020E+01
   2000.	    600.	.27341E+00	.40941E+00	.14974E+01
   2000.	    650.	.22888E+00	.34167E+00	.14928E+01
   2000.	    700.	.19234E+00	.28621E+00	.14881E+01
   2000.	    750.	.16220E+00	.24054E+00	.14830E+01
   2000.	    800.	.13722E+00	.20279E+00	.14779E+01
   2000.	    850.	.11641E+00	.17148E+00	.14730E+01
   2000.	    900.	.99028E-01	.14533E+00	.14676E+01
   2000.	    950.	.84444E-01	.12345E+00	.14619E+01
   2000.	   1000.	.72169E-01	.10507E+00	.14559E+01
   2000.	   1050.	.61807E-01	.89582E-01	.14494E+01
   2000.	   1100.	.53037E-01	.76496E-01	.14423E+01
   2000.	   1150.	.45592E-01	.65438E-01	.14353E+01
   2000.	   1200.	.39260E-01	.56063E-01	.14280E+01
   2000.	   1250.	.33860E-01	.48111E-01	.14209E+01
   2000.	   1300.	.29247E-01	.41337E-01	.14134E+01
   2000.	   1350.	.25298E-01	.35562E-01	.14057E+01
   2000.	   1400.	.21912E-01	.30627E-01	.13977E+01
   2000.	   1450.	.19002E-01	.26399E-01	.13893E+01
   2000.	   1500.	.16498E-01	.22786E-01	.13811E+01
   2000.	   1550.	.14340E-01	.19680E-01	.13724E+01
   2000.	   1600.	.12478E-01	.17015E-01	.13636E+01
   2000.	   1650.	.10868E-01	.14729E-01	.13553E+01
   2000.	   1700.	.94746E-02	.12759E-01	.13467E+01
   2000.	   1750.	.82673E-02	.11063E-01	.13381E+01
   2000.	   1800.	.72200E-02	.96022E-02	.13299E+01
   2000.	   1850.	.63104E-02	.83419E-02	.13219E+01
   2000.	   1900.	.55195E-02	.72520E-02	.13139E+01
   2000.	   1950.	.48313E-02	.63047E-02	.13050E+01
   2000.	   2000.	.42224E-02	.54683E-02	.12951E+01
