    200.	    200.	.37249E+03	.47104E+03	.12646E+01
    200.	    250.	.33210E+03	.38112E+03	.11476E+01
    200.	    300.	.29084E+03	.30456E+03	.10472E+01
    200.	    350.	.25525E+03	.26046E+03	.10204E+01
    200.	    400.	.22492E+03	.22751E+03	.10115E+01
    200.	    450.	.19913E+03	.20364E+03	.10226E+01
    200.	    500.	.17718E+03	.18233E+03	.10291E+01
    200.	    550.	.15842E+03	.16419E+03	.10364E+01
    200.	    600.	.14233E+03	.14508E+03	.10193E+01
    200.	    650.	.12845E+03	.13557E+03	.10555E+01
    200.	    700.	.11641E+03	.12302E+03	.10568E+01
    200.	    750.	.10593E+03	.11191E+03	.10564E+01
    200.	    800.	.96748E+02	.10486E+03	.10838E+01
    200.	    850.	.88673E+02	.97900E+02	.11041E+01
    200.	    900.	.81537E+02	.92015E+02	.11285E+01
    200.	    950.	.75205E+02	.85967E+02	.11431E+01
    200.	   1000.	.69563E+02	.82571E+02	.11870E+01
    200.	   1050.	.64516E+02	.79335E+02	.12297E+01
    200.	   1100.	.59987E+02	.76379E+02	.12733E+01
    200.	   1150.	.55907E+02	.74606E+02	.13345E+01
    200.	   1200.	.52220E+02	.73315E+02	.14040E+01
    200.	   1250.	.48879E+02	.72114E+02	.14754E+01
    200.	   1300.	.45841E+02	.71986E+02	.15703E+01
    200.	   1350.	.43073E+02	.72291E+02	.16783E+01
    200.	   1400.	.40544E+02	.72006E+02	.17760E+01
    200.	   1450.	.38226E+02	.72985E+02	.19093E+01
    200.	   1500.	.36099E+02	.73656E+02	.20404E+01
    200.	   1550.	.34141E+02	.74757E+02	.21897E+01
    200.	   1600.	.32335E+02	.76174E+02	.23558E+01
    200.	   1650.	.30666E+02	.77968E+02	.25424E+01
    200.	   1700.	.29122E+02	.79686E+02	.27363E+01
    200.	   1750.	.27689E+02	.82182E+02	.29680E+01
    200.	   1800.	.26358E+02	.83794E+02	.31791E+01
    200.	   1850.	.25119E+02	.86695E+02	.34514E+01
    200.	   1900.	.23964E+02	.89395E+02	.37304E+01
    200.	   1950.	.22886E+02	.92220E+02	.40296E+01
    200.	   2000.	.21878E+02	.95325E+02	.43572E+01
    250.	    200.	.17942E+03	.22268E+03	.12411E+01
    251.	    250.	.16049E+03	.20087E+03	.12516E+01
    250.	    300.	.14645E+03	.17276E+03	.11796E+01
    250.	    350.	.13163E+03	.14196E+03	.10784E+01
    250.	    400.	.11838E+03	.12322E+03	.10409E+01
    250.	    450.	.10666E+03	.10907E+03	.10226E+01
    250.	    500.	.96364E+02	.98574E+02	.10229E+01
    250.	    550.	.87325E+02	.89631E+02	.10264E+01
    250.	    600.	.79385E+02	.81257E+02	.10236E+01
    250.	    650.	.72398E+02	.74567E+02	.10300E+01
    250.	    700.	.66233E+02	.67432E+02	.10181E+01
    250.	    750.	.60777E+02	.62745E+02	.10324E+01
    250.	    800.	.55932E+02	.57663E+02	.10309E+01
    250.	    850.	.51617E+02	.53276E+02	.10322E+01
    250.	    900.	.47760E+02	.49038E+02	.10268E+01
    250.	    950.	.44302E+02	.46138E+02	.10414E+01
    250.	   1000.	.41192E+02	.43784E+02	.10629E+01
    250.	   1050.	.38387E+02	.41176E+02	.10726E+01
    250.	   1100.	.35850E+02	.38485E+02	.10735E+01
    250.	   1150.	.33547E+02	.36686E+02	.10936E+01
    250.	   1200.	.31453E+02	.35289E+02	.11219E+01
    250.	   1250.	.29544E+02	.33682E+02	.11401E+01
    250.	   1300.	.27798E+02	.32763E+02	.11786E+01
    250.	   1350.	.26198E+02	.31562E+02	.12047E+01
    250.	   1400.	.24729E+02	.30682E+02	.12407E+01
    250.	   1450.	.23377E+02	.30013E+02	.12838E+01
    250.	   1500.	.22131E+02	.29665E+02	.13404E+01
    250.	   1550.	.20979E+02	.28840E+02	.13747E+01
    250.	   1600.	.19913E+02	.28837E+02	.14482E+01
    250.	   1650.	.18924E+02	.28255E+02	.14931E+01
    250.	   1700.	.18005E+02	.28277E+02	.15705E+01
    250.	   1750.	.17151E+02	.28350E+02	.16530E+01
    250.	   1800.	.16354E+02	.28549E+02	.17457E+01
    250.	   1850.	.15611E+02	.28563E+02	.18297E+01
    250.	   1900.	.14916E+02	.28610E+02	.19181E+01
    250.	   1950.	.14266E+02	.28958E+02	.20299E+01
    250.	   2000.	.13656E+02	.29111E+02	.21317E+01
    300.	    200.	.94072E+02	.12092E+03	.12854E+01
    300.	    250.	.87415E+02	.10771E+03	.12322E+01
    300.	    300.	.79581E+02	.98774E+02	.12412E+01
    300.	    350.	.73754E+02	.87566E+02	.11873E+01
    300.	    400.	.67463E+02	.73906E+02	.10955E+01
    300.	    450.	.61700E+02	.64812E+02	.10504E+01
    300.	    500.	.56481E+02	.58199E+02	.10304E+01
    300.	    550.	.51783E+02	.53633E+02	.10357E+01
    300.	    600.	.47566E+02	.48987E+02	.10299E+01
    300.	    650.	.43784E+02	.44645E+02	.10197E+01
    300.	    700.	.40392E+02	.40999E+02	.10150E+01
    300.	    750.	.37345E+02	.38120E+02	.10207E+01
    300.	    800.	.34605E+02	.35280E+02	.10195E+01
    300.	    850.	.32135E+02	.33039E+02	.10281E+01
    300.	    900.	.29904E+02	.30612E+02	.10237E+01
    300.	    950.	.27885E+02	.28223E+02	.10121E+01
    300.	   1000.	.26052E+02	.26930E+02	.10337E+01
    300.	   1050.	.24386E+02	.25006E+02	.10254E+01
    300.	   1100.	.22868E+02	.23518E+02	.10284E+01
    300.	   1150.	.21481E+02	.22090E+02	.10284E+01
    300.	   1200.	.20211E+02	.21039E+02	.10410E+01
    300.	   1250.	.19047E+02	.19886E+02	.10441E+01
    300.	   1300.	.17976E+02	.18827E+02	.10474E+01
    300.	   1350.	.16990E+02	.18180E+02	.10700E+01
    300.	   1400.	.16081E+02	.17282E+02	.10747E+01
    300.	   1450.	.15240E+02	.16682E+02	.10946E+01
    300.	   1500.	.14461E+02	.16075E+02	.11116E+01
    300.	   1550.	.13739E+02	.15532E+02	.11305E+01
    300.	   1600.	.13068E+02	.15008E+02	.11485E+01
    300.	   1650.	.12444E+02	.14662E+02	.11783E+01
    300.	   1700.	.11862E+02	.14325E+02	.12077E+01
    300.	   1750.	.11318E+02	.14016E+02	.12383E+01
    300.	   1800.	.10811E+02	.13666E+02	.12641E+01
    300.	   1850.	.10336E+02	.13481E+02	.13044E+01
    300.	   1900.	.98904E+01	.13328E+02	.13476E+01
    300.	   1950.	.94726E+01	.13149E+02	.13881E+01
    300.	   2000.	.90801E+01	.13034E+02	.14354E+01
    350.	    200.	.53125E+02	.70047E+02	.13185E+01
    350.	    250.	.50324E+02	.63951E+02	.12708E+01
    350.	    300.	.47165E+02	.57823E+02	.12260E+01
    351.	    350.	.43490E+02	.53619E+02	.12329E+01
    350.	    400.	.40754E+02	.48741E+02	.11960E+01
    350.	    450.	.37752E+02	.42095E+02	.11150E+01
    350.	    500.	.34955E+02	.37335E+02	.10681E+01
    350.	    550.	.32377E+02	.33981E+02	.10495E+01
    350.	    600.	.30015E+02	.31322E+02	.10435E+01
    350.	    650.	.27859E+02	.29095E+02	.10444E+01
    350.	    700.	.25894E+02	.26810E+02	.10354E+01
    350.	    750.	.24105E+02	.24730E+02	.10259E+01
    350.	    800.	.22476E+02	.23026E+02	.10245E+01
    350.	    850.	.20991E+02	.21375E+02	.10183E+01
    350.	    900.	.19636E+02	.20151E+02	.10262E+01
    350.	    950.	.18399E+02	.18721E+02	.10175E+01
    350.	   1000.	.17267E+02	.17521E+02	.10147E+01
    350.	   1050.	.16229E+02	.16497E+02	.10165E+01
    350.	   1100.	.15277E+02	.15551E+02	.10179E+01
    350.	   1150.	.14402E+02	.14528E+02	.10088E+01
    350.	   1200.	.13595E+02	.13838E+02	.10179E+01
    350.	   1250.	.12852E+02	.13055E+02	.10158E+01
    350.	   1300.	.12165E+02	.12335E+02	.10141E+01
    350.	   1350.	.11529E+02	.11762E+02	.10202E+01
    350.	   1400.	.10939E+02	.11130E+02	.10174E+01
    350.	   1450.	.10392E+02	.10711E+02	.10307E+01
    350.	   1500.	.98832E+01	.10222E+02	.10342E+01
    350.	   1550.	.94095E+01	.97948E+01	.10410E+01
    350.	   1600.	.89678E+01	.94720E+01	.10562E+01
    350.	   1650.	.85555E+01	.90937E+01	.10629E+01
    350.	   1700.	.81699E+01	.87898E+01	.10759E+01
    350.	   1750.	.78090E+01	.84762E+01	.10854E+01
    350.	   1800.	.74707E+01	.81980E+01	.10973E+01
    350.	   1850.	.71533E+01	.79733E+01	.11146E+01
    350.	   1900.	.68550E+01	.77650E+01	.11327E+01
    350.	   1950.	.65745E+01	.75830E+01	.11534E+01
    350.	   2000.	.63104E+01	.74200E+01	.11758E+01
    400.	    200.	.31753E+02	.42619E+02	.13422E+01
    400.	    250.	.30537E+02	.39765E+02	.13022E+01
    400.	    300.	.29037E+02	.36587E+02	.12600E+01
    400.	    350.	.27405E+02	.33476E+02	.12215E+01
    400.	    400.	.25516E+02	.31293E+02	.12264E+01
    400.	    450.	.24111E+02	.28914E+02	.11992E+01
    400.	    500.	.22549E+02	.25450E+02	.11286E+01
    400.	    550.	.21076E+02	.22922E+02	.10876E+01
    400.	    600.	.19699E+02	.20958E+02	.10639E+01
    400.	    650.	.18421E+02	.19267E+02	.10460E+01
    400.	    700.	.17238E+02	.17951E+02	.10414E+01
    400.	    750.	.16147E+02	.16727E+02	.10359E+01
    400.	    800.	.15142E+02	.15634E+02	.10325E+01
    400.	    850.	.14216E+02	.14672E+02	.10321E+01
    400.	    900.	.13363E+02	.13728E+02	.10273E+01
    400.	    950.	.12577E+02	.12841E+02	.10210E+01
    400.	   1000.	.11852E+02	.12134E+02	.10238E+01
    400.	   1050.	.11183E+02	.11436E+02	.10227E+01
    400.	   1100.	.10564E+02	.10740E+02	.10166E+01
    400.	   1150.	.99921E+01	.10091E+02	.10099E+01
    400.	   1200.	.94621E+01	.95472E+01	.10090E+01
    400.	   1250.	.89706E+01	.90268E+01	.10063E+01
    400.	   1300.	.85142E+01	.85991E+01	.10100E+01
    400.	   1350.	.80898E+01	.81451E+01	.10068E+01
    400.	   1400.	.76948E+01	.77295E+01	.10045E+01
    400.	   1450.	.73265E+01	.73486E+01	.10030E+01
    400.	   1500.	.69828E+01	.70436E+01	.10087E+01
    400.	   1550.	.66615E+01	.67133E+01	.10078E+01
    400.	   1600.	.63610E+01	.64390E+01	.10123E+01
    400.	   1650.	.60795E+01	.61761E+01	.10159E+01
    400.	   1700.	.58155E+01	.59218E+01	.10183E+01
    400.	   1750.	.55677E+01	.57003E+01	.10238E+01
    400.	   1800.	.53347E+01	.54763E+01	.10265E+01
    400.	   1850.	.51156E+01	.52823E+01	.10326E+01
    400.	   1900.	.49091E+01	.51426E+01	.10476E+01
    400.	   1950.	.47145E+01	.49745E+01	.10551E+01
    400.	   2000.	.45308E+01	.48373E+01	.10676E+01
    450.	    200.	.19846E+02	.26979E+02	.13594E+01
    450.	    250.	.19316E+02	.25609E+02	.13258E+01
    450.	    300.	.18588E+02	.23969E+02	.12895E+01
    450.	    350.	.17743E+02	.22213E+02	.12519E+01
    450.	    400.	.16842E+02	.20518E+02	.12182E+01
    451.	    450.	.15802E+02	.19298E+02	.12212E+01
    450.	    500.	.15029E+02	.18024E+02	.11992E+01
    450.	    550.	.14161E+02	.16155E+02	.11408E+01
    450.	    600.	.13334E+02	.14676E+02	.11007E+01
    450.	    650.	.12553E+02	.13467E+02	.10728E+01
    450.	    700.	.11820E+02	.12515E+02	.10588E+01
    450.	    750.	.11135E+02	.11717E+02	.10523E+01
    450.	    800.	.10497E+02	.10981E+02	.10461E+01
    450.	    850.	.99023E+01	.10299E+02	.10401E+01
    450.	    900.	.93499E+01	.96538E+01	.10325E+01
    450.	    950.	.88364E+01	.91058E+01	.10305E+01
    450.	   1000.	.83592E+01	.85915E+01	.10278E+01
    450.	   1050.	.79156E+01	.80660E+01	.10190E+01
    450.	   1100.	.75030E+01	.76412E+01	.10184E+01
    450.	   1150.	.71189E+01	.72327E+01	.10160E+01
    450.	   1200.	.67612E+01	.68339E+01	.10107E+01
    450.	   1250.	.64277E+01	.64761E+01	.10075E+01
    450.	   1300.	.61165E+01	.61503E+01	.10055E+01
    450.	   1350.	.58258E+01	.58663E+01	.10070E+01
    450.	   1400.	.55540E+01	.55674E+01	.10024E+01
    450.	   1450.	.52996E+01	.53065E+01	.10013E+01
    450.	   1500.	.50613E+01	.50661E+01	.10009E+01
    450.	   1550.	.48379E+01	.48205E+01	.99641E+00
    450.	   1600.	.46281E+01	.46249E+01	.99931E+00
    450.	   1650.	.44309E+01	.44476E+01	.10038E+01
    450.	   1700.	.42455E+01	.42525E+01	.10016E+01
    450.	   1750.	.40710E+01	.40787E+01	.10019E+01
    450.	   1800.	.39064E+01	.39223E+01	.10041E+01
    450.	   1850.	.37513E+01	.37749E+01	.10063E+01
    450.	   1900.	.36047E+01	.36344E+01	.10082E+01
    450.	   1950.	.34663E+01	.35107E+01	.10128E+01
    450.	   2000.	.33353E+01	.33914E+01	.10168E+01
    500.	    200.	.12857E+02	.17644E+02	.13723E+01
    500.	    250.	.12635E+02	.16977E+02	.13436E+01
    500.	    300.	.12280E+02	.16119E+02	.13127E+01
    500.	    350.	.11835E+02	.15143E+02	.12795E+01
    500.	    400.	.11338E+02	.14123E+02	.12457E+01
    500.	    450.	.10814E+02	.13148E+02	.12158E+01
    500.	    500.	.10209E+02	.12426E+02	.12172E+01
    500.	    550.	.97605E+01	.11726E+02	.12013E+01
    500.	    600.	.92520E+01	.10628E+02	.11487E+01
    500.	    650.	.87638E+01	.97240E+01	.11096E+01
    500.	    700.	.82991E+01	.89664E+01	.10804E+01
    500.	    750.	.78591E+01	.84053E+01	.10695E+01
    500.	    800.	.74444E+01	.79199E+01	.10639E+01
    500.	    850.	.70546E+01	.74277E+01	.10529E+01
    500.	    900.	.66888E+01	.69766E+01	.10430E+01
    500.	    950.	.63460E+01	.66031E+01	.10405E+01
    500.	   1000.	.60250E+01	.62440E+01	.10363E+01
    500.	   1050.	.57245E+01	.59236E+01	.10348E+01
    500.	   1100.	.54433E+01	.56053E+01	.10298E+01
    500.	   1150.	.51799E+01	.53242E+01	.10278E+01
    500.	   1200.	.49333E+01	.49989E+01	.10133E+01
    500.	   1250.	.47022E+01	.47665E+01	.10137E+01
    500.	   1300.	.44856E+01	.45669E+01	.10181E+01
    500.	   1350.	.42823E+01	.43396E+01	.10134E+01
    500.	   1400.	.40915E+01	.41102E+01	.10046E+01
    500.	   1450.	.39122E+01	.39235E+01	.10029E+01
    500.	   1500.	.37436E+01	.37418E+01	.99953E+00
    500.	   1550.	.35849E+01	.35890E+01	.10011E+01
    500.	   1600.	.34355E+01	.34287E+01	.99803E+00
    500.	   1650.	.32946E+01	.32800E+01	.99556E+00
    500.	   1700.	.31618E+01	.31391E+01	.99283E+00
    500.	   1750.	.30364E+01	.30185E+01	.99412E+00
    500.	   1800.	.29178E+01	.29033E+01	.99503E+00
    500.	   1850.	.28058E+01	.27870E+01	.99333E+00
    500.	   1900.	.26997E+01	.26955E+01	.99845E+00
    500.	   1950.	.25992E+01	.25906E+01	.99666E+00
    500.	   2000.	.25040E+01	.25030E+01	.99961E+00
    550.	    200.	.85778E+01	.11856E+02	.13822E+01
    550.	    250.	.84956E+01	.11531E+02	.13573E+01
    550.	    300.	.83254E+01	.11078E+02	.13307E+01
    550.	    350.	.80907E+01	.10534E+02	.13019E+01
    550.	    400.	.78127E+01	.99340E+01	.12715E+01
    550.	    450.	.75084E+01	.93170E+01	.12409E+01
    550.	    500.	.71909E+01	.87299E+01	.12140E+01
    551.	    550.	.68229E+01	.82835E+01	.12141E+01
    550.	    600.	.65516E+01	.78721E+01	.12016E+01
    550.	    650.	.62410E+01	.72099E+01	.11553E+01
    550.	    700.	.59410E+01	.66407E+01	.11178E+01
    550.	    750.	.56533E+01	.61803E+01	.10932E+01
    550.	    800.	.53792E+01	.57905E+01	.10765E+01
    550.	    850.	.51188E+01	.54458E+01	.10639E+01
    550.	    900.	.48723E+01	.51684E+01	.10608E+01
    550.	    950.	.46395E+01	.48811E+01	.10521E+01
    550.	   1000.	.44198E+01	.46252E+01	.10465E+01
    550.	   1050.	.42127E+01	.43774E+01	.10391E+01
    550.	   1100.	.40177E+01	.41626E+01	.10361E+01
    550.	   1150.	.38341E+01	.39573E+01	.10321E+01
    550.	   1200.	.36612E+01	.37594E+01	.10268E+01
    550.	   1250.	.34983E+01	.35899E+01	.10262E+01
    550.	   1300.	.33450E+01	.34185E+01	.10220E+01
    550.	   1350.	.32004E+01	.32597E+01	.10185E+01
    550.	   1400.	.30642E+01	.31091E+01	.10147E+01
    550.	   1450.	.29357E+01	.29633E+01	.10094E+01
    550.	   1500.	.28145E+01	.28358E+01	.10076E+01
    550.	   1550.	.27000E+01	.27152E+01	.10056E+01
    550.	   1600.	.25918E+01	.25957E+01	.10015E+01
    550.	   1650.	.24896E+01	.24911E+01	.10006E+01
    550.	   1700.	.23928E+01	.23837E+01	.99619E+00
    550.	   1750.	.23013E+01	.22873E+01	.99392E+00
    550.	   1800.	.22145E+01	.22095E+01	.99772E+00
    550.	   1850.	.21323E+01	.21143E+01	.99160E+00
    550.	   1900.	.20542E+01	.20409E+01	.99352E+00
    550.	   1950.	.19802E+01	.19576E+01	.98859E+00
    550.	   2000.	.19099E+01	.18851E+01	.98703E+00
    600.	    200.	.58645E+01	.81513E+01	.13899E+01
    600.	    250.	.58451E+01	.79955E+01	.13679E+01
    600.	    300.	.57682E+01	.77566E+01	.13447E+01
    600.	    350.	.56457E+01	.74511E+01	.13198E+01
    600.	    400.	.54900E+01	.70988E+01	.12930E+01
    600.	    450.	.53118E+01	.67194E+01	.12650E+01
    600.	    500.	.51196E+01	.63331E+01	.12370E+01
    600.	    550.	.49202E+01	.59666E+01	.12127E+01
    600.	    600.	.46883E+01	.56805E+01	.12116E+01
    600.	    650.	.45182E+01	.54272E+01	.12012E+01
    600.	    700.	.43219E+01	.50154E+01	.11605E+01
    600.	    750.	.41312E+01	.46495E+01	.11255E+01
    600.	    800.	.39474E+01	.43410E+01	.10997E+01
    600.	    850.	.37711E+01	.40911E+01	.10849E+01
    600.	    900.	.36027E+01	.38739E+01	.10753E+01
    600.	    950.	.34423E+01	.36681E+01	.10656E+01
    600.	   1000.	.32898E+01	.34819E+01	.10584E+01
    600.	   1050.	.31451E+01	.33118E+01	.10530E+01
    600.	   1100.	.30080E+01	.31481E+01	.10466E+01
    600.	   1150.	.28782E+01	.30023E+01	.10431E+01
    600.	   1200.	.27553E+01	.28649E+01	.10398E+01
    600.	   1250.	.26390E+01	.27243E+01	.10323E+01
    600.	   1300.	.25289E+01	.26022E+01	.10290E+01
    600.	   1350.	.24248E+01	.24914E+01	.10275E+01
    600.	   1400.	.23262E+01	.23744E+01	.10207E+01
    600.	   1450.	.22329E+01	.22683E+01	.10159E+01
    600.	   1500.	.21446E+01	.21670E+01	.10105E+01
    600.	   1550.	.20609E+01	.20857E+01	.10121E+01
    600.	   1600.	.19815E+01	.19944E+01	.10065E+01
    600.	   1650.	.19063E+01	.19122E+01	.10031E+01
    600.	   1700.	.18349E+01	.18380E+01	.10017E+01
    600.	   1750.	.17672E+01	.17632E+01	.99774E+00
    600.	   1800.	.17028E+01	.16951E+01	.99545E+00
    600.	   1850.	.16417E+01	.16302E+01	.99300E+00
    600.	   1900.	.15836E+01	.15723E+01	.99291E+00
    600.	   1950.	.15283E+01	.15164E+01	.99224E+00
    600.	   2000.	.14756E+01	.14594E+01	.98900E+00
    650.	    200.	.40929E+01	.57139E+01	.13961E+01
    650.	    250.	.41004E+01	.56433E+01	.13763E+01
    650.	    300.	.40703E+01	.55187E+01	.13558E+01
    650.	    350.	.40086E+01	.53475E+01	.13340E+01
    650.	    400.	.39222E+01	.51403E+01	.13106E+01
    650.	    450.	.38177E+01	.49080E+01	.12856E+01
    650.	    500.	.37008E+01	.46617E+01	.12597E+01
    650.	    550.	.35760E+01	.44128E+01	.12340E+01
    650.	    600.	.34471E+01	.41768E+01	.12117E+01
    651.	    650.	.32966E+01	.39880E+01	.12097E+01
    650.	    700.	.31868E+01	.38275E+01	.12011E+01
    650.	    750.	.30591E+01	.35596E+01	.11636E+01
    650.	    800.	.29345E+01	.33236E+01	.11326E+01
    650.	    850.	.28138E+01	.31178E+01	.11080E+01
    650.	    900.	.26974E+01	.29566E+01	.10961E+01
    650.	    950.	.25857E+01	.27907E+01	.10793E+01
    650.	   1000.	.24787E+01	.26652E+01	.10752E+01
    650.	   1050.	.23765E+01	.25267E+01	.10632E+01
    650.	   1100.	.22790E+01	.24156E+01	.10599E+01
    650.	   1150.	.21862E+01	.22959E+01	.10502E+01
    650.	   1200.	.20979E+01	.21982E+01	.10478E+01
    650.	   1250.	.20139E+01	.21028E+01	.10442E+01
    650.	   1300.	.19340E+01	.20079E+01	.10382E+01
    650.	   1350.	.18581E+01	.19221E+01	.10344E+01
    650.	   1400.	.17861E+01	.18439E+01	.10324E+01
    650.	   1450.	.17175E+01	.17639E+01	.10270E+01
    650.	   1500.	.16524E+01	.16883E+01	.10217E+01
    650.	   1550.	.15906E+01	.16164E+01	.10162E+01
    650.	   1600.	.15317E+01	.15554E+01	.10155E+01
    650.	   1650.	.14758E+01	.14933E+01	.10119E+01
    650.	   1700.	.14226E+01	.14307E+01	.10058E+01
    650.	   1750.	.13719E+01	.13791E+01	.10052E+01
    650.	   1800.	.13237E+01	.13290E+01	.10040E+01
    650.	   1850.	.12777E+01	.12815E+01	.10029E+01
    650.	   1900.	.12340E+01	.12285E+01	.99553E+00
    650.	   1950.	.11922E+01	.11840E+01	.99311E+00
    650.	   2000.	.11524E+01	.11403E+01	.98949E+00
    700.	    200.	.29070E+01	.40728E+01	.14010E+01
    700.	    250.	.29246E+01	.40446E+01	.13830E+01
    700.	    300.	.29176E+01	.39816E+01	.13647E+01
    700.	    350.	.28888E+01	.38867E+01	.13454E+01
    700.	    400.	.28420E+01	.37651E+01	.13248E+01
    700.	    450.	.27812E+01	.36231E+01	.13027E+01
    700.	    500.	.27101E+01	.34671E+01	.12793E+01
    700.	    550.	.26319E+01	.33035E+01	.12552E+01
    700.	    600.	.25490E+01	.31391E+01	.12315E+01
    700.	    650.	.24635E+01	.29832E+01	.12110E+01
    700.	    700.	.23634E+01	.28555E+01	.12082E+01
    700.	    750.	.22908E+01	.27494E+01	.12002E+01
    700.	    800.	.22056E+01	.25758E+01	.11678E+01
    700.	    850.	.21223E+01	.24162E+01	.11385E+01
    700.	    900.	.20412E+01	.22808E+01	.11174E+01
    700.	    950.	.19627E+01	.21625E+01	.11018E+01
    700.	   1000.	.18869E+01	.20535E+01	.10883E+01
    700.	   1050.	.18141E+01	.19611E+01	.10811E+01
    700.	   1100.	.17441E+01	.18670E+01	.10705E+01
    700.	   1150.	.16772E+01	.17846E+01	.10641E+01
    700.	   1200.	.16131E+01	.17072E+01	.10583E+01
    700.	   1250.	.15519E+01	.16294E+01	.10500E+01
    700.	   1300.	.14934E+01	.15654E+01	.10482E+01
    700.	   1350.	.14376E+01	.15003E+01	.10436E+01
    700.	   1400.	.13844E+01	.14371E+01	.10380E+01
    700.	   1450.	.13337E+01	.13771E+01	.10326E+01
    700.	   1500.	.12853E+01	.13249E+01	.10308E+01
    700.	   1550.	.12391E+01	.12734E+01	.10277E+01
    700.	   1600.	.11951E+01	.12215E+01	.10221E+01
    700.	   1650.	.11531E+01	.11754E+01	.10194E+01
    700.	   1700.	.11131E+01	.11318E+01	.10168E+01
    700.	   1750.	.10748E+01	.10855E+01	.10099E+01
    700.	   1800.	.10384E+01	.10487E+01	.10099E+01
    700.	   1850.	.10035E+01	.10078E+01	.10043E+01
    700.	   1900.	.97029E+00	.97438E+00	.10042E+01
    700.	   1950.	.93852E+00	.93822E+00	.99968E+00
    700.	   2000.	.90815E+00	.90898E+00	.10009E+01
    750.	    200.	.20962E+01	.29453E+01	.14051E+01
    750.	    250.	.21160E+01	.29377E+01	.13883E+01
    750.	    300.	.21198E+01	.29080E+01	.13718E+01
    750.	    350.	.21086E+01	.28565E+01	.13546E+01
    750.	    400.	.20845E+01	.27857E+01	.13364E+01
    750.	    450.	.20499E+01	.26992E+01	.13168E+01
    750.	    500.	.20070E+01	.26008E+01	.12959E+01
    750.	    550.	.19579E+01	.24943E+01	.12740E+01
    750.	    600.	.19046E+01	.23835E+01	.12515E+01
    750.	    650.	.18484E+01	.22726E+01	.12295E+01
    750.	    700.	.17905E+01	.21673E+01	.12105E+01
    751.	    750.	.17224E+01	.20792E+01	.12071E+01
    750.	    800.	.16734E+01	.20079E+01	.11999E+01
    750.	    850.	.16155E+01	.18911E+01	.11706E+01
    750.	    900.	.15586E+01	.17827E+01	.11438E+01
    750.	    950.	.15031E+01	.16878E+01	.11229E+01
    750.	   1000.	.14491E+01	.16039E+01	.11068E+01
    750.	   1050.	.13967E+01	.15278E+01	.10938E+01
    750.	   1100.	.13462E+01	.14620E+01	.10860E+01
    750.	   1150.	.12976E+01	.13983E+01	.10777E+01
    750.	   1200.	.12507E+01	.13386E+01	.10702E+01
    750.	   1250.	.12058E+01	.12828E+01	.10639E+01
    750.	   1300.	.11627E+01	.12285E+01	.10566E+01
    750.	   1350.	.11214E+01	.11816E+01	.10537E+01
    750.	   1400.	.10818E+01	.11361E+01	.10502E+01
    750.	   1450.	.10439E+01	.10901E+01	.10442E+01
    750.	   1500.	.10077E+01	.10484E+01	.10404E+01
    750.	   1550.	.97297E+00	.10064E+01	.10344E+01
    750.	   1600.	.93980E+00	.97055E+00	.10327E+01
    750.	   1650.	.90806E+00	.93316E+00	.10276E+01
    750.	   1700.	.87770E+00	.89885E+00	.10241E+01
    750.	   1750.	.84866E+00	.86402E+00	.10181E+01
    750.	   1800.	.82087E+00	.83491E+00	.10171E+01
    750.	   1850.	.79427E+00	.80425E+00	.10126E+01
    750.	   1900.	.76881E+00	.77496E+00	.10080E+01
    750.	   1950.	.74444E+00	.75034E+00	.10079E+01
    750.	   2000.	.72110E+00	.72553E+00	.10061E+01
    800.	    200.	.15314E+01	.21569E+01	.14085E+01
    800.	    250.	.15501E+01	.21589E+01	.13928E+01
    800.	    300.	.15584E+01	.21469E+01	.13776E+01
    800.	    350.	.15565E+01	.21201E+01	.13621E+01
    800.	    400.	.15453E+01	.20796E+01	.13458E+01
    800.	    450.	.15262E+01	.20274E+01	.13284E+01
    800.	    500.	.15007E+01	.19656E+01	.13098E+01
    800.	    550.	.14702E+01	.18966E+01	.12900E+01
    800.	    600.	.14360E+01	.18228E+01	.12694E+01
    800.	    650.	.13990E+01	.17464E+01	.12483E+01
    800.	    700.	.13602E+01	.16702E+01	.12279E+01
    800.	    750.	.13203E+01	.15977E+01	.12101E+01
    800.	    800.	.12732E+01	.15358E+01	.12063E+01
    800.	    850.	.12395E+01	.14872E+01	.11998E+01
    800.	    900.	.11994E+01	.14070E+01	.11731E+01
    800.	    950.	.11599E+01	.13324E+01	.11487E+01
    800.	   1000.	.11212E+01	.12655E+01	.11287E+01
    800.	   1050.	.10834E+01	.12061E+01	.11132E+01
    800.	   1100.	.10467E+01	.11493E+01	.10980E+01
    800.	   1150.	.10112E+01	.11028E+01	.10907E+01
    800.	   1200.	.97675E+00	.10580E+01	.10832E+01
    800.	   1250.	.94355E+00	.10154E+01	.10762E+01
    800.	   1300.	.91156E+00	.97373E+00	.10682E+01
    800.	   1350.	.88077E+00	.93682E+00	.10636E+01
    800.	   1400.	.85116E+00	.90029E+00	.10577E+01
    800.	   1450.	.82271E+00	.86710E+00	.10540E+01
    800.	   1500.	.79539E+00	.83526E+00	.10501E+01
    800.	   1550.	.76917E+00	.80354E+00	.10447E+01
    800.	   1600.	.74401E+00	.77341E+00	.10395E+01
    800.	   1650.	.71987E+00	.74553E+00	.10356E+01
    800.	   1700.	.69671E+00	.71951E+00	.10327E+01
    800.	   1750.	.67450E+00	.69289E+00	.10273E+01
    800.	   1800.	.65320E+00	.66965E+00	.10252E+01
    800.	   1850.	.63276E+00	.64555E+00	.10202E+01
    800.	   1900.	.61316E+00	.62493E+00	.10192E+01
    800.	   1950.	.59435E+00	.60259E+00	.10139E+01
    800.	   2000.	.57629E+00	.58196E+00	.10098E+01
    850.	    200.	.11317E+01	.15972E+01	.14113E+01
    850.	    250.	.11479E+01	.16030E+01	.13964E+01
    850.	    300.	.11576E+01	.16002E+01	.13824E+01
    850.	    350.	.11602E+01	.15874E+01	.13683E+01
    850.	    400.	.11562E+01	.15650E+01	.13536E+01
    850.	    450.	.11464E+01	.15339E+01	.13379E+01
    850.	    500.	.11317E+01	.14953E+01	.13213E+01
    850.	    550.	.11130E+01	.14509E+01	.13035E+01
    850.	    600.	.10912E+01	.14020E+01	.12848E+01
    850.	    650.	.10670E+01	.13501E+01	.12654E+01
    850.	    700.	.10410E+01	.12967E+01	.12456E+01
    850.	    750.	.10138E+01	.12434E+01	.12265E+01
    850.	    800.	.98590E+00	.11928E+01	.12098E+01
    851.	    850.	.95275E+00	.11486E+01	.12056E+01
    850.	    900.	.92925E+00	.11147E+01	.11996E+01
    850.	    950.	.90105E+00	.10590E+01	.11753E+01
    850.	   1000.	.87318E+00	.10066E+01	.11528E+01
    850.	   1050.	.84580E+00	.95825E+00	.11330E+01
    850.	   1100.	.81901E+00	.91552E+00	.11178E+01
    850.	   1150.	.79289E+00	.87589E+00	.11047E+01
    850.	   1200.	.76749E+00	.84152E+00	.10965E+01
    850.	   1250.	.74285E+00	.80896E+00	.10890E+01
    850.	   1300.	.71900E+00	.77756E+00	.10814E+01
    850.	   1350.	.69594E+00	.74749E+00	.10741E+01
    850.	   1400.	.67368E+00	.71979E+00	.10684E+01
    850.	   1450.	.65221E+00	.69297E+00	.10625E+01
    850.	   1500.	.63152E+00	.66867E+00	.10588E+01
    850.	   1550.	.61159E+00	.64492E+00	.10545E+01
    850.	   1600.	.59241E+00	.62061E+00	.10476E+01
    850.	   1650.	.57395E+00	.59926E+00	.10441E+01
    850.	   1700.	.55620E+00	.57884E+00	.10407E+01
    850.	   1750.	.53913E+00	.55889E+00	.10367E+01
    850.	   1800.	.52271E+00	.53861E+00	.10304E+01
    850.	   1850.	.50693E+00	.52122E+00	.10282E+01
    850.	   1900.	.49175E+00	.50418E+00	.10253E+01
    850.	   1950.	.47716E+00	.48806E+00	.10228E+01
    850.	   2000.	.46313E+00	.47122E+00	.10175E+01
    900.	    200.	.84474E+00	.11943E+01	.14138E+01
    900.	    250.	.85835E+00	.12012E+01	.13994E+01
    900.	    300.	.86769E+00	.12029E+01	.13863E+01
    900.	    350.	.87230E+00	.11979E+01	.13733E+01
    900.	    400.	.87224E+00	.11862E+01	.13599E+01
    900.	    450.	.86791E+00	.11681E+01	.13459E+01
    900.	    500.	.85987E+00	.11444E+01	.13309E+01
    900.	    550.	.84868E+00	.11160E+01	.13149E+01
    900.	    600.	.83494E+00	.10838E+01	.12980E+01
    900.	    650.	.81917E+00	.10487E+01	.12802E+01
    900.	    700.	.80183E+00	.10118E+01	.12619E+01
    900.	    750.	.78334E+00	.97395E+00	.12433E+01
    900.	    800.	.76405E+00	.93623E+00	.12253E+01
    900.	    850.	.74424E+00	.90029E+00	.12097E+01
    900.	    900.	.72058E+00	.86839E+00	.12051E+01
    900.	    950.	.70397E+00	.84430E+00	.11993E+01
    900.	   1000.	.68387E+00	.80529E+00	.11776E+01
    900.	   1050.	.66396E+00	.76761E+00	.11561E+01
    900.	   1100.	.64434E+00	.73316E+00	.11378E+01
    900.	   1150.	.62510E+00	.70149E+00	.11222E+01
    900.	   1200.	.60628E+00	.67300E+00	.11100E+01
    900.	   1250.	.58793E+00	.64777E+00	.11018E+01
    900.	   1300.	.57008E+00	.62360E+00	.10939E+01
    900.	   1350.	.55274E+00	.60004E+00	.10856E+01
    900.	   1400.	.53594E+00	.57849E+00	.10794E+01
    900.	   1450.	.51967E+00	.55752E+00	.10728E+01
    900.	   1500.	.50393E+00	.53742E+00	.10665E+01
    900.	   1550.	.48873E+00	.51954E+00	.10631E+01
    900.	   1600.	.47404E+00	.50217E+00	.10593E+01
    900.	   1650.	.45987E+00	.48405E+00	.10526E+01
    900.	   1700.	.44621E+00	.46814E+00	.10492E+01
    900.	   1750.	.43303E+00	.45259E+00	.10452E+01
    900.	   1800.	.42032E+00	.43778E+00	.10415E+01
    900.	   1850.	.40808E+00	.42229E+00	.10348E+01
    900.	   1900.	.39628E+00	.40954E+00	.10335E+01
    900.	   1950.	.38491E+00	.39593E+00	.10286E+01
    900.	   2000.	.37396E+00	.38387E+00	.10265E+01
    950.	    200.	.63619E+00	.90076E+00	.14159E+01
    950.	    250.	.64729E+00	.90750E+00	.14020E+01
    950.	    300.	.65569E+00	.91109E+00	.13895E+01
    950.	    350.	.66089E+00	.91034E+00	.13774E+01
    950.	    400.	.66281E+00	.90487E+00	.13652E+01
    950.	    450.	.66162E+00	.89479E+00	.13524E+01
    950.	    500.	.65764E+00	.88051E+00	.13389E+01
    950.	    550.	.65122E+00	.86255E+00	.13245E+01
    950.	    600.	.64275E+00	.84151E+00	.13092E+01
    950.	    650.	.63261E+00	.81801E+00	.12931E+01
    950.	    700.	.62112E+00	.79267E+00	.12762E+01
    950.	    750.	.60860E+00	.76610E+00	.12588E+01
    950.	    800.	.59529E+00	.73893E+00	.12413E+01
    950.	    850.	.58143E+00	.71188E+00	.12244E+01
    950.	    900.	.56719E+00	.68607E+00	.12096E+01
    951.	    950.	.55011E+00	.66275E+00	.12048E+01
    950.	   1000.	.53823E+00	.64540E+00	.11991E+01
    950.	   1050.	.52372E+00	.61758E+00	.11792E+01
    950.	   1100.	.50933E+00	.59002E+00	.11584E+01
    950.	   1150.	.49512E+00	.56557E+00	.11423E+01
    950.	   1200.	.48114E+00	.54189E+00	.11263E+01
    950.	   1250.	.46744E+00	.52124E+00	.11151E+01
    950.	   1300.	.45404E+00	.50210E+00	.11059E+01
    950.	   1350.	.44097E+00	.48418E+00	.10980E+01
    950.	   1400.	.42824E+00	.46699E+00	.10905E+01
    950.	   1450.	.41587E+00	.45090E+00	.10842E+01
    950.	   1500.	.40387E+00	.43519E+00	.10776E+01
    950.	   1550.	.39223E+00	.42050E+00	.10721E+01
    950.	   1600.	.38095E+00	.40653E+00	.10671E+01
    950.	   1650.	.37004E+00	.39355E+00	.10636E+01
    950.	   1700.	.35948E+00	.38030E+00	.10579E+01
    950.	   1750.	.34927E+00	.36817E+00	.10541E+01
    950.	   1800.	.33940E+00	.35620E+00	.10495E+01
    950.	   1850.	.32987E+00	.34515E+00	.10463E+01
    950.	   1900.	.32067E+00	.33357E+00	.10402E+01
    950.	   1950.	.31178E+00	.32331E+00	.10370E+01
    950.	   2000.	.30319E+00	.31321E+00	.10330E+01
   1000.	    200.	.48293E+00	.68463E+00	.14177E+01
   1000.	    250.	.49184E+00	.69063E+00	.14042E+01
   1000.	    300.	.49907E+00	.69482E+00	.13922E+01
   1000.	    350.	.50416E+00	.69619E+00	.13809E+01
   1000.	    400.	.50695E+00	.69430E+00	.13696E+01
   1000.	    450.	.50748E+00	.68910E+00	.13579E+01
   1000.	    500.	.50593E+00	.68078E+00	.13456E+01
   1000.	    550.	.50251E+00	.66963E+00	.13326E+01
   1000.	    600.	.49747E+00	.65603E+00	.13187E+01
   1000.	    650.	.49107E+00	.64039E+00	.13041E+01
   1000.	    700.	.48355E+00	.62312E+00	.12886E+01
   1000.	    750.	.47512E+00	.60463E+00	.12726E+01
   1000.	    800.	.46599E+00	.58532E+00	.12561E+01
   1000.	    850.	.45631E+00	.56561E+00	.12395E+01
   1000.	    900.	.44625E+00	.54600E+00	.12235E+01
   1000.	    950.	.43591E+00	.52725E+00	.12095E+01
   1000.	   1000.	.42344E+00	.51003E+00	.12045E+01
   1000.	   1050.	.41485E+00	.49740E+00	.11990E+01
   1000.	   1100.	.40428E+00	.47730E+00	.11806E+01
   1000.	   1150.	.39377E+00	.45729E+00	.11613E+01
   1000.	   1200.	.38337E+00	.43917E+00	.11456E+01
   1000.	   1250.	.37311E+00	.42202E+00	.11311E+01
   1000.	   1300.	.36304E+00	.40669E+00	.11202E+01
   1000.	   1350.	.35316E+00	.39187E+00	.11096E+01
   1000.	   1400.	.34350E+00	.37883E+00	.11028E+01
   1000.	   1450.	.33408E+00	.36591E+00	.10953E+01
   1000.	   1500.	.32489E+00	.35365E+00	.10885E+01
   1000.	   1550.	.31596E+00	.34177E+00	.10817E+01
   1000.	   1600.	.30728E+00	.33085E+00	.10767E+01
   1000.	   1650.	.29885E+00	.32050E+00	.10725E+01
   1000.	   1700.	.29067E+00	.31039E+00	.10679E+01
   1000.	   1750.	.28274E+00	.30061E+00	.10632E+01
   1000.	   1800.	.27505E+00	.29120E+00	.10587E+01
   1000.	   1850.	.26761E+00	.28210E+00	.10541E+01
   1000.	   1900.	.26041E+00	.27329E+00	.10495E+01
   1000.	   1950.	.25344E+00	.26487E+00	.10451E+01
   1000.	   2000.	.24669E+00	.25694E+00	.10415E+01
   1050.	    200.	.36917E+00	.52395E+00	.14193E+01
   1050.	    250.	.37626E+00	.52903E+00	.14060E+01
   1050.	    300.	.38232E+00	.53315E+00	.13945E+01
   1050.	    350.	.38696E+00	.53546E+00	.13838E+01
   1050.	    400.	.39000E+00	.53554E+00	.13732E+01
   1050.	    450.	.39141E+00	.53327E+00	.13624E+01
   1050.	    500.	.39126E+00	.52868E+00	.13512E+01
   1050.	    550.	.38970E+00	.52195E+00	.13394E+01
   1050.	    600.	.38687E+00	.51330E+00	.13268E+01
   1050.	    650.	.38296E+00	.50300E+00	.13135E+01
   1050.	    700.	.37812E+00	.49132E+00	.12994E+01
   1050.	    750.	.37251E+00	.47854E+00	.12846E+01
   1050.	    800.	.36629E+00	.46493E+00	.12693E+01
   1050.	    850.	.35957E+00	.45077E+00	.12536E+01
   1050.	    900.	.35247E+00	.43634E+00	.12379E+01
   1050.	    950.	.34509E+00	.42198E+00	.12228E+01
   1050.	   1000.	.33751E+00	.40822E+00	.12095E+01
   1051.	   1050.	.32832E+00	.39540E+00	.12043E+01
   1050.	   1100.	.32205E+00	.38609E+00	.11989E+01
   1050.	   1150.	.31428E+00	.37140E+00	.11818E+01
   1050.	   1200.	.30653E+00	.35675E+00	.11638E+01
   1050.	   1250.	.29885E+00	.34343E+00	.11492E+01
   1050.	   1300.	.29126E+00	.33059E+00	.11350E+01
   1050.	   1350.	.28379E+00	.31906E+00	.11243E+01
   1050.	   1400.	.27645E+00	.30798E+00	.11141E+01
   1050.	   1450.	.26925E+00	.29798E+00	.11067E+01
   1050.	   1500.	.26222E+00	.28817E+00	.10990E+01
   1050.	   1550.	.25535E+00	.27914E+00	.10932E+01
   1050.	   1600.	.24865E+00	.27013E+00	.10864E+01
   1050.	   1650.	.24212E+00	.26175E+00	.10811E+01
   1050.	   1700.	.23577E+00	.25366E+00	.10759E+01
   1050.	   1750.	.22960E+00	.24614E+00	.10720E+01
   1050.	   1800.	.22360E+00	.23862E+00	.10672E+01
   1050.	   1850.	.21778E+00	.23129E+00	.10620E+01
   1050.	   1900.	.21213E+00	.22433E+00	.10575E+01
   1050.	   1950.	.20665E+00	.21766E+00	.10533E+01
   1050.	   2000.	.20133E+00	.21111E+00	.10485E+01
   1100.	    200.	.28399E+00	.40345E+00	.14207E+01
   1100.	    250.	.28959E+00	.40764E+00	.14076E+01
   1100.	    300.	.29459E+00	.41137E+00	.13964E+01
   1100.	    350.	.29865E+00	.41397E+00	.13862E+01
   1100.	    400.	.30160E+00	.41507E+00	.13762E+01
   1100.	    450.	.30338E+00	.41449E+00	.13662E+01
   1100.	    500.	.30401E+00	.41222E+00	.13559E+01
   1100.	    550.	.30357E+00	.40833E+00	.13451E+01
   1100.	    600.	.30215E+00	.40296E+00	.13336E+01
   1100.	    650.	.29987E+00	.39628E+00	.13215E+01
   1100.	    700.	.29684E+00	.38846E+00	.13087E+01
   1100.	    750.	.29317E+00	.37970E+00	.12951E+01
   1100.	    800.	.28898E+00	.37018E+00	.12810E+01
   1100.	    850.	.28434E+00	.36009E+00	.12664E+01
   1100.	    900.	.27936E+00	.34961E+00	.12515E+01
   1100.	    950.	.27411E+00	.33895E+00	.12365E+01
   1100.	   1000.	.26866E+00	.32835E+00	.12222E+01
   1100.	   1050.	.26306E+00	.31817E+00	.12095E+01
   1100.	   1100.	.25622E+00	.30854E+00	.12042E+01
   1100.	   1150.	.25161E+00	.30164E+00	.11988E+01
   1100.	   1200.	.24585E+00	.29080E+00	.11829E+01
   1100.	   1250.	.24009E+00	.27996E+00	.11660E+01
   1100.	   1300.	.23437E+00	.27010E+00	.11524E+01
   1100.	   1350.	.22871E+00	.26039E+00	.11385E+01
   1100.	   1400.	.22313E+00	.25169E+00	.11280E+01
   1100.	   1450.	.21763E+00	.24348E+00	.11188E+01
   1100.	   1500.	.21223E+00	.23560E+00	.11101E+01
   1100.	   1550.	.20694E+00	.22830E+00	.11032E+01
   1100.	   1600.	.20176E+00	.22147E+00	.10977E+01
   1100.	   1650.	.19670E+00	.21450E+00	.10905E+01
   1100.	   1700.	.19177E+00	.20805E+00	.10849E+01
   1100.	   1750.	.18695E+00	.20194E+00	.10802E+01
   1100.	   1800.	.18226E+00	.19606E+00	.10757E+01
   1100.	   1850.	.17770E+00	.19022E+00	.10704E+01
   1100.	   1900.	.17326E+00	.18469E+00	.10659E+01
   1100.	   1950.	.16895E+00	.17935E+00	.10616E+01
   1100.	   2000.	.16475E+00	.17418E+00	.10572E+01
   1150.	    200.	.21970E+00	.31239E+00	.14219E+01
   1150.	    250.	.22411E+00	.31577E+00	.14090E+01
   1150.	    300.	.22818E+00	.31901E+00	.13981E+01
   1150.	    350.	.23164E+00	.32156E+00	.13882E+01
   1150.	    400.	.23434E+00	.32310E+00	.13788E+01
   1150.	    450.	.23620E+00	.32346E+00	.13694E+01
   1150.	    500.	.23722E+00	.32259E+00	.13599E+01
   1150.	    550.	.23743E+00	.32052E+00	.13499E+01
   1150.	    600.	.23689E+00	.31730E+00	.13394E+01
   1150.	    650.	.23567E+00	.31306E+00	.13284E+01
   1150.	    700.	.23385E+00	.30789E+00	.13166E+01
   1150.	    750.	.23151E+00	.30194E+00	.13042E+01
   1150.	    800.	.22873E+00	.29534E+00	.12912E+01
   1150.	    850.	.22557E+00	.28820E+00	.12777E+01
   1150.	    900.	.22210E+00	.28067E+00	.12637E+01
   1150.	    950.	.21838E+00	.27286E+00	.12495E+01
   1150.	   1000.	.21447E+00	.26493E+00	.12353E+01
   1150.	   1050.	.21041E+00	.25704E+00	.12216E+01
   1150.	   1100.	.20624E+00	.24944E+00	.12095E+01
   1151.	   1150.	.20111E+00	.24216E+00	.12041E+01
   1150.	   1200.	.19770E+00	.23700E+00	.11988E+01
   1150.	   1250.	.19339E+00	.22893E+00	.11838E+01
   1150.	   1300.	.18909E+00	.22087E+00	.11681E+01
   1150.	   1350.	.18480E+00	.21351E+00	.11554E+01
   1150.	   1400.	.18055E+00	.20612E+00	.11417E+01
   1150.	   1450.	.17634E+00	.19950E+00	.11313E+01
   1150.	   1500.	.17220E+00	.19321E+00	.11220E+01
   1150.	   1550.	.16812E+00	.18730E+00	.11141E+01
   1150.	   1600.	.16412E+00	.18176E+00	.11075E+01
   1150.	   1650.	.16019E+00	.17645E+00	.11015E+01
   1150.	   1700.	.15635E+00	.17114E+00	.10946E+01
   1150.	   1750.	.15259E+00	.16619E+00	.10891E+01
   1150.	   1800.	.14892E+00	.16137E+00	.10836E+01
   1150.	   1850.	.14534E+00	.15682E+00	.10790E+01
   1150.	   1900.	.14184E+00	.15244E+00	.10747E+01
   1150.	   1950.	.13844E+00	.14803E+00	.10693E+01
   1150.	   2000.	.13512E+00	.14398E+00	.10655E+01
   1200.	    200.	.17083E+00	.24308E+00	.14230E+01
   1200.	    250.	.17429E+00	.24578E+00	.14102E+01
   1200.	    300.	.17757E+00	.24851E+00	.13995E+01
   1200.	    350.	.18047E+00	.25084E+00	.13899E+01
   1200.	    400.	.18285E+00	.25250E+00	.13809E+01
   1200.	    450.	.18464E+00	.25335E+00	.13721E+01
   1200.	    500.	.18581E+00	.25330E+00	.13632E+01
   1200.	    550.	.18638E+00	.25236E+00	.13540E+01
   1200.	    600.	.18637E+00	.25055E+00	.13444E+01
   1200.	    650.	.18583E+00	.24793E+00	.13342E+01
   1200.	    700.	.18481E+00	.24459E+00	.13234E+01
   1200.	    750.	.18337E+00	.24060E+00	.13121E+01
   1200.	    800.	.18156E+00	.23606E+00	.13001E+01
   1200.	    850.	.17944E+00	.23105E+00	.12876E+01
   1200.	    900.	.17705E+00	.22567E+00	.12746E+01
   1200.	    950.	.17444E+00	.22001E+00	.12612E+01
   1200.	   1000.	.17165E+00	.21416E+00	.12477E+01
   1200.	   1050.	.16872E+00	.20822E+00	.12341E+01
   1200.	   1100.	.16567E+00	.20230E+00	.12211E+01
   1200.	   1150.	.16254E+00	.19659E+00	.12095E+01
   1200.	   1200.	.15868E+00	.19105E+00	.12040E+01
   1200.	   1250.	.15613E+00	.18716E+00	.11987E+01
   1200.	   1300.	.15289E+00	.18112E+00	.11846E+01
   1200.	   1350.	.14965E+00	.17509E+00	.11700E+01
   1200.	   1400.	.14641E+00	.16944E+00	.11573E+01
   1200.	   1450.	.14320E+00	.16392E+00	.11447E+01
   1200.	   1500.	.14002E+00	.15885E+00	.11345E+01
   1200.	   1550.	.13687E+00	.15400E+00	.11252E+01
   1200.	   1600.	.13377E+00	.14957E+00	.11181E+01
   1200.	   1650.	.13072E+00	.14523E+00	.11110E+01
   1200.	   1700.	.12773E+00	.14114E+00	.11050E+01
   1200.	   1750.	.12479E+00	.13709E+00	.10985E+01
   1200.	   1800.	.12192E+00	.13316E+00	.10923E+01
   1200.	   1850.	.11910E+00	.12950E+00	.10873E+01
   1200.	   1900.	.11635E+00	.12602E+00	.10830E+01
   1200.	   1950.	.11367E+00	.12255E+00	.10782E+01
   1200.	   2000.	.11104E+00	.11918E+00	.10733E+01
   1250.	    200.	.13343E+00	.18999E+00	.14239E+01
   1250.	    250.	.13614E+00	.19213E+00	.14112E+01
   1250.	    300.	.13878E+00	.19438E+00	.14007E+01
   1250.	    350.	.14118E+00	.19643E+00	.13913E+01
   1250.	    400.	.14323E+00	.19805E+00	.13827E+01
   1250.	    450.	.14487E+00	.19909E+00	.13743E+01
   1250.	    500.	.14605E+00	.19950E+00	.13660E+01
   1250.	    550.	.14678E+00	.19925E+00	.13574E+01
   1250.	    600.	.14708E+00	.19834E+00	.13485E+01
   1250.	    650.	.14696E+00	.19681E+00	.13392E+01
   1250.	    700.	.14647E+00	.19470E+00	.13293E+01
   1250.	    750.	.14563E+00	.19207E+00	.13189E+01
   1250.	    800.	.14450E+00	.18899E+00	.13079E+01
   1250.	    850.	.14310E+00	.18551E+00	.12963E+01
   1250.	    900.	.14148E+00	.18170E+00	.12843E+01
   1250.	    950.	.13966E+00	.17762E+00	.12718E+01
   1250.	   1000.	.13769E+00	.17335E+00	.12590E+01
   1250.	   1050.	.13558E+00	.16893E+00	.12460E+01
   1250.	   1100.	.13337E+00	.16445E+00	.12331E+01
   1250.	   1150.	.13107E+00	.15998E+00	.12206E+01
   1250.	   1200.	.12871E+00	.15567E+00	.12095E+01
   1251.	   1250.	.12577E+00	.15143E+00	.12040E+01
   1250.	   1300.	.12387E+00	.14848E+00	.11987E+01
   1250.	   1350.	.12141E+00	.14393E+00	.11854E+01
   1250.	   1400.	.11895E+00	.13937E+00	.11716E+01
   1250.	   1450.	.11650E+00	.13507E+00	.11594E+01
   1250.	   1500.	.11406E+00	.13088E+00	.11475E+01
   1250.	   1550.	.11163E+00	.12699E+00	.11375E+01
   1250.	   1600.	.10924E+00	.12327E+00	.11285E+01
   1250.	   1650.	.10687E+00	.11981E+00	.11211E+01
   1250.	   1700.	.10454E+00	.11645E+00	.11140E+01
   1250.	   1750.	.10224E+00	.11330E+00	.11082E+01
   1250.	   1800.	.99986E-01	.11019E+00	.11021E+01
   1250.	   1850.	.97774E-01	.10716E+00	.10960E+01
   1250.	   1900.	.95606E-01	.10426E+00	.10905E+01
   1250.	   1950.	.93483E-01	.10159E+00	.10867E+01
   1250.	   2000.	.91407E-01	.98899E-01	.10820E+01
   1300.	    200.	.10465E+00	.14910E+00	.14247E+01
   1300.	    250.	.10677E+00	.15078E+00	.14121E+01
   1300.	    300.	.10888E+00	.15262E+00	.14017E+01
   1300.	    350.	.11085E+00	.15437E+00	.13925E+01
   1300.	    400.	.11259E+00	.15585E+00	.13842E+01
   1300.	    450.	.11404E+00	.15694E+00	.13762E+01
   1300.	    500.	.11516E+00	.15757E+00	.13683E+01
   1300.	    550.	.11594E+00	.15772E+00	.13603E+01
   1300.	    600.	.11640E+00	.15737E+00	.13521E+01
   1300.	    650.	.11653E+00	.15655E+00	.13434E+01
   1300.	    700.	.11637E+00	.15528E+00	.13343E+01
   1300.	    750.	.11594E+00	.15359E+00	.13247E+01
   1300.	    800.	.11527E+00	.15153E+00	.13146E+01
   1300.	    850.	.11437E+00	.14914E+00	.13040E+01
   1300.	    900.	.11329E+00	.14647E+00	.12928E+01
   1300.	    950.	.11205E+00	.14356E+00	.12812E+01
   1300.	   1000.	.11066E+00	.14045E+00	.12692E+01
   1300.	   1050.	.10916E+00	.13721E+00	.12569E+01
   1300.	   1100.	.10756E+00	.13386E+00	.12444E+01
   1300.	   1150.	.10588E+00	.13046E+00	.12321E+01
   1300.	   1200.	.10414E+00	.12707E+00	.12201E+01
   1300.	   1250.	.10235E+00	.12379E+00	.12094E+01
   1300.	   1300.	.10011E+00	.12052E+00	.12039E+01
   1300.	   1350.	.98672E-01	.11828E+00	.11987E+01
   1300.	   1400.	.96805E-01	.11483E+00	.11861E+01
   1300.	   1450.	.94931E-01	.11136E+00	.11730E+01
   1300.	   1500.	.93058E-01	.10807E+00	.11614E+01
   1300.	   1550.	.91192E-01	.10486E+00	.11499E+01
   1300.	   1600.	.89337E-01	.10188E+00	.11404E+01
   1300.	   1650.	.87499E-01	.99015E-01	.11316E+01
   1300.	   1700.	.85682E-01	.96303E-01	.11240E+01
   1300.	   1750.	.83888E-01	.93712E-01	.11171E+01
   1300.	   1800.	.82121E-01	.91234E-01	.11110E+01
   1300.	   1850.	.80382E-01	.88836E-01	.11052E+01
   1300.	   1900.	.78673E-01	.86477E-01	.10992E+01
   1300.	   1950.	.76995E-01	.84265E-01	.10944E+01
   1300.	   2000.	.75351E-01	.82139E-01	.10901E+01
   1350.	    200.	.82382E-01	.11743E+00	.14254E+01
   1350.	    250.	.84044E-01	.11875E+00	.14129E+01
   1350.	    300.	.85727E-01	.12024E+00	.14025E+01
   1350.	    350.	.87333E-01	.12170E+00	.13936E+01
   1350.	    400.	.88788E-01	.12301E+00	.13854E+01
   1350.	    450.	.90039E-01	.12405E+00	.13777E+01
   1350.	    500.	.91057E-01	.12477E+00	.13703E+01
   1350.	    550.	.91828E-01	.12514E+00	.13627E+01
   1350.	    600.	.92348E-01	.12513E+00	.13550E+01
   1350.	    650.	.92625E-01	.12477E+00	.13470E+01
   1350.	    700.	.92670E-01	.12405E+00	.13386E+01
   1350.	    750.	.92501E-01	.12300E+00	.13298E+01
   1350.	    800.	.92136E-01	.12166E+00	.13204E+01
   1350.	    850.	.91593E-01	.12004E+00	.13106E+01
   1350.	    900.	.90894E-01	.11819E+00	.13003E+01
   1350.	    950.	.90057E-01	.11613E+00	.12895E+01
   1350.	   1000.	.89100E-01	.11390E+00	.12783E+01
   1350.	   1050.	.88040E-01	.11152E+00	.12668E+01
   1350.	   1100.	.86893E-01	.10904E+00	.12549E+01
   1350.	   1150.	.85673E-01	.10649E+00	.12430E+01
   1350.	   1200.	.84393E-01	.10390E+00	.12311E+01
   1350.	   1250.	.83065E-01	.10131E+00	.12197E+01
   1350.	   1300.	.81699E-01	.98808E-01	.12094E+01
   1351.	   1350.	.79976E-01	.96281E-01	.12039E+01
   1350.	   1400.	.78891E-01	.94564E-01	.11987E+01
   1350.	   1450.	.77463E-01	.91935E-01	.11868E+01
   1350.	   1500.	.76028E-01	.89285E-01	.11744E+01
   1350.	   1550.	.74592E-01	.86764E-01	.11632E+01
   1350.	   1600.	.73159E-01	.84302E-01	.11523E+01
   1350.	   1650.	.71734E-01	.81980E-01	.11428E+01
   1350.	   1700.	.70319E-01	.79788E-01	.11347E+01
   1350.	   1750.	.68917E-01	.77657E-01	.11268E+01
   1350.	   1800.	.67532E-01	.75646E-01	.11201E+01
   1350.	   1850.	.66165E-01	.73710E-01	.11140E+01
   1350.	   1900.	.64819E-01	.71840E-01	.11083E+01
   1350.	   1950.	.63493E-01	.69978E-01	.11021E+01
   1350.	   2000.	.62190E-01	.68247E-01	.10974E+01
   1400.	    200.	.65069E-01	.92790E-01	.14260E+01
   1400.	    250.	.66370E-01	.93819E-01	.14136E+01
   1400.	    300.	.67710E-01	.95016E-01	.14033E+01
   1400.	    350.	.69013E-01	.96232E-01	.13944E+01
   1400.	    400.	.70220E-01	.97356E-01	.13865E+01
   1400.	    450.	.71287E-01	.98307E-01	.13790E+01
   1400.	    500.	.72188E-01	.99033E-01	.13719E+01
   1400.	    550.	.72906E-01	.99500E-01	.13648E+01
   1400.	    600.	.73437E-01	.99694E-01	.13575E+01
   1400.	    650.	.73782E-01	.99611E-01	.13501E+01
   1400.	    700.	.73948E-01	.99257E-01	.13423E+01
   1400.	    750.	.73944E-01	.98646E-01	.13341E+01
   1400.	    800.	.73783E-01	.97796E-01	.13255E+01
   1400.	    850.	.73479E-01	.96725E-01	.13164E+01
   1400.	    900.	.73046E-01	.95458E-01	.13068E+01
   1400.	    950.	.72497E-01	.94017E-01	.12968E+01
   1400.	   1000.	.71847E-01	.92425E-01	.12864E+01
   1400.	   1050.	.71109E-01	.90707E-01	.12756E+01
   1400.	   1100.	.70295E-01	.88885E-01	.12645E+01
   1400.	   1150.	.69415E-01	.86984E-01	.12531E+01
   1400.	   1200.	.68480E-01	.85027E-01	.12416E+01
   1400.	   1250.	.67501E-01	.83041E-01	.12302E+01
   1400.	   1300.	.66484E-01	.81060E-01	.12192E+01
   1400.	   1350.	.65438E-01	.79137E-01	.12093E+01
   1400.	   1400.	.64108E-01	.77175E-01	.12038E+01
   1400.	   1450.	.63284E-01	.75854E-01	.11986E+01
   1400.	   1500.	.62187E-01	.73842E-01	.11874E+01
   1400.	   1550.	.61084E-01	.71807E-01	.11756E+01
   1400.	   1600.	.59978E-01	.69860E-01	.11648E+01
   1400.	   1650.	.58874E-01	.67957E-01	.11543E+01
   1400.	   1700.	.57773E-01	.66175E-01	.11454E+01
   1400.	   1750.	.56679E-01	.64466E-01	.11374E+01
   1400.	   1800.	.55594E-01	.62800E-01	.11296E+01
   1400.	   1850.	.54521E-01	.61229E-01	.11230E+01
   1400.	   1900.	.53459E-01	.59712E-01	.11170E+01
   1400.	   1950.	.52412E-01	.58245E-01	.11113E+01
   1400.	   2000.	.51381E-01	.56809E-01	.11057E+01
   1450.	    200.	.51549E-01	.73537E-01	.14265E+01
   1450.	    250.	.52568E-01	.74339E-01	.14141E+01
   1450.	    300.	.53634E-01	.75296E-01	.14039E+01
   1450.	    350.	.54687E-01	.76295E-01	.13951E+01
   1450.	    400.	.55681E-01	.77247E-01	.13873E+01
   1450.	    450.	.56581E-01	.78088E-01	.13801E+01
   1450.	    500.	.57363E-01	.78772E-01	.13732E+01
   1450.	    550.	.58012E-01	.79271E-01	.13665E+01
   1450.	    600.	.58521E-01	.79567E-01	.13596E+01
   1450.	    650.	.58888E-01	.79655E-01	.13526E+01
   1450.	    700.	.59117E-01	.79534E-01	.13454E+01
   1450.	    750.	.59212E-01	.79213E-01	.13378E+01
   1450.	    800.	.59183E-01	.78701E-01	.13298E+01
   1450.	    850.	.59039E-01	.78013E-01	.13214E+01
   1450.	    900.	.58789E-01	.77163E-01	.13125E+01
   1450.	    950.	.58444E-01	.76168E-01	.13033E+01
   1450.	   1000.	.58014E-01	.75045E-01	.12936E+01
   1450.	   1050.	.57509E-01	.73812E-01	.12835E+01
   1450.	   1100.	.56938E-01	.72485E-01	.12731E+01
   1450.	   1150.	.56310E-01	.71081E-01	.12623E+01
   1450.	   1200.	.55633E-01	.69617E-01	.12514E+01
   1450.	   1250.	.54914E-01	.68111E-01	.12403E+01
   1450.	   1300.	.54161E-01	.66584E-01	.12294E+01
   1450.	   1350.	.53379E-01	.65059E-01	.12188E+01
   1450.	   1400.	.52574E-01	.63576E-01	.12093E+01
   1451.	   1450.	.51545E-01	.62046E-01	.12037E+01
   1450.	   1500.	.50916E-01	.61027E-01	.11986E+01
   1450.	   1550.	.50070E-01	.59479E-01	.11879E+01
   1450.	   1600.	.49218E-01	.57911E-01	.11766E+01
   1450.	   1650.	.48364E-01	.56402E-01	.11662E+01
   1450.	   1700.	.47509E-01	.54931E-01	.11562E+01
   1450.	   1750.	.46656E-01	.53539E-01	.11475E+01
   1450.	   1800.	.45807E-01	.52212E-01	.11398E+01
   1450.	   1850.	.44964E-01	.50906E-01	.11321E+01
   1450.	   1900.	.44129E-01	.49685E-01	.11259E+01
   1450.	   1950.	.43302E-01	.48490E-01	.11198E+01
   1450.	   2000.	.42486E-01	.47331E-01	.11141E+01
   1500.	    200.	.40950E-01	.58433E-01	.14270E+01
   1500.	    250.	.41749E-01	.59058E-01	.14146E+01
   1500.	    300.	.42595E-01	.59821E-01	.14044E+01
   1500.	    350.	.43444E-01	.60635E-01	.13957E+01
   1500.	    400.	.44259E-01	.61432E-01	.13880E+01
   1500.	    450.	.45011E-01	.62159E-01	.13810E+01
   1500.	    500.	.45681E-01	.62780E-01	.13743E+01
   1500.	    550.	.46254E-01	.63268E-01	.13678E+01
   1500.	    600.	.46723E-01	.63607E-01	.13614E+01
   1500.	    650.	.47084E-01	.63790E-01	.13548E+01
   1500.	    700.	.47339E-01	.63813E-01	.13480E+01
   1500.	    750.	.47490E-01	.63681E-01	.13409E+01
   1500.	    800.	.47542E-01	.63398E-01	.13335E+01
   1500.	    850.	.47502E-01	.62974E-01	.13257E+01
   1500.	    900.	.47377E-01	.62420E-01	.13175E+01
   1500.	    950.	.47173E-01	.61746E-01	.13089E+01
   1500.	   1000.	.46899E-01	.60964E-01	.12999E+01
   1500.	   1050.	.46562E-01	.60088E-01	.12905E+01
   1500.	   1100.	.46168E-01	.59129E-01	.12807E+01
   1500.	   1150.	.45726E-01	.58101E-01	.12706E+01
   1500.	   1200.	.45240E-01	.57015E-01	.12603E+01
   1500.	   1250.	.44717E-01	.55884E-01	.12497E+01
   1500.	   1300.	.44162E-01	.54721E-01	.12391E+01
   1500.	   1350.	.43581E-01	.53541E-01	.12285E+01
   1500.	   1400.	.42978E-01	.52363E-01	.12184E+01
   1500.	   1450.	.42357E-01	.51216E-01	.12092E+01
   1500.	   1500.	.41556E-01	.50019E-01	.12037E+01
   1500.	   1550.	.41075E-01	.49230E-01	.11985E+01
   1500.	   1600.	.40420E-01	.48034E-01	.11884E+01
   1500.	   1650.	.39760E-01	.46821E-01	.11776E+01
   1500.	   1700.	.39097E-01	.45653E-01	.11677E+01
   1500.	   1750.	.38433E-01	.44504E-01	.11580E+01
   1500.	   1800.	.37770E-01	.43416E-01	.11495E+01
   1500.	   1850.	.37109E-01	.42380E-01	.11420E+01
   1500.	   1900.	.36452E-01	.41351E-01	.11344E+01
   1500.	   1950.	.35800E-01	.40398E-01	.11284E+01
   1500.	   2000.	.35155E-01	.39449E-01	.11222E+01
   1550.	    200.	.32609E-01	.46543E-01	.14273E+01
   1550.	    250.	.33236E-01	.47029E-01	.14150E+01
   1550.	    300.	.33908E-01	.47635E-01	.14048E+01
   1550.	    350.	.34591E-01	.48295E-01	.13962E+01
   1550.	    400.	.35257E-01	.48956E-01	.13886E+01
   1550.	    450.	.35881E-01	.49576E-01	.13817E+01
   1550.	    500.	.36448E-01	.50124E-01	.13752E+01
   1550.	    550.	.36946E-01	.50578E-01	.13690E+01
   1550.	    600.	.37366E-01	.50924E-01	.13628E+01
   1550.	    650.	.37706E-01	.51153E-01	.13566E+01
   1550.	    700.	.37964E-01	.51260E-01	.13502E+01
   1550.	    750.	.38141E-01	.51248E-01	.13436E+01
   1550.	    800.	.38241E-01	.51117E-01	.13367E+01
   1550.	    850.	.38267E-01	.50874E-01	.13295E+01
   1550.	    900.	.38224E-01	.50526E-01	.13218E+01
   1550.	    950.	.38118E-01	.50080E-01	.13138E+01
   1550.	   1000.	.37953E-01	.49546E-01	.13055E+01
   1550.	   1050.	.37735E-01	.48931E-01	.12967E+01
   1550.	   1100.	.37471E-01	.48246E-01	.12876E+01
   1550.	   1150.	.37164E-01	.47499E-01	.12781E+01
   1550.	   1200.	.36819E-01	.46700E-01	.12683E+01
   1550.	   1250.	.36442E-01	.45857E-01	.12583E+01
   1550.	   1300.	.36037E-01	.44980E-01	.12481E+01
   1550.	   1350.	.35608E-01	.44079E-01	.12379E+01
   1550.	   1400.	.35158E-01	.43165E-01	.12277E+01
   1550.	   1450.	.34691E-01	.42251E-01	.12179E+01
   1550.	   1500.	.34210E-01	.41360E-01	.12090E+01
   1551.	   1550.	.33585E-01	.40421E-01	.12035E+01
   1550.	   1600.	.33216E-01	.39808E-01	.11985E+01
   1550.	   1650.	.32707E-01	.38881E-01	.11888E+01
   1550.	   1700.	.32194E-01	.37938E-01	.11784E+01
   1550.	   1750.	.31678E-01	.37025E-01	.11688E+01
   1550.	   1800.	.31161E-01	.36131E-01	.11595E+01
   1550.	   1850.	.30644E-01	.35285E-01	.11515E+01
   1550.	   1900.	.30128E-01	.34466E-01	.11440E+01
   1550.	   1950.	.29614E-01	.33658E-01	.11366E+01
   1550.	   2000.	.29104E-01	.32906E-01	.11306E+01
   1600.	    200.	.26025E-01	.37151E-01	.14275E+01
   1600.	    250.	.26517E-01	.37530E-01	.14153E+01
   1600.	    300.	.27051E-01	.38010E-01	.14051E+01
   1600.	    350.	.27599E-01	.38543E-01	.13965E+01
   1600.	    400.	.28141E-01	.39087E-01	.13890E+01
   1600.	    450.	.28657E-01	.39609E-01	.13822E+01
   1600.	    500.	.29133E-01	.40085E-01	.13759E+01
   1600.	    550.	.29560E-01	.40494E-01	.13699E+01
   1600.	    600.	.29930E-01	.40825E-01	.13640E+01
   1600.	    650.	.30240E-01	.41069E-01	.13581E+01
   1600.	    700.	.30487E-01	.41221E-01	.13521E+01
   1600.	    750.	.30671E-01	.41280E-01	.13459E+01
   1600.	    800.	.30795E-01	.41248E-01	.13394E+01
   1600.	    850.	.30861E-01	.41127E-01	.13327E+01
   1600.	    900.	.30871E-01	.40922E-01	.13256E+01
   1600.	    950.	.30829E-01	.40638E-01	.13181E+01
   1600.	   1000.	.30740E-01	.40280E-01	.13103E+01
   1600.	   1050.	.30608E-01	.39856E-01	.13022E+01
   1600.	   1100.	.30435E-01	.39372E-01	.12936E+01
   1600.	   1150.	.30227E-01	.38835E-01	.12848E+01
   1600.	   1200.	.29987E-01	.38252E-01	.12756E+01
   1600.	   1250.	.29719E-01	.37629E-01	.12662E+01
   1600.	   1300.	.29426E-01	.36973E-01	.12565E+01
   1600.	   1350.	.29111E-01	.36291E-01	.12466E+01
   1600.	   1400.	.28778E-01	.35591E-01	.12367E+01
   1600.	   1450.	.28429E-01	.34880E-01	.12269E+01
   1600.	   1500.	.28066E-01	.34170E-01	.12175E+01
   1600.	   1550.	.27692E-01	.33475E-01	.12088E+01
   1600.	   1600.	.27202E-01	.32735E-01	.12034E+01
   1600.	   1650.	.26918E-01	.32259E-01	.11984E+01
   1600.	   1700.	.26523E-01	.31537E-01	.11891E+01
   1600.	   1750.	.26123E-01	.30802E-01	.11792E+01
   1600.	   1800.	.25720E-01	.30086E-01	.11698E+01
   1600.	   1850.	.25316E-01	.29389E-01	.11609E+01
   1600.	   1900.	.24911E-01	.28728E-01	.11532E+01
   1600.	   1950.	.24507E-01	.28084E-01	.11459E+01
   1600.	   2000.	.24104E-01	.27447E-01	.11387E+01
   1650.	    200.	.20811E-01	.29712E-01	.14277E+01
   1650.	    250.	.21198E-01	.30006E-01	.14155E+01
   1650.	    300.	.21622E-01	.30387E-01	.14054E+01
   1650.	    350.	.22062E-01	.30816E-01	.13968E+01
   1650.	    400.	.22501E-01	.31261E-01	.13893E+01
   1650.	    450.	.22925E-01	.31697E-01	.13826E+01
   1650.	    500.	.23323E-01	.32103E-01	.13765E+01
   1650.	    550.	.23686E-01	.32464E-01	.13706E+01
   1650.	    600.	.24007E-01	.32769E-01	.13650E+01
   1650.	    650.	.24283E-01	.33008E-01	.13593E+01
   1650.	    700.	.24511E-01	.33180E-01	.13536E+01
   1650.	    750.	.24692E-01	.33280E-01	.13478E+01
   1650.	    800.	.24825E-01	.33308E-01	.13417E+01
   1650.	    850.	.24912E-01	.33267E-01	.13354E+01
   1650.	    900.	.24954E-01	.33159E-01	.13288E+01
   1650.	    950.	.24955E-01	.32988E-01	.13219E+01
   1650.	   1000.	.24918E-01	.32756E-01	.13146E+01
   1650.	   1050.	.24844E-01	.32470E-01	.13070E+01
   1650.	   1100.	.24737E-01	.32134E-01	.12990E+01
   1650.	   1150.	.24601E-01	.31753E-01	.12907E+01
   1650.	   1200.	.24437E-01	.31331E-01	.12821E+01
   1650.	   1250.	.24249E-01	.30875E-01	.12732E+01
   1650.	   1300.	.24040E-01	.30388E-01	.12641E+01
   1650.	   1350.	.23811E-01	.29876E-01	.12547E+01
   1650.	   1400.	.23566E-01	.29344E-01	.12452E+01
   1650.	   1450.	.23307E-01	.28798E-01	.12356E+01
   1650.	   1500.	.23035E-01	.28244E-01	.12262E+01
   1650.	   1550.	.22752E-01	.27690E-01	.12170E+01
   1650.	   1600.	.22461E-01	.27147E-01	.12086E+01
   1651.	   1650.	.22076E-01	.26563E-01	.12033E+01
   1650.	   1700.	.21857E-01	.26191E-01	.11983E+01
   1650.	   1750.	.21548E-01	.25627E-01	.11893E+01
   1650.	   1800.	.21235E-01	.25054E-01	.11798E+01
   1650.	   1850.	.20920E-01	.24492E-01	.11707E+01
   1650.	   1900.	.20604E-01	.23948E-01	.11623E+01
   1650.	   1950.	.20286E-01	.23424E-01	.11547E+01
   1650.	   2000.	.19969E-01	.22914E-01	.11475E+01
   1700.	    200.	.16671E-01	.23803E-01	.14278E+01
   1700.	    250.	.16976E-01	.24032E-01	.14156E+01
   1700.	    300.	.17312E-01	.24333E-01	.14056E+01
   1700.	    350.	.17665E-01	.24678E-01	.13970E+01
   1700.	    400.	.18021E-01	.25041E-01	.13896E+01
   1700.	    450.	.18368E-01	.25402E-01	.13829E+01
   1700.	    500.	.18699E-01	.25746E-01	.13769E+01
   1700.	    550.	.19004E-01	.26058E-01	.13712E+01
   1700.	    600.	.19280E-01	.26331E-01	.13657E+01
   1700.	    650.	.19522E-01	.26556E-01	.13603E+01
   1700.	    700.	.19728E-01	.26730E-01	.13549E+01
   1700.	    750.	.19898E-01	.26849E-01	.13494E+01
   1700.	    800.	.20030E-01	.26914E-01	.13437E+01
   1700.	    850.	.20126E-01	.26924E-01	.13378E+01
   1700.	    900.	.20187E-01	.26880E-01	.13316E+01
   1700.	    950.	.20215E-01	.26786E-01	.13251E+01
   1700.	   1000.	.20211E-01	.26644E-01	.13183E+01
   1700.	   1050.	.20177E-01	.26457E-01	.13112E+01
   1700.	   1100.	.20117E-01	.26228E-01	.13038E+01
   1700.	   1150.	.20032E-01	.25961E-01	.12960E+01
   1700.	   1200.	.19923E-01	.25660E-01	.12879E+01
   1700.	   1250.	.19795E-01	.25328E-01	.12796E+01
   1700.	   1300.	.19647E-01	.24970E-01	.12709E+01
   1700.	   1350.	.19484E-01	.24589E-01	.12620E+01
   1700.	   1400.	.19305E-01	.24188E-01	.12529E+01
   1700.	   1450.	.19114E-01	.23773E-01	.12437E+01
   1700.	   1500.	.18911E-01	.23346E-01	.12345E+01
   1700.	   1550.	.18699E-01	.22913E-01	.12254E+01
   1700.	   1600.	.18478E-01	.22479E-01	.12165E+01
   1700.	   1650.	.18251E-01	.22054E-01	.12084E+01
   1700.	   1700.	.17948E-01	.21592E-01	.12031E+01
   1700.	   1750.	.17779E-01	.21301E-01	.11981E+01
   1700.	   1800.	.17537E-01	.20860E-01	.11895E+01
   1700.	   1850.	.17291E-01	.20411E-01	.11804E+01
   1700.	   1900.	.17044E-01	.19969E-01	.11716E+01
   1700.	   1950.	.16796E-01	.19542E-01	.11635E+01
   1700.	   2000.	.16546E-01	.19128E-01	.11560E+01
   1750.	    200.	.13375E-01	.19098E-01	.14278E+01
   1750.	    250.	.13616E-01	.19276E-01	.14157E+01
   1750.	    300.	.13883E-01	.19515E-01	.14057E+01
   1750.	    350.	.14165E-01	.19791E-01	.13971E+01
   1750.	    400.	.14453E-01	.20086E-01	.13897E+01
   1750.	    450.	.14737E-01	.20384E-01	.13831E+01
   1750.	    500.	.15011E-01	.20672E-01	.13772E+01
   1750.	    550.	.15267E-01	.20939E-01	.13716E+01
   1750.	    600.	.15501E-01	.21179E-01	.13663E+01
   1750.	    650.	.15711E-01	.21384E-01	.13611E+01
   1750.	    700.	.15894E-01	.21550E-01	.13559E+01
   1750.	    750.	.16048E-01	.21676E-01	.13507E+01
   1750.	    800.	.16174E-01	.21759E-01	.13453E+01
   1750.	    850.	.16271E-01	.21799E-01	.13397E+01
   1750.	    900.	.16341E-01	.21798E-01	.13339E+01
   1750.	    950.	.16384E-01	.21756E-01	.13279E+01
   1750.	   1000.	.16402E-01	.21675E-01	.13215E+01
   1750.	   1050.	.16396E-01	.21558E-01	.13149E+01
   1750.	   1100.	.16367E-01	.21407E-01	.13079E+01
   1750.	   1150.	.16318E-01	.21224E-01	.13007E+01
   1750.	   1200.	.16249E-01	.21012E-01	.12931E+01
   1750.	   1250.	.16164E-01	.20774E-01	.12852E+01
   1750.	   1300.	.16062E-01	.20513E-01	.12771E+01
   1750.	   1350.	.15947E-01	.20231E-01	.12687E+01
   1750.	   1400.	.15818E-01	.19932E-01	.12601E+01
   1750.	   1450.	.15678E-01	.19618E-01	.12513E+01
   1750.	   1500.	.15529E-01	.19292E-01	.12424E+01
   1750.	   1550.	.15370E-01	.18958E-01	.12334E+01
   1750.	   1600.	.15204E-01	.18619E-01	.12246E+01
   1750.	   1650.	.15032E-01	.18279E-01	.12160E+01
   1750.	   1700.	.14853E-01	.17945E-01	.12081E+01
   1751.	   1750.	.14614E-01	.17578E-01	.12028E+01
   1750.	   1800.	.14483E-01	.17350E-01	.11979E+01
   1750.	   1850.	.14293E-01	.17004E-01	.11897E+01
   1750.	   1900.	.14101E-01	.16651E-01	.11809E+01
   1750.	   1950.	.13907E-01	.16304E-01	.11724E+01
   1750.	   2000.	.13711E-01	.15968E-01	.11646E+01
   1800.	    200.	.10746E-01	.15344E-01	.14278E+01
   1800.	    250.	.10936E-01	.15483E-01	.14157E+01
   1800.	    300.	.11148E-01	.15671E-01	.14057E+01
   1800.	    350.	.11374E-01	.15892E-01	.13972E+01
   1800.	    400.	.11607E-01	.16131E-01	.13898E+01
   1800.	    450.	.11839E-01	.16376E-01	.13832E+01
   1800.	    500.	.12064E-01	.16616E-01	.13773E+01
   1800.	    550.	.12277E-01	.16843E-01	.13719E+01
   1800.	    600.	.12475E-01	.17050E-01	.13667E+01
   1800.	    650.	.12655E-01	.17232E-01	.13617E+01
   1800.	    700.	.12815E-01	.17386E-01	.13567E+01
   1800.	    750.	.12953E-01	.17509E-01	.13517E+01
   1800.	    800.	.13069E-01	.17599E-01	.13466E+01
   1800.	    850.	.13163E-01	.17657E-01	.13414E+01
   1800.	    900.	.13235E-01	.17681E-01	.13359E+01
   1800.	    950.	.13286E-01	.17674E-01	.13302E+01
   1800.	   1000.	.13317E-01	.17635E-01	.13243E+01
   1800.	   1050.	.13328E-01	.17567E-01	.13181E+01
   1800.	   1100.	.13321E-01	.17471E-01	.13116E+01
   1800.	   1150.	.13296E-01	.17349E-01	.13048E+01
   1800.	   1200.	.13256E-01	.17203E-01	.12977E+01
   1800.	   1250.	.13202E-01	.17034E-01	.12903E+01
   1800.	   1300.	.13134E-01	.16846E-01	.12826E+01
   1800.	   1350.	.13054E-01	.16640E-01	.12747E+01
   1800.	   1400.	.12963E-01	.16418E-01	.12665E+01
   1800.	   1450.	.12862E-01	.16183E-01	.12582E+01
   1800.	   1500.	.12753E-01	.15936E-01	.12496E+01
   1800.	   1550.	.12635E-01	.15681E-01	.12410E+01
   1800.	   1600.	.12511E-01	.15418E-01	.12324E+01
   1800.	   1650.	.12381E-01	.15152E-01	.12238E+01
   1800.	   1700.	.12246E-01	.14884E-01	.12155E+01
   1800.	   1750.	.12106E-01	.14622E-01	.12078E+01
   1800.	   1800.	.11916E-01	.14330E-01	.12026E+01
   1800.	   1850.	.11815E-01	.14151E-01	.11977E+01
   1800.	   1900.	.11666E-01	.13879E-01	.11897E+01
   1800.	   1950.	.11514E-01	.13601E-01	.11813E+01
   1800.	   2000.	.11361E-01	.13328E-01	.11731E+01
   1850.	    200.	.86449E-02	.12342E-01	.14277E+01
   1850.	    250.	.87947E-02	.12451E-01	.14157E+01
   1850.	    300.	.89633E-02	.12599E-01	.14057E+01
   1850.	    350.	.91444E-02	.12776E-01	.13972E+01
   1850.	    400.	.93319E-02	.12969E-01	.13898E+01
   1850.	    450.	.95204E-02	.13169E-01	.13833E+01
   1850.	    500.	.97053E-02	.13368E-01	.13774E+01
   1850.	    550.	.98825E-02	.13559E-01	.13720E+01
   1850.	    600.	.10049E-01	.13736E-01	.13670E+01
   1850.	    650.	.10202E-01	.13896E-01	.13621E+01
   1850.	    700.	.10340E-01	.14035E-01	.13573E+01
   1850.	    750.	.10462E-01	.14150E-01	.13526E+01
   1850.	    800.	.10567E-01	.14241E-01	.13477E+01
   1850.	    850.	.10654E-01	.14306E-01	.13427E+01
   1850.	    900.	.10725E-01	.14345E-01	.13376E+01
   1850.	    950.	.10778E-01	.14359E-01	.13323E+01
   1850.	   1000.	.10816E-01	.14349E-01	.13267E+01
   1850.	   1050.	.10837E-01	.14314E-01	.13209E+01
   1850.	   1100.	.10844E-01	.14257E-01	.13148E+01
   1850.	   1150.	.10837E-01	.14179E-01	.13084E+01
   1850.	   1200.	.10816E-01	.14080E-01	.13017E+01
   1850.	   1250.	.10784E-01	.13963E-01	.12948E+01
   1850.	   1300.	.10741E-01	.13830E-01	.12876E+01
   1850.	   1350.	.10687E-01	.13681E-01	.12801E+01
   1850.	   1400.	.10624E-01	.13518E-01	.12724E+01
   1850.	   1450.	.10552E-01	.13343E-01	.12645E+01
   1850.	   1500.	.10473E-01	.13158E-01	.12563E+01
   1850.	   1550.	.10387E-01	.12964E-01	.12481E+01
   1850.	   1600.	.10295E-01	.12762E-01	.12397E+01
   1850.	   1650.	.10197E-01	.12556E-01	.12313E+01
   1850.	   1700.	.10095E-01	.12346E-01	.12230E+01
   1850.	   1750.	.99886E-02	.12136E-01	.12150E+01
   1850.	   1800.	.98787E-02	.11929E-01	.12075E+01
   1851.	   1850.	.97285E-02	.11697E-01	.12023E+01
   1850.	   1900.	.96501E-02	.11556E-01	.11975E+01
   1850.	   1950.	.95323E-02	.11341E-01	.11898E+01
   1850.	   2000.	.94129E-02	.11122E-01	.11816E+01
   1900.	    200.	.69618E-02	.99383E-02	.14275E+01
   1900.	    250.	.70802E-02	.10023E-01	.14156E+01
   1900.	    300.	.72143E-02	.10140E-01	.14056E+01
   1900.	    350.	.73592E-02	.10281E-01	.13971E+01
   1900.	    400.	.75104E-02	.10437E-01	.13897E+01
   1900.	    450.	.76635E-02	.10600E-01	.13832E+01
   1900.	    500.	.78150E-02	.10764E-01	.13774E+01
   1900.	    550.	.79615E-02	.10924E-01	.13721E+01
   1900.	    600.	.81005E-02	.11074E-01	.13671E+01
   1900.	    650.	.82300E-02	.11212E-01	.13624E+01
   1900.	    700.	.83483E-02	.11335E-01	.13578E+01
   1900.	    750.	.84544E-02	.11440E-01	.13532E+01
   1900.	    800.	.85475E-02	.11527E-01	.13486E+01
   1900.	    850.	.86272E-02	.11594E-01	.13438E+01
   1900.	    900.	.86935E-02	.11641E-01	.13390E+01
   1900.	    950.	.87465E-02	.11667E-01	.13340E+01
   1900.	   1000.	.87865E-02	.11675E-01	.13287E+01
   1900.	   1050.	.88139E-02	.11663E-01	.13232E+01
   1900.	   1100.	.88293E-02	.11633E-01	.13175E+01
   1900.	   1150.	.88334E-02	.11585E-01	.13115E+01
   1900.	   1200.	.88266E-02	.11521E-01	.13053E+01
   1900.	   1250.	.88099E-02	.11442E-01	.12988E+01
   1900.	   1300.	.87838E-02	.11349E-01	.12920E+01
   1900.	   1350.	.87491E-02	.11242E-01	.12850E+01
   1900.	   1400.	.87065E-02	.11124E-01	.12777E+01
   1900.	   1450.	.86567E-02	.10995E-01	.12702E+01
   1900.	   1500.	.86003E-02	.10857E-01	.12624E+01
   1900.	   1550.	.85380E-02	.10711E-01	.12545E+01
   1900.	   1600.	.84703E-02	.10558E-01	.12465E+01
   1900.	   1650.	.83978E-02	.10400E-01	.12384E+01
   1900.	   1700.	.83211E-02	.10237E-01	.12302E+01
   1900.	   1750.	.82407E-02	.10072E-01	.12222E+01
   1900.	   1800.	.81569E-02	.99055E-02	.12144E+01
   1900.	   1850.	.80703E-02	.97419E-02	.12071E+01
   1900.	   1900.	.79510E-02	.95569E-02	.12020E+01
   1900.	   1950.	.78901E-02	.94458E-02	.11972E+01
   1900.	   2000.	.77972E-02	.92767E-02	.11897E+01
   1950.	    200.	.56117E-02	.80097E-02	.14273E+01
   1950.	    250.	.57054E-02	.80755E-02	.14154E+01
   1950.	    300.	.58121E-02	.81685E-02	.14054E+01
   1950.	    350.	.59280E-02	.82811E-02	.13969E+01
   1950.	    400.	.60498E-02	.84066E-02	.13896E+01
   1950.	    450.	.61740E-02	.85393E-02	.13831E+01
   1950.	    500.	.62978E-02	.86741E-02	.13773E+01
   1950.	    550.	.64186E-02	.88067E-02	.13720E+01
   1950.	    600.	.65343E-02	.89335E-02	.13672E+01
   1950.	    650.	.66432E-02	.90515E-02	.13625E+01
   1950.	    700.	.67439E-02	.91584E-02	.13580E+01
   1950.	    750.	.68353E-02	.92525E-02	.13536E+01
   1950.	    800.	.69169E-02	.93323E-02	.13492E+01
   1950.	    850.	.69883E-02	.93972E-02	.13447E+01
   1950.	    900.	.70491E-02	.94465E-02	.13401E+01
   1950.	    950.	.70995E-02	.94803E-02	.13354E+01
   1950.	   1000.	.71395E-02	.94985E-02	.13304E+01
   1950.	   1050.	.71695E-02	.95015E-02	.13253E+01
   1950.	   1100.	.71897E-02	.94897E-02	.13199E+01
   1950.	   1150.	.72007E-02	.94638E-02	.13143E+01
   1950.	   1200.	.72030E-02	.94245E-02	.13084E+01
   1950.	   1250.	.71969E-02	.93726E-02	.13023E+01
   1950.	   1300.	.71832E-02	.93089E-02	.12959E+01
   1950.	   1350.	.71622E-02	.92342E-02	.12893E+01
   1950.	   1400.	.71346E-02	.91495E-02	.12824E+01
   1950.	   1450.	.71008E-02	.90557E-02	.12753E+01
   1950.	   1500.	.70615E-02	.89537E-02	.12680E+01
   1950.	   1550.	.70170E-02	.88445E-02	.12605E+01
   1950.	   1600.	.69678E-02	.87291E-02	.12528E+01
   1950.	   1650.	.69145E-02	.86083E-02	.12450E+01
   1950.	   1700.	.68575E-02	.84832E-02	.12371E+01
   1950.	   1750.	.67971E-02	.83548E-02	.12292E+01
   1950.	   1800.	.67337E-02	.82242E-02	.12214E+01
   1950.	   1850.	.66677E-02	.80930E-02	.12138E+01
   1950.	   1900.	.65994E-02	.79635E-02	.12067E+01
   1951.	   1950.	.65044E-02	.78157E-02	.12016E+01
   1950.	   2000.	.64571E-02	.77282E-02	.11968E+01
   2000.	    200.	.45270E-02	.64602E-02	.14270E+01
   2000.	    250.	.46013E-02	.65116E-02	.14152E+01
   2000.	    300.	.46861E-02	.65852E-02	.14052E+01
   2000.	    350.	.47789E-02	.66749E-02	.13967E+01
   2000.	    400.	.48769E-02	.67759E-02	.13894E+01
   2000.	    450.	.49776E-02	.68836E-02	.13829E+01
   2000.	    500.	.50786E-02	.69940E-02	.13772E+01
   2000.	    550.	.51780E-02	.71038E-02	.13719E+01
   2000.	    600.	.52739E-02	.72100E-02	.13671E+01
   2000.	    650.	.53650E-02	.73101E-02	.13626E+01
   2000.	    700.	.54502E-02	.74024E-02	.13582E+01
   2000.	    750.	.55285E-02	.74850E-02	.13539E+01
   2000.	    800.	.55993E-02	.75571E-02	.13497E+01
   2000.	    850.	.56621E-02	.76177E-02	.13454E+01
   2000.	    900.	.57169E-02	.76663E-02	.13410E+01
   2000.	    950.	.57634E-02	.77028E-02	.13365E+01
   2000.	   1000.	.58018E-02	.77270E-02	.13318E+01
   2000.	   1050.	.58322E-02	.77392E-02	.13270E+01
   2000.	   1100.	.58547E-02	.77395E-02	.13219E+01
   2000.	   1150.	.58698E-02	.77284E-02	.13166E+01
   2000.	   1200.	.58777E-02	.77064E-02	.13111E+01
   2000.	   1250.	.58788E-02	.76741E-02	.13054E+01
   2000.	   1300.	.58735E-02	.76320E-02	.12994E+01
   2000.	   1350.	.58623E-02	.75807E-02	.12931E+01
   2000.	   1400.	.58455E-02	.75210E-02	.12866E+01
   2000.	   1450.	.58235E-02	.74535E-02	.12799E+01
   2000.	   1500.	.57967E-02	.73791E-02	.12730E+01
   2000.	   1550.	.57656E-02	.72983E-02	.12658E+01
   2000.	   1600.	.57305E-02	.72119E-02	.12585E+01
   2000.	   1650.	.56917E-02	.71206E-02	.12510E+01
   2000.	   1700.	.56497E-02	.70251E-02	.12434E+01
   2000.	   1750.	.56047E-02	.69262E-02	.12358E+01
   2000.	   1800.	.55570E-02	.68247E-02	.12281E+01
   2000.	   1850.	.55070E-02	.67214E-02	.12205E+01
   2000.	   1900.	.54549E-02	.66176E-02	.12131E+01
   2000.	   1950.	.54010E-02	.65149E-02	.12063E+01
   2000.	   2000.	.53253E-02	.63967E-02	.12012E+01
