    200.	    200.	.56570E+02	.75451E+02	.13338E+01
    200.	    250.	.56570E+02	.76004E+02	.13435E+01
    200.	    300.	.56570E+02	.76271E+02	.13482E+01
    200.	    350.	.56570E+02	.76408E+02	.13507E+01
    200.	    400.	.56570E+02	.76489E+02	.13521E+01
    200.	    450.	.56570E+02	.76544E+02	.13531E+01
    200.	    500.	.56570E+02	.76588E+02	.13539E+01
    200.	    550.	.56570E+02	.76617E+02	.13544E+01
    200.	    600.	.56570E+02	.76643E+02	.13548E+01
    200.	    650.	.56570E+02	.76664E+02	.13552E+01
    200.	    700.	.56570E+02	.76672E+02	.13553E+01
    200.	    750.	.56570E+02	.76686E+02	.13556E+01
    200.	    800.	.56570E+02	.76688E+02	.13556E+01
    200.	    850.	.56570E+02	.76706E+02	.13559E+01
    200.	    900.	.56570E+02	.76706E+02	.13559E+01
    200.	    950.	.56570E+02	.76707E+02	.13560E+01
    200.	   1000.	.56570E+02	.76700E+02	.13558E+01
    200.	   1050.	.56570E+02	.76692E+02	.13557E+01
    200.	   1100.	.56570E+02	.76701E+02	.13559E+01
    200.	   1150.	.56570E+02	.76711E+02	.13560E+01
    200.	   1200.	.56570E+02	.76672E+02	.13553E+01
    200.	   1200.	.56570E+02	.76672E+02	.13553E+01
    200.	   1200.	.56570E+02	.76672E+02	.13553E+01
    200.	   1200.	.56570E+02	.76672E+02	.13553E+01
    200.	   1200.	.56570E+02	.76672E+02	.13553E+01
    200.	   1200.	.56570E+02	.76672E+02	.13553E+01
    200.	   1200.	.56570E+02	.76672E+02	.13553E+01
    200.	   1200.	.56570E+02	.76672E+02	.13553E+01
    200.	   1200.	.56570E+02	.76672E+02	.13553E+01
    200.	   1200.	.56570E+02	.76672E+02	.13553E+01
    200.	   1200.	.56570E+02	.76672E+02	.13553E+01
    200.	   1200.	.56570E+02	.76672E+02	.13553E+01
    200.	   1200.	.56570E+02	.76672E+02	.13553E+01
    200.	   1200.	.56570E+02	.76672E+02	.13553E+01
    200.	   1200.	.56570E+02	.76672E+02	.13553E+01
    200.	   1200.	.56570E+02	.76672E+02	.13553E+01
    200.	   1200.	.56570E+02	.76672E+02	.13553E+01
    250.	    200.	.19029E+02	.25356E+02	.13325E+01
    250.	    250.	.19029E+02	.25691E+02	.13501E+01
    250.	    300.	.19029E+02	.25835E+02	.13577E+01
    250.	    350.	.19029E+02	.25896E+02	.13609E+01
    250.	    400.	.19029E+02	.25926E+02	.13625E+01
    250.	    450.	.19029E+02	.25943E+02	.13634E+01
    250.	    500.	.19029E+02	.25952E+02	.13638E+01
    250.	    550.	.19029E+02	.25960E+02	.13642E+01
    250.	    600.	.19029E+02	.25963E+02	.13644E+01
    250.	    650.	.19029E+02	.25967E+02	.13646E+01
    250.	    700.	.19029E+02	.25966E+02	.13646E+01
    250.	    750.	.19029E+02	.25966E+02	.13646E+01
    250.	    800.	.19029E+02	.25963E+02	.13644E+01
    250.	    850.	.19029E+02	.25962E+02	.13644E+01
    250.	    900.	.19029E+02	.25958E+02	.13642E+01
    250.	    950.	.19029E+02	.25961E+02	.13643E+01
    250.	   1000.	.19029E+02	.25949E+02	.13637E+01
    250.	   1050.	.19029E+02	.25946E+02	.13635E+01
    250.	   1100.	.19029E+02	.25950E+02	.13637E+01
    250.	   1150.	.19029E+02	.25935E+02	.13629E+01
    250.	   1200.	.19029E+02	.25935E+02	.13629E+01
    250.	   1250.	.19029E+02	.25935E+02	.13630E+01
    250.	   1300.	.19029E+02	.25918E+02	.13621E+01
    250.	   1350.	.19029E+02	.25916E+02	.13620E+01
    250.	   1400.	.19029E+02	.25914E+02	.13618E+01
    250.	   1450.	.19029E+02	.25912E+02	.13617E+01
    250.	   1500.	.19029E+02	.25909E+02	.13616E+01
    250.	   1500.	.19029E+02	.25909E+02	.13616E+01
    250.	   1500.	.19029E+02	.25909E+02	.13616E+01
    250.	   1500.	.19029E+02	.25909E+02	.13616E+01
    250.	   1500.	.19029E+02	.25909E+02	.13616E+01
    250.	   1500.	.19029E+02	.25909E+02	.13616E+01
    250.	   1500.	.19029E+02	.25909E+02	.13616E+01
    250.	   1500.	.19029E+02	.25909E+02	.13616E+01
    250.	   1500.	.19029E+02	.25909E+02	.13616E+01
    250.	   1500.	.19029E+02	.25909E+02	.13616E+01
    250.	   1500.	.19029E+02	.25909E+02	.13616E+01
    300.	    200.	.75802E+01	.99802E+01	.13166E+01
    300.	    250.	.75802E+01	.10156E+02	.13398E+01
    300.	    300.	.75802E+01	.10305E+02	.13595E+01
    300.	    350.	.75802E+01	.10353E+02	.13658E+01
    300.	    400.	.75802E+01	.10369E+02	.13679E+01
    300.	    450.	.75802E+01	.10376E+02	.13688E+01
    300.	    500.	.75802E+01	.10379E+02	.13692E+01
    300.	    550.	.75802E+01	.10380E+02	.13694E+01
    300.	    600.	.75802E+01	.10381E+02	.13695E+01
    300.	    650.	.75802E+01	.10381E+02	.13695E+01
    300.	    700.	.75802E+01	.10380E+02	.13694E+01
    300.	    750.	.75802E+01	.10379E+02	.13693E+01
    300.	    800.	.75802E+01	.10380E+02	.13693E+01
    300.	    850.	.75802E+01	.10377E+02	.13689E+01
    300.	    900.	.75802E+01	.10376E+02	.13689E+01
    300.	    950.	.75802E+01	.10375E+02	.13687E+01
    300.	   1000.	.75802E+01	.10373E+02	.13684E+01
    300.	   1050.	.75802E+01	.10370E+02	.13680E+01
    300.	   1100.	.75802E+01	.10369E+02	.13679E+01
    300.	   1150.	.75802E+01	.10364E+02	.13672E+01
    300.	   1200.	.75802E+01	.10366E+02	.13675E+01
    300.	   1250.	.75802E+01	.10358E+02	.13665E+01
    300.	   1300.	.75802E+01	.10359E+02	.13666E+01
    300.	   1350.	.75802E+01	.10351E+02	.13656E+01
    300.	   1400.	.75802E+01	.10351E+02	.13656E+01
    300.	   1450.	.75802E+01	.10351E+02	.13655E+01
    300.	   1500.	.75802E+01	.10341E+02	.13642E+01
    300.	   1550.	.75802E+01	.10340E+02	.13640E+01
    300.	   1600.	.75802E+01	.10339E+02	.13640E+01
    300.	   1650.	.75802E+01	.10338E+02	.13638E+01
    300.	   1700.	.75802E+01	.10337E+02	.13636E+01
    300.	   1750.	.75802E+01	.10335E+02	.13634E+01
    300.	   1800.	.75802E+01	.10334E+02	.13633E+01
    300.	   1800.	.75802E+01	.10334E+02	.13633E+01
    300.	   1800.	.75802E+01	.10334E+02	.13633E+01
    300.	   1800.	.75802E+01	.10334E+02	.13633E+01
    300.	   1800.	.75802E+01	.10334E+02	.13633E+01
    350.	    200.	.33995E+01	.42537E+01	.12513E+01
    350.	    250.	.33995E+01	.44708E+01	.13151E+01
    350.	    300.	.33995E+01	.45690E+01	.13440E+01
    350.	    350.	.33995E+01	.46392E+01	.13647E+01
    350.	    400.	.33995E+01	.46576E+01	.13701E+01
    350.	    450.	.33995E+01	.46620E+01	.13714E+01
    350.	    500.	.33995E+01	.46631E+01	.13717E+01
    350.	    550.	.33995E+01	.46632E+01	.13717E+01
    350.	    600.	.33995E+01	.46629E+01	.13716E+01
    350.	    650.	.33995E+01	.46626E+01	.13715E+01
    350.	    700.	.33995E+01	.46620E+01	.13714E+01
    350.	    750.	.33995E+01	.46615E+01	.13712E+01
    350.	    800.	.33995E+01	.46609E+01	.13710E+01
    350.	    850.	.33995E+01	.46601E+01	.13708E+01
    350.	    900.	.33995E+01	.46600E+01	.13708E+01
    350.	    950.	.33995E+01	.46591E+01	.13705E+01
    350.	   1000.	.33995E+01	.46580E+01	.13702E+01
    350.	   1050.	.33995E+01	.46585E+01	.13703E+01
    350.	   1100.	.33995E+01	.46572E+01	.13700E+01
    350.	   1150.	.33995E+01	.46550E+01	.13693E+01
    350.	   1200.	.33995E+01	.46537E+01	.13689E+01
    350.	   1250.	.33995E+01	.46518E+01	.13684E+01
    350.	   1300.	.33995E+01	.46523E+01	.13685E+01
    350.	   1350.	.33995E+01	.46492E+01	.13676E+01
    350.	   1400.	.33995E+01	.46502E+01	.13679E+01
    350.	   1450.	.33995E+01	.46460E+01	.13667E+01
    350.	   1500.	.33995E+01	.46462E+01	.13667E+01
    350.	   1550.	.33995E+01	.46463E+01	.13668E+01
    350.	   1600.	.33995E+01	.46468E+01	.13669E+01
    350.	   1650.	.33995E+01	.46374E+01	.13641E+01
    350.	   1700.	.33995E+01	.46374E+01	.13641E+01
    350.	   1750.	.33995E+01	.46365E+01	.13639E+01
    350.	   1800.	.33995E+01	.46362E+01	.13638E+01
    350.	   1850.	.33995E+01	.46359E+01	.13637E+01
    350.	   1900.	.33995E+01	.46352E+01	.13635E+01
    350.	   1950.	.33995E+01	.46346E+01	.13633E+01
    350.	   2000.	.33995E+01	.46341E+01	.13632E+01
    400.	    200.	.16645E+01	.23740E+01	.14263E+01
    400.	    250.	.16645E+01	.20632E+01	.12395E+01
    400.	    300.	.16645E+01	.21868E+01	.13138E+01
    400.	    350.	.16645E+01	.22401E+01	.13458E+01
    400.	    400.	.16645E+01	.22750E+01	.13668E+01
    400.	    450.	.16645E+01	.22830E+01	.13716E+01
    400.	    500.	.16645E+01	.22841E+01	.13723E+01
    400.	    550.	.16645E+01	.22839E+01	.13722E+01
    400.	    600.	.16645E+01	.22835E+01	.13719E+01
    400.	    650.	.16645E+01	.22830E+01	.13716E+01
    400.	    700.	.16645E+01	.22824E+01	.13713E+01
    400.	    750.	.16645E+01	.22820E+01	.13710E+01
    400.	    800.	.16645E+01	.22817E+01	.13708E+01
    400.	    850.	.16645E+01	.22813E+01	.13706E+01
    400.	    900.	.16645E+01	.22807E+01	.13702E+01
    400.	    950.	.16645E+01	.22803E+01	.13700E+01
    400.	   1000.	.16645E+01	.22803E+01	.13700E+01
    400.	   1050.	.16645E+01	.22794E+01	.13695E+01
    400.	   1100.	.16645E+01	.22788E+01	.13691E+01
    400.	   1150.	.16645E+01	.22791E+01	.13693E+01
    400.	   1200.	.16645E+01	.22785E+01	.13689E+01
    400.	   1250.	.16645E+01	.22779E+01	.13685E+01
    400.	   1300.	.16645E+01	.22773E+01	.13682E+01
    400.	   1350.	.16645E+01	.22757E+01	.13672E+01
    400.	   1400.	.16645E+01	.22768E+01	.13679E+01
    400.	   1450.	.16645E+01	.22752E+01	.13669E+01
    400.	   1500.	.16645E+01	.22758E+01	.13673E+01
    400.	   1550.	.16645E+01	.22715E+01	.13647E+01
    400.	   1600.	.16645E+01	.22719E+01	.13650E+01
    400.	   1650.	.16645E+01	.22717E+01	.13648E+01
    400.	   1700.	.16645E+01	.22718E+01	.13649E+01
    400.	   1750.	.16645E+01	.22722E+01	.13651E+01
    400.	   1800.	.16645E+01	.22720E+01	.13650E+01
    400.	   1850.	.16645E+01	.22724E+01	.13652E+01
    400.	   1900.	.16645E+01	.22722E+01	.13651E+01
    400.	   1950.	.16645E+01	.22719E+01	.13649E+01
    400.	   2000.	.16645E+01	.22668E+01	.13619E+01
    450.	    200.	.87195E+00	.12271E+01	.14073E+01
    450.	    250.	.87195E+00	.12270E+01	.14072E+01
    450.	    300.	.87195E+00	.10753E+01	.12332E+01
    450.	    350.	.87195E+00	.11443E+01	.13123E+01
    450.	    400.	.87195E+00	.11737E+01	.13460E+01
    450.	    450.	.87195E+00	.11919E+01	.13669E+01
    450.	    500.	.87195E+00	.11957E+01	.13712E+01
    450.	    550.	.87195E+00	.11958E+01	.13714E+01
    450.	    600.	.87195E+00	.11954E+01	.13710E+01
    450.	    650.	.87195E+00	.11949E+01	.13704E+01
    450.	    700.	.87195E+00	.11945E+01	.13699E+01
    450.	    750.	.87195E+00	.11941E+01	.13695E+01
    450.	    800.	.87195E+00	.11937E+01	.13690E+01
    450.	    850.	.87195E+00	.11936E+01	.13689E+01
    450.	    900.	.87195E+00	.11933E+01	.13686E+01
    450.	    950.	.87195E+00	.11930E+01	.13682E+01
    450.	   1000.	.87195E+00	.11929E+01	.13681E+01
    450.	   1050.	.87195E+00	.11927E+01	.13679E+01
    450.	   1100.	.87195E+00	.11922E+01	.13673E+01
    450.	   1150.	.87195E+00	.11925E+01	.13676E+01
    450.	   1200.	.87195E+00	.11922E+01	.13673E+01
    450.	   1250.	.87195E+00	.11918E+01	.13669E+01
    450.	   1300.	.87195E+00	.11916E+01	.13666E+01
    450.	   1350.	.87195E+00	.11914E+01	.13664E+01
    450.	   1400.	.87195E+00	.11910E+01	.13658E+01
    450.	   1450.	.87195E+00	.11904E+01	.13652E+01
    450.	   1500.	.87195E+00	.11900E+01	.13647E+01
    450.	   1550.	.87195E+00	.11886E+01	.13632E+01
    450.	   1600.	.87195E+00	.11892E+01	.13639E+01
    450.	   1650.	.87195E+00	.11894E+01	.13641E+01
    450.	   1700.	.87195E+00	.11896E+01	.13643E+01
    450.	   1750.	.87195E+00	.11901E+01	.13648E+01
    450.	   1800.	.87195E+00	.11875E+01	.13618E+01
    450.	   1850.	.87195E+00	.11876E+01	.13619E+01
    450.	   1900.	.87195E+00	.11875E+01	.13619E+01
    450.	   1950.	.87195E+00	.11876E+01	.13620E+01
    450.	   2000.	.87195E+00	.11877E+01	.13621E+01
    500.	    200.	.48197E+00	.67067E+00	.13915E+01
    500.	    250.	.48197E+00	.67095E+00	.13921E+01
    500.	    300.	.48197E+00	.67041E+00	.13910E+01
    500.	    350.	.48197E+00	.59215E+00	.12286E+01
    500.	    400.	.48197E+00	.63169E+00	.13106E+01
    500.	    450.	.48197E+00	.64824E+00	.13450E+01
    500.	    500.	.48197E+00	.65816E+00	.13656E+01
    500.	    550.	.48197E+00	.66009E+00	.13696E+01
    500.	    600.	.48197E+00	.66001E+00	.13694E+01
    500.	    650.	.48197E+00	.65965E+00	.13687E+01
    500.	    700.	.48197E+00	.65927E+00	.13679E+01
    500.	    750.	.48197E+00	.65892E+00	.13671E+01
    500.	    800.	.48197E+00	.65866E+00	.13666E+01
    500.	    850.	.48197E+00	.65851E+00	.13663E+01
    500.	    900.	.48197E+00	.65836E+00	.13660E+01
    500.	    950.	.48197E+00	.65811E+00	.13654E+01
    500.	   1000.	.48197E+00	.65793E+00	.13651E+01
    500.	   1050.	.48197E+00	.65789E+00	.13650E+01
    500.	   1100.	.48197E+00	.65777E+00	.13648E+01
    500.	   1150.	.48197E+00	.65766E+00	.13645E+01
    500.	   1200.	.48197E+00	.65758E+00	.13644E+01
    500.	   1250.	.48197E+00	.65721E+00	.13636E+01
    500.	   1300.	.48197E+00	.65751E+00	.13642E+01
    500.	   1350.	.48197E+00	.65726E+00	.13637E+01
    500.	   1400.	.48197E+00	.65730E+00	.13638E+01
    500.	   1450.	.48197E+00	.65634E+00	.13618E+01
    500.	   1500.	.48197E+00	.65604E+00	.13612E+01
    500.	   1550.	.48197E+00	.65580E+00	.13607E+01
    500.	   1600.	.48197E+00	.65610E+00	.13613E+01
    500.	   1650.	.48197E+00	.65630E+00	.13617E+01
    500.	   1700.	.48197E+00	.65513E+00	.13593E+01
    500.	   1750.	.48197E+00	.65537E+00	.13598E+01
    500.	   1800.	.48197E+00	.65549E+00	.13600E+01
    500.	   1850.	.48197E+00	.65573E+00	.13605E+01
    500.	   1900.	.48197E+00	.65596E+00	.13610E+01
    500.	   1950.	.48197E+00	.65433E+00	.13576E+01
    500.	   2000.	.48197E+00	.65618E+00	.13615E+01
    550.	    200.	.27828E+00	.38348E+00	.13781E+01
    550.	    250.	.27828E+00	.38383E+00	.13793E+01
    550.	    300.	.27828E+00	.38356E+00	.13783E+01
    550.	    350.	.27828E+00	.38318E+00	.13770E+01
    550.	    400.	.27828E+00	.34123E+00	.12262E+01
    550.	    450.	.27828E+00	.36418E+00	.13087E+01
    550.	    500.	.27828E+00	.37374E+00	.13431E+01
    550.	    550.	.27828E+00	.37935E+00	.13632E+01
    550.	    600.	.27828E+00	.38039E+00	.13670E+01
    550.	    650.	.27828E+00	.38027E+00	.13665E+01
    550.	    700.	.27828E+00	.38000E+00	.13656E+01
    550.	    750.	.27828E+00	.37973E+00	.13646E+01
    550.	    800.	.27828E+00	.37949E+00	.13637E+01
    550.	    850.	.27828E+00	.37932E+00	.13631E+01
    550.	    900.	.27828E+00	.37913E+00	.13624E+01
    550.	    950.	.27828E+00	.37896E+00	.13618E+01
    550.	   1000.	.27828E+00	.37900E+00	.13620E+01
    550.	   1050.	.27828E+00	.37883E+00	.13613E+01
    550.	   1100.	.27828E+00	.37877E+00	.13611E+01
    550.	   1150.	.27828E+00	.37874E+00	.13610E+01
    550.	   1200.	.27828E+00	.37869E+00	.13608E+01
    550.	   1250.	.27828E+00	.37865E+00	.13607E+01
    550.	   1300.	.27828E+00	.37862E+00	.13606E+01
    550.	   1350.	.27828E+00	.37843E+00	.13599E+01
    550.	   1400.	.27828E+00	.37848E+00	.13601E+01
    550.	   1450.	.27828E+00	.37859E+00	.13605E+01
    550.	   1500.	.27828E+00	.37857E+00	.13604E+01
    550.	   1550.	.27828E+00	.37741E+00	.13562E+01
    550.	   1600.	.27828E+00	.37786E+00	.13579E+01
    550.	   1650.	.27828E+00	.37808E+00	.13587E+01
    550.	   1700.	.27828E+00	.37740E+00	.13562E+01
    550.	   1750.	.27828E+00	.37764E+00	.13571E+01
    550.	   1800.	.27828E+00	.37775E+00	.13575E+01
    550.	   1850.	.27828E+00	.37797E+00	.13583E+01
    550.	   1900.	.27828E+00	.37712E+00	.13552E+01
    550.	   1950.	.27828E+00	.37722E+00	.13555E+01
    550.	   2000.	.27828E+00	.37733E+00	.13559E+01
    600.	    200.	.16656E+00	.22759E+00	.13664E+01
    600.	    250.	.16656E+00	.22788E+00	.13681E+01
    600.	    300.	.16656E+00	.22778E+00	.13675E+01
    600.	    350.	.16656E+00	.22754E+00	.13661E+01
    600.	    400.	.16656E+00	.22734E+00	.13648E+01
    600.	    450.	.16656E+00	.20401E+00	.12248E+01
    600.	    500.	.16656E+00	.21763E+00	.13066E+01
    600.	    550.	.16656E+00	.22329E+00	.13406E+01
    600.	    600.	.16656E+00	.22657E+00	.13602E+01
    600.	    650.	.16656E+00	.22715E+00	.13638E+01
    600.	    700.	.16656E+00	.22705E+00	.13631E+01
    600.	    750.	.16656E+00	.22686E+00	.13620E+01
    600.	    800.	.16656E+00	.22667E+00	.13608E+01
    600.	    850.	.16656E+00	.22651E+00	.13599E+01
    600.	    900.	.16656E+00	.22637E+00	.13590E+01
    600.	    950.	.16656E+00	.22626E+00	.13584E+01
    600.	   1000.	.16656E+00	.22614E+00	.13577E+01
    600.	   1050.	.16656E+00	.22613E+00	.13576E+01
    600.	   1100.	.16656E+00	.22609E+00	.13574E+01
    600.	   1150.	.16656E+00	.22603E+00	.13570E+01
    600.	   1200.	.16656E+00	.22597E+00	.13566E+01
    600.	   1250.	.16656E+00	.22593E+00	.13564E+01
    600.	   1300.	.16656E+00	.22587E+00	.13560E+01
    600.	   1350.	.16656E+00	.22592E+00	.13563E+01
    600.	   1400.	.16656E+00	.22579E+00	.13556E+01
    600.	   1450.	.16656E+00	.22586E+00	.13560E+01
    600.	   1500.	.16656E+00	.22568E+00	.13549E+01
    600.	   1550.	.16656E+00	.22570E+00	.13550E+01
    600.	   1600.	.16656E+00	.22601E+00	.13569E+01
    600.	   1650.	.16656E+00	.22557E+00	.13542E+01
    600.	   1700.	.16656E+00	.22590E+00	.13563E+01
    600.	   1750.	.16656E+00	.22545E+00	.13535E+01
    600.	   1800.	.16656E+00	.22553E+00	.13540E+01
    600.	   1850.	.16656E+00	.22580E+00	.13557E+01
    600.	   1900.	.16656E+00	.22520E+00	.13520E+01
    600.	   1950.	.16656E+00	.22534E+00	.13529E+01
    600.	   2000.	.16656E+00	.22551E+00	.13539E+01
    650.	    200.	.10277E+00	.13933E+00	.13558E+01
    650.	    250.	.10277E+00	.13959E+00	.13583E+01
    650.	    300.	.10277E+00	.13956E+00	.13580E+01
    650.	    350.	.10277E+00	.13942E+00	.13567E+01
    650.	    400.	.10277E+00	.13926E+00	.13551E+01
    650.	    450.	.10277E+00	.13916E+00	.13542E+01
    650.	    500.	.10277E+00	.12577E+00	.12239E+01
    650.	    550.	.10277E+00	.13404E+00	.13043E+01
    650.	    600.	.10277E+00	.13746E+00	.13376E+01
    650.	    650.	.10277E+00	.13943E+00	.13568E+01
    650.	    700.	.10277E+00	.13977E+00	.13601E+01
    650.	    750.	.10277E+00	.13970E+00	.13594E+01
    650.	    800.	.10277E+00	.13956E+00	.13580E+01
    650.	    850.	.10277E+00	.13943E+00	.13568E+01
    650.	    900.	.10277E+00	.13931E+00	.13556E+01
    650.	    950.	.10277E+00	.13923E+00	.13548E+01
    650.	   1000.	.10277E+00	.13914E+00	.13539E+01
    650.	   1050.	.10277E+00	.13908E+00	.13534E+01
    650.	   1100.	.10277E+00	.13906E+00	.13531E+01
    650.	   1150.	.10277E+00	.13900E+00	.13526E+01
    650.	   1200.	.10277E+00	.13900E+00	.13526E+01
    650.	   1250.	.10277E+00	.13894E+00	.13520E+01
    650.	   1300.	.10277E+00	.13893E+00	.13519E+01
    650.	   1350.	.10277E+00	.13893E+00	.13520E+01
    650.	   1400.	.10277E+00	.13889E+00	.13515E+01
    650.	   1450.	.10277E+00	.13886E+00	.13512E+01
    650.	   1500.	.10277E+00	.13889E+00	.13515E+01
    650.	   1550.	.10277E+00	.13882E+00	.13508E+01
    650.	   1600.	.10277E+00	.13883E+00	.13509E+01
    650.	   1650.	.10277E+00	.13871E+00	.13498E+01
    650.	   1700.	.10277E+00	.13881E+00	.13507E+01
    650.	   1750.	.10277E+00	.13863E+00	.13490E+01
    650.	   1800.	.10277E+00	.13871E+00	.13497E+01
    650.	   1850.	.10277E+00	.13848E+00	.13475E+01
    650.	   1900.	.10277E+00	.13862E+00	.13489E+01
    650.	   1950.	.10277E+00	.13871E+00	.13497E+01
    650.	   2000.	.10277E+00	.13836E+00	.13464E+01
    700.	    200.	.65058E-01	.87562E-01	.13459E+01
    700.	    250.	.65058E-01	.87766E-01	.13490E+01
    700.	    300.	.65058E-01	.87784E-01	.13493E+01
    700.	    350.	.65058E-01	.87713E-01	.13482E+01
    700.	    400.	.65058E-01	.87611E-01	.13466E+01
    700.	    450.	.65058E-01	.87522E-01	.13453E+01
    700.	    500.	.65058E-01	.87483E-01	.13447E+01
    700.	    550.	.65058E-01	.79576E-01	.12232E+01
    700.	    600.	.65058E-01	.84694E-01	.13018E+01
    700.	    650.	.65058E-01	.86816E-01	.13344E+01
    700.	    700.	.65058E-01	.88026E-01	.13530E+01
    700.	    750.	.65058E-01	.88232E-01	.13562E+01
    700.	    800.	.65058E-01	.88174E-01	.13553E+01
    700.	    850.	.65058E-01	.88081E-01	.13539E+01
    700.	    900.	.65058E-01	.87992E-01	.13525E+01
    700.	    950.	.65058E-01	.87914E-01	.13513E+01
    700.	   1000.	.65058E-01	.87851E-01	.13503E+01
    700.	   1050.	.65058E-01	.87808E-01	.13497E+01
    700.	   1100.	.65058E-01	.87756E-01	.13489E+01
    700.	   1150.	.65058E-01	.87731E-01	.13485E+01
    700.	   1200.	.65058E-01	.87724E-01	.13484E+01
    700.	   1250.	.65058E-01	.87709E-01	.13482E+01
    700.	   1300.	.65058E-01	.87660E-01	.13474E+01
    700.	   1350.	.65058E-01	.87647E-01	.13472E+01
    700.	   1400.	.65058E-01	.87640E-01	.13471E+01
    700.	   1450.	.65058E-01	.87618E-01	.13468E+01
    700.	   1500.	.65058E-01	.87617E-01	.13467E+01
    700.	   1550.	.65058E-01	.87635E-01	.13470E+01
    700.	   1600.	.65058E-01	.87577E-01	.13461E+01
    700.	   1650.	.65058E-01	.87563E-01	.13459E+01
    700.	   1700.	.65058E-01	.87555E-01	.13458E+01
    700.	   1750.	.65058E-01	.87603E-01	.13465E+01
    700.	   1800.	.65058E-01	.87491E-01	.13448E+01
    700.	   1850.	.65058E-01	.87600E-01	.13465E+01
    700.	   1900.	.65058E-01	.87445E-01	.13441E+01
    700.	   1950.	.65058E-01	.87536E-01	.13455E+01
    700.	   2000.	.65058E-01	.87342E-01	.13425E+01
    750.	    200.	.42108E-01	.56306E-01	.13372E+01
    750.	    250.	.42108E-01	.56459E-01	.13408E+01
    750.	    300.	.42108E-01	.56481E-01	.13413E+01
    750.	    350.	.42108E-01	.56456E-01	.13407E+01
    750.	    400.	.42108E-01	.56388E-01	.13391E+01
    750.	    450.	.42108E-01	.56323E-01	.13376E+01
    750.	    500.	.42108E-01	.56274E-01	.13364E+01
    750.	    550.	.42108E-01	.56266E-01	.13362E+01
    750.	    600.	.42108E-01	.51469E-01	.12223E+01
    750.	    650.	.42108E-01	.54709E-01	.12992E+01
    750.	    700.	.42108E-01	.56048E-01	.13311E+01
    750.	    750.	.42108E-01	.56807E-01	.13491E+01
    750.	    800.	.42108E-01	.56935E-01	.13521E+01
    750.	    850.	.42108E-01	.56894E-01	.13511E+01
    750.	    900.	.42108E-01	.56830E-01	.13496E+01
    750.	    950.	.42108E-01	.56768E-01	.13482E+01
    750.	   1000.	.42108E-01	.56713E-01	.13468E+01
    750.	   1050.	.42108E-01	.56670E-01	.13458E+01
    750.	   1100.	.42108E-01	.56637E-01	.13450E+01
    750.	   1150.	.42108E-01	.56609E-01	.13444E+01
    750.	   1200.	.42108E-01	.56587E-01	.13439E+01
    750.	   1250.	.42108E-01	.56584E-01	.13438E+01
    750.	   1300.	.42108E-01	.56547E-01	.13429E+01
    750.	   1350.	.42108E-01	.56561E-01	.13432E+01
    750.	   1400.	.42108E-01	.56541E-01	.13428E+01
    750.	   1450.	.42108E-01	.56537E-01	.13427E+01
    750.	   1500.	.42108E-01	.56516E-01	.13422E+01
    750.	   1550.	.42108E-01	.56511E-01	.13421E+01
    750.	   1600.	.42108E-01	.56500E-01	.13418E+01
    750.	   1650.	.42108E-01	.56511E-01	.13421E+01
    750.	   1700.	.42108E-01	.56478E-01	.13413E+01
    750.	   1750.	.42108E-01	.56461E-01	.13409E+01
    750.	   1800.	.42108E-01	.56535E-01	.13426E+01
    750.	   1850.	.42108E-01	.56458E-01	.13408E+01
    750.	   1900.	.42108E-01	.56591E-01	.13439E+01
    750.	   1950.	.42108E-01	.56451E-01	.13406E+01
    750.	   2000.	.42108E-01	.56565E-01	.13433E+01
    800.	    200.	.27782E-01	.36913E-01	.13287E+01
    800.	    250.	.27782E-01	.37021E-01	.13325E+01
    800.	    300.	.27782E-01	.37063E-01	.13341E+01
    800.	    350.	.27782E-01	.37050E-01	.13336E+01
    800.	    400.	.27782E-01	.37013E-01	.13323E+01
    800.	    450.	.27782E-01	.36971E-01	.13307E+01
    800.	    500.	.27782E-01	.36930E-01	.13293E+01
    800.	    550.	.27782E-01	.36906E-01	.13284E+01
    800.	    600.	.27782E-01	.36911E-01	.13286E+01
    800.	    650.	.27782E-01	.33972E-01	.12228E+01
    800.	    700.	.27782E-01	.36023E-01	.12966E+01
    800.	    750.	.27782E-01	.36883E-01	.13276E+01
    800.	    800.	.27782E-01	.37368E-01	.13450E+01
    800.	    850.	.27782E-01	.37449E-01	.13479E+01
    800.	    900.	.27782E-01	.37420E-01	.13469E+01
    800.	    950.	.27782E-01	.37375E-01	.13453E+01
    800.	   1000.	.27782E-01	.37333E-01	.13438E+01
    800.	   1050.	.27782E-01	.37296E-01	.13424E+01
    800.	   1100.	.27782E-01	.37264E-01	.13413E+01
    800.	   1150.	.27782E-01	.37240E-01	.13404E+01
    800.	   1200.	.27782E-01	.37224E-01	.13398E+01
    800.	   1250.	.27782E-01	.37206E-01	.13392E+01
    800.	   1300.	.27782E-01	.37206E-01	.13392E+01
    800.	   1350.	.27782E-01	.37161E-01	.13376E+01
    800.	   1400.	.27782E-01	.37162E-01	.13376E+01
    800.	   1450.	.27782E-01	.37166E-01	.13378E+01
    800.	   1500.	.27782E-01	.37166E-01	.13378E+01
    800.	   1550.	.27782E-01	.37163E-01	.13377E+01
    800.	   1600.	.27782E-01	.37166E-01	.13378E+01
    800.	   1650.	.27782E-01	.37156E-01	.13374E+01
    800.	   1700.	.27782E-01	.37148E-01	.13371E+01
    800.	   1750.	.27782E-01	.37127E-01	.13364E+01
    800.	   1800.	.27782E-01	.37127E-01	.13363E+01
    800.	   1850.	.27782E-01	.37115E-01	.13359E+01
    800.	   1900.	.27782E-01	.37149E-01	.13372E+01
    800.	   1950.	.27782E-01	.37110E-01	.13357E+01
    800.	   2000.	.27782E-01	.37174E-01	.13380E+01
    850.	    200.	.18641E-01	.24637E-01	.13216E+01
    850.	    250.	.18641E-01	.24712E-01	.13257E+01
    850.	    300.	.18641E-01	.24736E-01	.13270E+01
    850.	    350.	.18641E-01	.24738E-01	.13271E+01
    850.	    400.	.18641E-01	.24719E-01	.13261E+01
    850.	    450.	.18641E-01	.24688E-01	.13244E+01
    850.	    500.	.18641E-01	.24660E-01	.13229E+01
    850.	    550.	.18641E-01	.24637E-01	.13217E+01
    850.	    600.	.18641E-01	.24626E-01	.13211E+01
    850.	    650.	.18641E-01	.24637E-01	.13216E+01
    850.	    700.	.18641E-01	.22784E-01	.12223E+01
    850.	    750.	.18641E-01	.24120E-01	.12940E+01
    850.	    800.	.18641E-01	.24682E-01	.13241E+01
    850.	    850.	.18641E-01	.24996E-01	.13410E+01
    850.	    900.	.18641E-01	.25049E-01	.13438E+01
    850.	    950.	.18641E-01	.25028E-01	.13427E+01
    850.	   1000.	.18641E-01	.24998E-01	.13410E+01
    850.	   1050.	.18641E-01	.24968E-01	.13394E+01
    850.	   1100.	.18641E-01	.24942E-01	.13380E+01
    850.	   1150.	.18641E-01	.24920E-01	.13368E+01
    850.	   1200.	.18641E-01	.24902E-01	.13359E+01
    850.	   1250.	.18641E-01	.24893E-01	.13354E+01
    850.	   1300.	.18641E-01	.24880E-01	.13347E+01
    850.	   1350.	.18641E-01	.24879E-01	.13347E+01
    850.	   1400.	.18641E-01	.24868E-01	.13341E+01
    850.	   1450.	.18641E-01	.24854E-01	.13333E+01
    850.	   1500.	.18641E-01	.24837E-01	.13324E+01
    850.	   1550.	.18641E-01	.24849E-01	.13330E+01
    850.	   1600.	.18641E-01	.24850E-01	.13331E+01
    850.	   1650.	.18641E-01	.24850E-01	.13331E+01
    850.	   1700.	.18641E-01	.24831E-01	.13321E+01
    850.	   1750.	.18641E-01	.24834E-01	.13322E+01
    850.	   1800.	.18641E-01	.24831E-01	.13321E+01
    850.	   1850.	.18641E-01	.24830E-01	.13320E+01
    850.	   1900.	.18641E-01	.24828E-01	.13319E+01
    850.	   1950.	.18641E-01	.24787E-01	.13297E+01
    850.	   2000.	.18641E-01	.24824E-01	.13317E+01
    900.	    200.	.12693E-01	.16691E-01	.13149E+01
    900.	    250.	.12693E-01	.16741E-01	.13189E+01
    900.	    300.	.12693E-01	.16763E-01	.13206E+01
    900.	    350.	.12693E-01	.16772E-01	.13213E+01
    900.	    400.	.12693E-01	.16756E-01	.13200E+01
    900.	    450.	.12693E-01	.16739E-01	.13187E+01
    900.	    500.	.12693E-01	.16718E-01	.13171E+01
    900.	    550.	.12693E-01	.16702E-01	.13158E+01
    900.	    600.	.12693E-01	.16689E-01	.13148E+01
    900.	    650.	.12693E-01	.16685E-01	.13145E+01
    900.	    700.	.12693E-01	.16696E-01	.13153E+01
    900.	    750.	.12693E-01	.15510E-01	.12219E+01
    900.	    800.	.12693E-01	.16391E-01	.12913E+01
    900.	    850.	.12693E-01	.16762E-01	.13206E+01
    900.	    900.	.12693E-01	.16970E-01	.13369E+01
    900.	    950.	.12693E-01	.17004E-01	.13396E+01
    900.	   1000.	.12693E-01	.16990E-01	.13385E+01
    900.	   1050.	.12693E-01	.16969E-01	.13368E+01
    900.	   1100.	.12693E-01	.16948E-01	.13352E+01
    900.	   1150.	.12693E-01	.16929E-01	.13337E+01
    900.	   1200.	.12693E-01	.16914E-01	.13325E+01
    900.	   1250.	.12693E-01	.16901E-01	.13315E+01
    900.	   1300.	.12693E-01	.16892E-01	.13308E+01
    900.	   1350.	.12693E-01	.16886E-01	.13303E+01
    900.	   1400.	.12693E-01	.16885E-01	.13302E+01
    900.	   1450.	.12693E-01	.16870E-01	.13291E+01
    900.	   1500.	.12693E-01	.16875E-01	.13295E+01
    900.	   1550.	.12693E-01	.16858E-01	.13281E+01
    900.	   1600.	.12693E-01	.16861E-01	.13283E+01
    900.	   1650.	.12693E-01	.16853E-01	.13277E+01
    900.	   1700.	.12693E-01	.16862E-01	.13284E+01
    900.	   1750.	.12693E-01	.16858E-01	.13281E+01
    900.	   1800.	.12693E-01	.16857E-01	.13280E+01
    900.	   1850.	.12693E-01	.16851E-01	.13276E+01
    900.	   1900.	.12693E-01	.16847E-01	.13272E+01
    900.	   1950.	.12693E-01	.16855E-01	.13279E+01
    900.	   2000.	.12693E-01	.16840E-01	.13267E+01
    950.	    200.	.87573E-02	.11459E-01	.13085E+01
    950.	    250.	.87573E-02	.11502E-01	.13135E+01
    950.	    300.	.87573E-02	.11517E-01	.13151E+01
    950.	    350.	.87573E-02	.11520E-01	.13155E+01
    950.	    400.	.87573E-02	.11514E-01	.13148E+01
    950.	    450.	.87573E-02	.11504E-01	.13137E+01
    950.	    500.	.87573E-02	.11490E-01	.13121E+01
    950.	    550.	.87573E-02	.11478E-01	.13106E+01
    950.	    600.	.87573E-02	.11466E-01	.13093E+01
    950.	    650.	.87573E-02	.11459E-01	.13085E+01
    950.	    700.	.87573E-02	.11458E-01	.13084E+01
    950.	    750.	.87573E-02	.11468E-01	.13096E+01
    950.	    800.	.87573E-02	.10698E-01	.12216E+01
    950.	    850.	.87573E-02	.11286E-01	.12888E+01
    950.	    900.	.87573E-02	.11535E-01	.13171E+01
    950.	    950.	.87573E-02	.11673E-01	.13330E+01
    950.	   1000.	.87573E-02	.11696E-01	.13356E+01
    950.	   1050.	.87573E-02	.11686E-01	.13345E+01
    950.	   1100.	.87573E-02	.11671E-01	.13327E+01
    950.	   1150.	.87573E-02	.11656E-01	.13310E+01
    950.	   1200.	.87573E-02	.11643E-01	.13295E+01
    950.	   1250.	.87573E-02	.11632E-01	.13283E+01
    950.	   1300.	.87573E-02	.11623E-01	.13272E+01
    950.	   1350.	.87573E-02	.11617E-01	.13266E+01
    950.	   1400.	.87573E-02	.11612E-01	.13260E+01
    950.	   1450.	.87573E-02	.11612E-01	.13259E+01
    950.	   1500.	.87573E-02	.11609E-01	.13257E+01
    950.	   1550.	.87573E-02	.11609E-01	.13256E+01
    950.	   1600.	.87573E-02	.11593E-01	.13238E+01
    950.	   1650.	.87573E-02	.11603E-01	.13249E+01
    950.	   1700.	.87573E-02	.11596E-01	.13241E+01
    950.	   1750.	.87573E-02	.11602E-01	.13248E+01
    950.	   1800.	.87573E-02	.11595E-01	.13240E+01
    950.	   1850.	.87573E-02	.11588E-01	.13233E+01
    950.	   1900.	.87573E-02	.11585E-01	.13230E+01
    950.	   1950.	.87573E-02	.11582E-01	.13226E+01
    950.	   2000.	.87573E-02	.11593E-01	.13238E+01
   1000.	    200.	.61123E-02	.79596E-02	.13022E+01
   1000.	    250.	.61123E-02	.79877E-02	.13068E+01
   1000.	    300.	.61123E-02	.80049E-02	.13096E+01
   1000.	    350.	.61123E-02	.80082E-02	.13102E+01
   1000.	    400.	.61123E-02	.80063E-02	.13099E+01
   1000.	    450.	.61123E-02	.79997E-02	.13088E+01
   1000.	    500.	.61123E-02	.79894E-02	.13071E+01
   1000.	    550.	.61123E-02	.79800E-02	.13056E+01
   1000.	    600.	.61123E-02	.79729E-02	.13044E+01
   1000.	    650.	.61123E-02	.79662E-02	.13033E+01
   1000.	    700.	.61123E-02	.79624E-02	.13027E+01
   1000.	    750.	.61123E-02	.79638E-02	.13029E+01
   1000.	    800.	.61123E-02	.79722E-02	.13043E+01
   1000.	    850.	.61123E-02	.74648E-02	.12213E+01
   1000.	    900.	.61123E-02	.78621E-02	.12863E+01
   1000.	    950.	.61123E-02	.80302E-02	.13138E+01
   1000.	   1000.	.61123E-02	.81243E-02	.13292E+01
   1000.	   1050.	.61123E-02	.81396E-02	.13317E+01
   1000.	   1100.	.61123E-02	.81324E-02	.13305E+01
   1000.	   1150.	.61123E-02	.81217E-02	.13287E+01
   1000.	   1200.	.61123E-02	.81111E-02	.13270E+01
   1000.	   1250.	.61123E-02	.81020E-02	.13255E+01
   1000.	   1300.	.61123E-02	.80939E-02	.13242E+01
   1000.	   1350.	.61123E-02	.80882E-02	.13233E+01
   1000.	   1400.	.61123E-02	.80822E-02	.13223E+01
   1000.	   1450.	.61123E-02	.80779E-02	.13216E+01
   1000.	   1500.	.61123E-02	.80734E-02	.13208E+01
   1000.	   1550.	.61123E-02	.80742E-02	.13210E+01
   1000.	   1600.	.61123E-02	.80709E-02	.13204E+01
   1000.	   1650.	.61123E-02	.80678E-02	.13199E+01
   1000.	   1700.	.61123E-02	.80716E-02	.13205E+01
   1000.	   1750.	.61123E-02	.80717E-02	.13206E+01
   1000.	   1800.	.61123E-02	.80591E-02	.13185E+01
   1000.	   1850.	.61123E-02	.80704E-02	.13203E+01
   1000.	   1900.	.61123E-02	.80634E-02	.13192E+01
   1000.	   1950.	.61123E-02	.80601E-02	.13187E+01
   1000.	   2000.	.61123E-02	.80617E-02	.13189E+01
   1050.	    200.	.43108E-02	.55872E-02	.12961E+01
   1050.	    250.	.43108E-02	.56110E-02	.13016E+01
   1050.	    300.	.43108E-02	.56220E-02	.13042E+01
   1050.	    350.	.43108E-02	.56286E-02	.13057E+01
   1050.	    400.	.43108E-02	.56247E-02	.13048E+01
   1050.	    450.	.43108E-02	.56220E-02	.13042E+01
   1050.	    500.	.43108E-02	.56168E-02	.13030E+01
   1050.	    550.	.43108E-02	.56094E-02	.13012E+01
   1050.	    600.	.43108E-02	.56029E-02	.12997E+01
   1050.	    650.	.43108E-02	.55981E-02	.12986E+01
   1050.	    700.	.43108E-02	.55937E-02	.12976E+01
   1050.	    750.	.43108E-02	.55925E-02	.12973E+01
   1050.	    800.	.43108E-02	.55944E-02	.12978E+01
   1050.	    850.	.43108E-02	.56014E-02	.12994E+01
   1050.	    900.	.43108E-02	.52631E-02	.12209E+01
   1050.	    950.	.43108E-02	.55342E-02	.12838E+01
   1050.	   1000.	.43108E-02	.56493E-02	.13105E+01
   1050.	   1050.	.43108E-02	.57136E-02	.13254E+01
   1050.	   1100.	.43108E-02	.57241E-02	.13278E+01
   1050.	   1150.	.43108E-02	.57189E-02	.13267E+01
   1050.	   1200.	.43108E-02	.57113E-02	.13249E+01
   1050.	   1250.	.43108E-02	.57037E-02	.13231E+01
   1050.	   1300.	.43108E-02	.56971E-02	.13216E+01
   1050.	   1350.	.43108E-02	.56912E-02	.13202E+01
   1050.	   1400.	.43108E-02	.56865E-02	.13191E+01
   1050.	   1450.	.43108E-02	.56831E-02	.13183E+01
   1050.	   1500.	.43108E-02	.56787E-02	.13173E+01
   1050.	   1550.	.43108E-02	.56769E-02	.13169E+01
   1050.	   1600.	.43108E-02	.56754E-02	.13166E+01
   1050.	   1650.	.43108E-02	.56708E-02	.13155E+01
   1050.	   1700.	.43108E-02	.56729E-02	.13160E+01
   1050.	   1750.	.43108E-02	.56746E-02	.13164E+01
   1050.	   1800.	.43108E-02	.56657E-02	.13143E+01
   1050.	   1850.	.43108E-02	.56692E-02	.13151E+01
   1050.	   1900.	.43108E-02	.56628E-02	.13136E+01
   1050.	   1950.	.43108E-02	.56710E-02	.13155E+01
   1050.	   2000.	.43108E-02	.56656E-02	.13143E+01
   1100.	    200.	.30688E-02	.39649E-02	.12920E+01
   1100.	    250.	.30688E-02	.39835E-02	.12980E+01
   1100.	    300.	.30688E-02	.39890E-02	.12999E+01
   1100.	    350.	.30688E-02	.39930E-02	.13012E+01
   1100.	    400.	.30688E-02	.39902E-02	.13002E+01
   1100.	    450.	.30688E-02	.39872E-02	.12993E+01
   1100.	    500.	.30688E-02	.39850E-02	.12986E+01
   1100.	    550.	.30688E-02	.39801E-02	.12969E+01
   1100.	    600.	.30688E-02	.39762E-02	.12957E+01
   1100.	    650.	.30688E-02	.39718E-02	.12943E+01
   1100.	    700.	.30688E-02	.39686E-02	.12932E+01
   1100.	    750.	.30688E-02	.39663E-02	.12925E+01
   1100.	    800.	.30688E-02	.39661E-02	.12924E+01
   1100.	    850.	.30688E-02	.39681E-02	.12930E+01
   1100.	    900.	.30688E-02	.39737E-02	.12949E+01
   1100.	    950.	.30688E-02	.37456E-02	.12205E+01
   1100.	   1000.	.30688E-02	.39324E-02	.12814E+01
   1100.	   1050.	.30688E-02	.40118E-02	.13073E+01
   1100.	   1100.	.30688E-02	.40563E-02	.13218E+01
   1100.	   1150.	.30688E-02	.40635E-02	.13241E+01
   1100.	   1200.	.30688E-02	.40598E-02	.13229E+01
   1100.	   1250.	.30688E-02	.40543E-02	.13211E+01
   1100.	   1300.	.30688E-02	.40488E-02	.13193E+01
   1100.	   1350.	.30688E-02	.40440E-02	.13178E+01
   1100.	   1400.	.30688E-02	.40398E-02	.13164E+01
   1100.	   1450.	.30688E-02	.40363E-02	.13153E+01
   1100.	   1500.	.30688E-02	.40335E-02	.13144E+01
   1100.	   1550.	.30688E-02	.40316E-02	.13137E+01
   1100.	   1600.	.30688E-02	.40296E-02	.13131E+01
   1100.	   1650.	.30688E-02	.40275E-02	.13124E+01
   1100.	   1700.	.30688E-02	.40267E-02	.13122E+01
   1100.	   1750.	.30688E-02	.40270E-02	.13122E+01
   1100.	   1800.	.30688E-02	.40272E-02	.13123E+01
   1100.	   1850.	.30688E-02	.40251E-02	.13116E+01
   1100.	   1900.	.30688E-02	.40272E-02	.13123E+01
   1100.	   1950.	.30688E-02	.40182E-02	.13094E+01
   1100.	   2000.	.30688E-02	.40262E-02	.13120E+01
   1150.	    200.	.22031E-02	.28380E-02	.12882E+01
   1150.	    250.	.22031E-02	.28451E-02	.12914E+01
   1150.	    300.	.22031E-02	.28513E-02	.12943E+01
   1150.	    350.	.22031E-02	.28565E-02	.12966E+01
   1150.	    400.	.22031E-02	.28562E-02	.12964E+01
   1150.	    450.	.22031E-02	.28555E-02	.12962E+01
   1150.	    500.	.22031E-02	.28516E-02	.12944E+01
   1150.	    550.	.22031E-02	.28489E-02	.12931E+01
   1150.	    600.	.22031E-02	.28456E-02	.12916E+01
   1150.	    650.	.22031E-02	.28430E-02	.12905E+01
   1150.	    700.	.22031E-02	.28400E-02	.12891E+01
   1150.	    750.	.22031E-02	.28380E-02	.12882E+01
   1150.	    800.	.22031E-02	.28369E-02	.12877E+01
   1150.	    850.	.22031E-02	.28371E-02	.12878E+01
   1150.	    900.	.22031E-02	.28390E-02	.12887E+01
   1150.	    950.	.22031E-02	.28435E-02	.12907E+01
   1150.	   1000.	.22031E-02	.26880E-02	.12201E+01
   1150.	   1050.	.22031E-02	.28178E-02	.12791E+01
   1150.	   1100.	.22031E-02	.28732E-02	.13042E+01
   1150.	   1150.	.22031E-02	.29042E-02	.13182E+01
   1150.	   1200.	.22031E-02	.29092E-02	.13205E+01
   1150.	   1250.	.22031E-02	.29065E-02	.13193E+01
   1150.	   1300.	.22031E-02	.29025E-02	.13175E+01
   1150.	   1350.	.22031E-02	.28986E-02	.13157E+01
   1150.	   1400.	.22031E-02	.28951E-02	.13141E+01
   1150.	   1450.	.22031E-02	.28920E-02	.13127E+01
   1150.	   1500.	.22031E-02	.28894E-02	.13116E+01
   1150.	   1550.	.22031E-02	.28876E-02	.13107E+01
   1150.	   1600.	.22031E-02	.28856E-02	.13098E+01
   1150.	   1650.	.22031E-02	.28847E-02	.13094E+01
   1150.	   1700.	.22031E-02	.28825E-02	.13084E+01
   1150.	   1750.	.22031E-02	.28836E-02	.13089E+01
   1150.	   1800.	.22031E-02	.28830E-02	.13086E+01
   1150.	   1850.	.22031E-02	.28862E-02	.13101E+01
   1150.	   1900.	.22031E-02	.28846E-02	.13093E+01
   1150.	   1950.	.22031E-02	.28849E-02	.13095E+01
   1150.	   2000.	.22031E-02	.28777E-02	.13062E+01
   1200.	    200.	.15936E-02	.20402E-02	.12803E+01
   1200.	    250.	.15936E-02	.20529E-02	.12882E+01
   1200.	    300.	.15936E-02	.20581E-02	.12915E+01
   1200.	    350.	.15936E-02	.20588E-02	.12919E+01
   1200.	    400.	.15936E-02	.20599E-02	.12926E+01
   1200.	    450.	.15936E-02	.20581E-02	.12915E+01
   1200.	    500.	.15936E-02	.20566E-02	.12906E+01
   1200.	    550.	.15936E-02	.20551E-02	.12896E+01
   1200.	    600.	.15936E-02	.20518E-02	.12875E+01
   1200.	    650.	.15936E-02	.20503E-02	.12866E+01
   1200.	    700.	.15936E-02	.20482E-02	.12853E+01
   1200.	    750.	.15936E-02	.20467E-02	.12843E+01
   1200.	    800.	.15936E-02	.20454E-02	.12835E+01
   1200.	    850.	.15936E-02	.20450E-02	.12832E+01
   1200.	    900.	.15936E-02	.20454E-02	.12835E+01
   1200.	    950.	.15936E-02	.20472E-02	.12846E+01
   1200.	   1000.	.15936E-02	.20506E-02	.12868E+01
   1200.	   1050.	.15936E-02	.19437E-02	.12197E+01
   1200.	   1100.	.15936E-02	.20347E-02	.12768E+01
   1200.	   1150.	.15936E-02	.20736E-02	.13012E+01
   1200.	   1200.	.15936E-02	.20953E-02	.13148E+01
   1200.	   1250.	.15936E-02	.20988E-02	.13170E+01
   1200.	   1300.	.15936E-02	.20968E-02	.13158E+01
   1200.	   1350.	.15936E-02	.20940E-02	.13140E+01
   1200.	   1400.	.15936E-02	.20911E-02	.13122E+01
   1200.	   1450.	.15936E-02	.20885E-02	.13105E+01
   1200.	   1500.	.15936E-02	.20861E-02	.13091E+01
   1200.	   1550.	.15936E-02	.20844E-02	.13080E+01
   1200.	   1600.	.15936E-02	.20826E-02	.13068E+01
   1200.	   1650.	.15936E-02	.20820E-02	.13064E+01
   1200.	   1700.	.15936E-02	.20810E-02	.13058E+01
   1200.	   1750.	.15936E-02	.20803E-02	.13054E+01
   1200.	   1800.	.15936E-02	.20789E-02	.13045E+01
   1200.	   1850.	.15936E-02	.20799E-02	.13052E+01
   1200.	   1900.	.15936E-02	.20785E-02	.13043E+01
   1200.	   1950.	.15936E-02	.20830E-02	.13071E+01
   1200.	   2000.	.15936E-02	.20828E-02	.13069E+01
   1250.	    200.	.11607E-02	.14820E-02	.12768E+01
   1250.	    250.	.11607E-02	.14917E-02	.12851E+01
   1250.	    300.	.11607E-02	.14924E-02	.12858E+01
   1250.	    350.	.11607E-02	.14939E-02	.12871E+01
   1250.	    400.	.11607E-02	.14957E-02	.12886E+01
   1250.	    450.	.11607E-02	.14952E-02	.12882E+01
   1250.	    500.	.11607E-02	.14932E-02	.12865E+01
   1250.	    550.	.11607E-02	.14930E-02	.12863E+01
   1250.	    600.	.11607E-02	.14902E-02	.12839E+01
   1250.	    650.	.11607E-02	.14896E-02	.12834E+01
   1250.	    700.	.11607E-02	.14878E-02	.12818E+01
   1250.	    750.	.11607E-02	.14864E-02	.12806E+01
   1250.	    800.	.11607E-02	.14855E-02	.12798E+01
   1250.	    850.	.11607E-02	.14846E-02	.12791E+01
   1250.	    900.	.11607E-02	.14846E-02	.12791E+01
   1250.	    950.	.11607E-02	.14851E-02	.12795E+01
   1250.	   1000.	.11607E-02	.14866E-02	.12807E+01
   1250.	   1050.	.11607E-02	.14893E-02	.12831E+01
   1250.	   1100.	.11607E-02	.14152E-02	.12192E+01
   1250.	   1150.	.11607E-02	.14793E-02	.12745E+01
   1250.	   1200.	.11607E-02	.15069E-02	.12982E+01
   1250.	   1250.	.11607E-02	.15223E-02	.13115E+01
   1250.	   1300.	.11607E-02	.15247E-02	.13136E+01
   1250.	   1350.	.11607E-02	.15233E-02	.13124E+01
   1250.	   1400.	.11607E-02	.15212E-02	.13106E+01
   1250.	   1450.	.11607E-02	.15190E-02	.13087E+01
   1250.	   1500.	.11607E-02	.15172E-02	.13071E+01
   1250.	   1550.	.11607E-02	.15154E-02	.13056E+01
   1250.	   1600.	.11607E-02	.15141E-02	.13045E+01
   1250.	   1650.	.11607E-02	.15129E-02	.13034E+01
   1250.	   1700.	.11607E-02	.15121E-02	.13028E+01
   1250.	   1750.	.11607E-02	.15117E-02	.13024E+01
   1250.	   1800.	.11607E-02	.15108E-02	.13017E+01
   1250.	   1850.	.11607E-02	.15106E-02	.13015E+01
   1250.	   1900.	.11607E-02	.15094E-02	.13004E+01
   1250.	   1950.	.11607E-02	.15118E-02	.13025E+01
   1250.	   2000.	.11607E-02	.15097E-02	.13007E+01
   1300.	    200.	.85067E-03	.10835E-02	.12737E+01
   1300.	    250.	.85067E-03	.10876E-02	.12785E+01
   1300.	    300.	.85067E-03	.10916E-02	.12833E+01
   1300.	    350.	.85067E-03	.10931E-02	.12850E+01
   1300.	    400.	.85067E-03	.10928E-02	.12846E+01
   1300.	    450.	.85067E-03	.10930E-02	.12849E+01
   1300.	    500.	.85067E-03	.10920E-02	.12837E+01
   1300.	    550.	.85067E-03	.10913E-02	.12829E+01
   1300.	    600.	.85067E-03	.10897E-02	.12810E+01
   1300.	    650.	.85067E-03	.10891E-02	.12803E+01
   1300.	    700.	.85067E-03	.10877E-02	.12787E+01
   1300.	    750.	.85067E-03	.10868E-02	.12776E+01
   1300.	    800.	.85067E-03	.10857E-02	.12763E+01
   1300.	    850.	.85067E-03	.10851E-02	.12756E+01
   1300.	    900.	.85067E-03	.10847E-02	.12751E+01
   1300.	    950.	.85067E-03	.10848E-02	.12752E+01
   1300.	   1000.	.85067E-03	.10853E-02	.12758E+01
   1300.	   1050.	.85067E-03	.10864E-02	.12772E+01
   1300.	   1100.	.85067E-03	.10885E-02	.12796E+01
   1300.	   1150.	.85067E-03	.10367E-02	.12187E+01
   1300.	   1200.	.85067E-03	.10824E-02	.12723E+01
   1300.	   1250.	.85067E-03	.11020E-02	.12954E+01
   1300.	   1300.	.85067E-03	.11129E-02	.13083E+01
   1300.	   1350.	.85067E-03	.11147E-02	.13103E+01
   1300.	   1400.	.85067E-03	.11136E-02	.13091E+01
   1300.	   1450.	.85067E-03	.11120E-02	.13073E+01
   1300.	   1500.	.85067E-03	.11105E-02	.13054E+01
   1300.	   1550.	.85067E-03	.11091E-02	.13038E+01
   1300.	   1600.	.85067E-03	.11079E-02	.13024E+01
   1300.	   1650.	.85067E-03	.11068E-02	.13011E+01
   1300.	   1700.	.85067E-03	.11060E-02	.13001E+01
   1300.	   1750.	.85067E-03	.11052E-02	.12992E+01
   1300.	   1800.	.85067E-03	.11046E-02	.12985E+01
   1300.	   1850.	.85067E-03	.11048E-02	.12988E+01
   1300.	   1900.	.85067E-03	.11038E-02	.12975E+01
   1300.	   1950.	.85067E-03	.11035E-02	.12972E+01
   1300.	   2000.	.85067E-03	.11034E-02	.12971E+01
   1350.	    200.	.62699E-03	.79668E-03	.12706E+01
   1350.	    250.	.62699E-03	.79985E-03	.12757E+01
   1350.	    300.	.62699E-03	.80091E-03	.12774E+01
   1350.	    350.	.62699E-03	.80257E-03	.12800E+01
   1350.	    400.	.62699E-03	.80284E-03	.12805E+01
   1350.	    450.	.62699E-03	.80349E-03	.12815E+01
   1350.	    500.	.62699E-03	.80312E-03	.12809E+01
   1350.	    550.	.62699E-03	.80206E-03	.12792E+01
   1350.	    600.	.62699E-03	.80131E-03	.12780E+01
   1350.	    650.	.62699E-03	.80068E-03	.12770E+01
   1350.	    700.	.62699E-03	.79952E-03	.12752E+01
   1350.	    750.	.62699E-03	.79890E-03	.12742E+01
   1350.	    800.	.62699E-03	.79852E-03	.12736E+01
   1350.	    850.	.62699E-03	.79764E-03	.12722E+01
   1350.	    900.	.62699E-03	.79728E-03	.12716E+01
   1350.	    950.	.62699E-03	.79710E-03	.12713E+01
   1350.	   1000.	.62699E-03	.79719E-03	.12715E+01
   1350.	   1050.	.62699E-03	.79772E-03	.12723E+01
   1350.	   1100.	.62699E-03	.79867E-03	.12738E+01
   1350.	   1150.	.62699E-03	.80027E-03	.12764E+01
   1350.	   1200.	.62699E-03	.76383E-03	.12183E+01
   1350.	   1250.	.62699E-03	.79643E-03	.12703E+01
   1350.	   1300.	.62699E-03	.81047E-03	.12926E+01
   1350.	   1350.	.62699E-03	.81834E-03	.13052E+01
   1350.	   1400.	.62699E-03	.81957E-03	.13072E+01
   1350.	   1450.	.62699E-03	.81878E-03	.13059E+01
   1350.	   1500.	.62699E-03	.81764E-03	.13041E+01
   1350.	   1550.	.62699E-03	.81647E-03	.13022E+01
   1350.	   1600.	.62699E-03	.81545E-03	.13006E+01
   1350.	   1650.	.62699E-03	.81451E-03	.12991E+01
   1350.	   1700.	.62699E-03	.81370E-03	.12978E+01
   1350.	   1750.	.62699E-03	.81317E-03	.12969E+01
   1350.	   1800.	.62699E-03	.81273E-03	.12962E+01
   1350.	   1850.	.62699E-03	.81219E-03	.12954E+01
   1350.	   1900.	.62699E-03	.81176E-03	.12947E+01
   1350.	   1950.	.62699E-03	.81172E-03	.12946E+01
   1350.	   2000.	.62699E-03	.81215E-03	.12953E+01
   1400.	    200.	.46451E-03	.58890E-03	.12678E+01
   1400.	    250.	.46451E-03	.59137E-03	.12731E+01
   1400.	    300.	.46451E-03	.59229E-03	.12751E+01
   1400.	    350.	.46451E-03	.59368E-03	.12781E+01
   1400.	    400.	.46451E-03	.59402E-03	.12788E+01
   1400.	    450.	.46451E-03	.59365E-03	.12780E+01
   1400.	    500.	.46451E-03	.59367E-03	.12781E+01
   1400.	    550.	.46451E-03	.59312E-03	.12769E+01
   1400.	    600.	.46451E-03	.59217E-03	.12748E+01
   1400.	    650.	.46451E-03	.59202E-03	.12745E+01
   1400.	    700.	.46451E-03	.59138E-03	.12731E+01
   1400.	    750.	.46451E-03	.59080E-03	.12719E+01
   1400.	    800.	.46451E-03	.59021E-03	.12706E+01
   1400.	    850.	.46451E-03	.58959E-03	.12693E+01
   1400.	    900.	.46451E-03	.58915E-03	.12683E+01
   1400.	    950.	.46451E-03	.58896E-03	.12679E+01
   1400.	   1000.	.46451E-03	.58893E-03	.12679E+01
   1400.	   1050.	.46451E-03	.58908E-03	.12682E+01
   1400.	   1100.	.46451E-03	.58948E-03	.12690E+01
   1400.	   1150.	.46451E-03	.59024E-03	.12707E+01
   1400.	   1200.	.46451E-03	.59146E-03	.12733E+01
   1400.	   1250.	.46451E-03	.56566E-03	.12178E+01
   1400.	   1300.	.46451E-03	.58910E-03	.12682E+01
   1400.	   1350.	.46451E-03	.59922E-03	.12900E+01
   1400.	   1400.	.46451E-03	.60489E-03	.13022E+01
   1400.	   1450.	.46451E-03	.60577E-03	.13041E+01
   1400.	   1500.	.46451E-03	.60518E-03	.13028E+01
   1400.	   1550.	.46451E-03	.60433E-03	.13010E+01
   1400.	   1600.	.46451E-03	.60347E-03	.12992E+01
   1400.	   1650.	.46451E-03	.60271E-03	.12975E+01
   1400.	   1700.	.46451E-03	.60201E-03	.12960E+01
   1400.	   1750.	.46451E-03	.60149E-03	.12949E+01
   1400.	   1800.	.46451E-03	.60103E-03	.12939E+01
   1400.	   1850.	.46451E-03	.60060E-03	.12930E+01
   1400.	   1900.	.46451E-03	.60030E-03	.12923E+01
   1400.	   1950.	.46451E-03	.60016E-03	.12920E+01
   1400.	   2000.	.46451E-03	.60007E-03	.12918E+01
   1450.	    200.	.34576E-03	.43739E-03	.12650E+01
   1450.	    250.	.34576E-03	.43932E-03	.12706E+01
   1450.	    300.	.34576E-03	.44010E-03	.12728E+01
   1450.	    350.	.34576E-03	.44013E-03	.12729E+01
   1450.	    400.	.34576E-03	.44066E-03	.12745E+01
   1450.	    450.	.34576E-03	.44061E-03	.12743E+01
   1450.	    500.	.34576E-03	.44015E-03	.12730E+01
   1450.	    550.	.34576E-03	.44064E-03	.12744E+01
   1450.	    600.	.34576E-03	.44008E-03	.12728E+01
   1450.	    650.	.34576E-03	.43929E-03	.12705E+01
   1450.	    700.	.34576E-03	.43909E-03	.12699E+01
   1450.	    750.	.34576E-03	.43859E-03	.12685E+01
   1450.	    800.	.34576E-03	.43840E-03	.12679E+01
   1450.	    850.	.34576E-03	.43793E-03	.12666E+01
   1450.	    900.	.34576E-03	.43763E-03	.12657E+01
   1450.	    950.	.34576E-03	.43729E-03	.12647E+01
   1450.	   1000.	.34576E-03	.43724E-03	.12646E+01
   1450.	   1050.	.34576E-03	.43720E-03	.12645E+01
   1450.	   1100.	.34576E-03	.43737E-03	.12649E+01
   1450.	   1150.	.34576E-03	.43771E-03	.12659E+01
   1450.	   1200.	.34576E-03	.43832E-03	.12677E+01
   1450.	   1250.	.34576E-03	.43926E-03	.12704E+01
   1450.	   1300.	.34576E-03	.42087E-03	.12172E+01
   1450.	   1350.	.34576E-03	.43781E-03	.12662E+01
   1450.	   1400.	.34576E-03	.44514E-03	.12874E+01
   1450.	   1450.	.34576E-03	.44925E-03	.12993E+01
   1450.	   1500.	.34576E-03	.44988E-03	.13011E+01
   1450.	   1550.	.34576E-03	.44944E-03	.12999E+01
   1450.	   1600.	.34576E-03	.44881E-03	.12980E+01
   1450.	   1650.	.34576E-03	.44817E-03	.12962E+01
   1450.	   1700.	.34576E-03	.44758E-03	.12945E+01
   1450.	   1750.	.34576E-03	.44707E-03	.12930E+01
   1450.	   1800.	.34576E-03	.44662E-03	.12917E+01
   1450.	   1850.	.34576E-03	.44627E-03	.12907E+01
   1450.	   1900.	.34576E-03	.44597E-03	.12898E+01
   1450.	   1950.	.34576E-03	.44581E-03	.12894E+01
   1450.	   2000.	.34576E-03	.44563E-03	.12888E+01
   1500.	    200.	.25848E-03	.32486E-03	.12568E+01
   1500.	    250.	.25848E-03	.32778E-03	.12681E+01
   1500.	    300.	.25848E-03	.32739E-03	.12666E+01
   1500.	    350.	.25848E-03	.32852E-03	.12710E+01
   1500.	    400.	.25848E-03	.32900E-03	.12728E+01
   1500.	    450.	.25848E-03	.32837E-03	.12704E+01
   1500.	    500.	.25848E-03	.32818E-03	.12697E+01
   1500.	    550.	.25848E-03	.32874E-03	.12718E+01
   1500.	    600.	.25848E-03	.32803E-03	.12691E+01
   1500.	    650.	.25848E-03	.32795E-03	.12688E+01
   1500.	    700.	.25848E-03	.32762E-03	.12675E+01
   1500.	    750.	.25848E-03	.32712E-03	.12656E+01
   1500.	    800.	.25848E-03	.32694E-03	.12649E+01
   1500.	    850.	.25848E-03	.32675E-03	.12641E+01
   1500.	    900.	.25848E-03	.32639E-03	.12627E+01
   1500.	    950.	.25848E-03	.32616E-03	.12619E+01
   1500.	   1000.	.25848E-03	.32610E-03	.12616E+01
   1500.	   1050.	.25848E-03	.32604E-03	.12614E+01
   1500.	   1100.	.25848E-03	.32603E-03	.12614E+01
   1500.	   1150.	.25848E-03	.32617E-03	.12619E+01
   1500.	   1200.	.25848E-03	.32647E-03	.12630E+01
   1500.	   1250.	.25848E-03	.32693E-03	.12648E+01
   1500.	   1300.	.25848E-03	.32765E-03	.12676E+01
   1500.	   1350.	.25848E-03	.31448E-03	.12167E+01
   1500.	   1400.	.25848E-03	.32678E-03	.12643E+01
   1500.	   1450.	.25848E-03	.33212E-03	.12849E+01
   1500.	   1500.	.25848E-03	.33511E-03	.12965E+01
   1500.	   1550.	.25848E-03	.33556E-03	.12982E+01
   1500.	   1600.	.25848E-03	.33523E-03	.12970E+01
   1500.	   1650.	.25848E-03	.33476E-03	.12951E+01
   1500.	   1700.	.25848E-03	.33428E-03	.12933E+01
   1500.	   1750.	.25848E-03	.33385E-03	.12916E+01
   1500.	   1800.	.25848E-03	.33346E-03	.12901E+01
   1500.	   1850.	.25848E-03	.33312E-03	.12888E+01
   1500.	   1900.	.25848E-03	.33287E-03	.12878E+01
   1500.	   1950.	.25848E-03	.33260E-03	.12868E+01
   1500.	   2000.	.25848E-03	.33252E-03	.12865E+01
   1550.	    200.	.19398E-03	.24330E-03	.12542E+01
   1550.	    250.	.19398E-03	.24358E-03	.12557E+01
   1550.	    300.	.19398E-03	.24529E-03	.12645E+01
   1550.	    350.	.19398E-03	.24620E-03	.12692E+01
   1550.	    400.	.19398E-03	.24539E-03	.12650E+01
   1550.	    450.	.19398E-03	.24565E-03	.12663E+01
   1550.	    500.	.19398E-03	.24562E-03	.12662E+01
   1550.	    550.	.19398E-03	.24539E-03	.12650E+01
   1550.	    600.	.19398E-03	.24574E-03	.12668E+01
   1550.	    650.	.19398E-03	.24549E-03	.12655E+01
   1550.	    700.	.19398E-03	.24536E-03	.12648E+01
   1550.	    750.	.19398E-03	.24508E-03	.12634E+01
   1550.	    800.	.19398E-03	.24487E-03	.12623E+01
   1550.	    850.	.19398E-03	.24470E-03	.12614E+01
   1550.	    900.	.19398E-03	.24453E-03	.12605E+01
   1550.	    950.	.19398E-03	.24424E-03	.12591E+01
   1550.	   1000.	.19398E-03	.24416E-03	.12587E+01
   1550.	   1050.	.19398E-03	.24410E-03	.12584E+01
   1550.	   1100.	.19398E-03	.24405E-03	.12581E+01
   1550.	   1150.	.19398E-03	.24409E-03	.12583E+01
   1550.	   1200.	.19398E-03	.24422E-03	.12590E+01
   1550.	   1250.	.19398E-03	.24447E-03	.12602E+01
   1550.	   1300.	.19398E-03	.24483E-03	.12621E+01
   1550.	   1350.	.19398E-03	.24539E-03	.12650E+01
   1550.	   1400.	.19398E-03	.23590E-03	.12161E+01
   1550.	   1450.	.19398E-03	.24488E-03	.12623E+01
   1550.	   1500.	.19398E-03	.24877E-03	.12824E+01
   1550.	   1550.	.19398E-03	.25096E-03	.12937E+01
   1550.	   1600.	.19398E-03	.25129E-03	.12954E+01
   1550.	   1650.	.19398E-03	.25104E-03	.12941E+01
   1550.	   1700.	.19398E-03	.25069E-03	.12923E+01
   1550.	   1750.	.19398E-03	.25032E-03	.12904E+01
   1550.	   1800.	.19398E-03	.25000E-03	.12888E+01
   1550.	   1850.	.19398E-03	.24971E-03	.12873E+01
   1550.	   1900.	.19398E-03	.24945E-03	.12859E+01
   1550.	   1950.	.19398E-03	.24927E-03	.12850E+01
   1550.	   2000.	.19398E-03	.24910E-03	.12841E+01
   1600.	    200.	.14610E-03	.18290E-03	.12519E+01
   1600.	    250.	.14610E-03	.18462E-03	.12636E+01
   1600.	    300.	.14610E-03	.18446E-03	.12625E+01
   1600.	    350.	.14610E-03	.18518E-03	.12675E+01
   1600.	    400.	.14610E-03	.18459E-03	.12634E+01
   1600.	    450.	.14610E-03	.18483E-03	.12651E+01
   1600.	    500.	.14610E-03	.18484E-03	.12652E+01
   1600.	    550.	.14610E-03	.18470E-03	.12642E+01
   1600.	    600.	.14610E-03	.18500E-03	.12662E+01
   1600.	    650.	.14610E-03	.18461E-03	.12636E+01
   1600.	    700.	.14610E-03	.18437E-03	.12620E+01
   1600.	    750.	.14610E-03	.18424E-03	.12610E+01
   1600.	    800.	.14610E-03	.18416E-03	.12605E+01
   1600.	    850.	.14610E-03	.18384E-03	.12583E+01
   1600.	    900.	.14610E-03	.18381E-03	.12581E+01
   1600.	    950.	.14610E-03	.18367E-03	.12571E+01
   1600.	   1000.	.14610E-03	.18353E-03	.12562E+01
   1600.	   1050.	.14610E-03	.18345E-03	.12556E+01
   1600.	   1100.	.14610E-03	.18339E-03	.12552E+01
   1600.	   1150.	.14610E-03	.18339E-03	.12552E+01
   1600.	   1200.	.14610E-03	.18344E-03	.12556E+01
   1600.	   1250.	.14610E-03	.18354E-03	.12562E+01
   1600.	   1300.	.14610E-03	.18372E-03	.12575E+01
   1600.	   1350.	.14610E-03	.18402E-03	.12595E+01
   1600.	   1400.	.14610E-03	.18444E-03	.12624E+01
   1600.	   1450.	.14610E-03	.17759E-03	.12155E+01
   1600.	   1500.	.14610E-03	.18416E-03	.12605E+01
   1600.	   1550.	.14610E-03	.18702E-03	.12800E+01
   1600.	   1600.	.14610E-03	.18862E-03	.12911E+01
   1600.	   1650.	.14610E-03	.18886E-03	.12927E+01
   1600.	   1700.	.14610E-03	.18867E-03	.12914E+01
   1600.	   1750.	.14610E-03	.18841E-03	.12896E+01
   1600.	   1800.	.14610E-03	.18813E-03	.12877E+01
   1600.	   1850.	.14610E-03	.18788E-03	.12860E+01
   1600.	   1900.	.14610E-03	.18767E-03	.12845E+01
   1600.	   1950.	.14610E-03	.18747E-03	.12832E+01
   1600.	   2000.	.14610E-03	.18731E-03	.12821E+01
   1650.	    200.	.11040E-03	.13794E-03	.12495E+01
   1650.	    250.	.11040E-03	.13812E-03	.12512E+01
   1650.	    300.	.11040E-03	.13916E-03	.12605E+01
   1650.	    350.	.11040E-03	.13887E-03	.12579E+01
   1650.	    400.	.11040E-03	.13931E-03	.12619E+01
   1650.	    450.	.11040E-03	.13952E-03	.12638E+01
   1650.	    500.	.11040E-03	.13956E-03	.12642E+01
   1650.	    550.	.11040E-03	.13948E-03	.12634E+01
   1650.	    600.	.11040E-03	.13931E-03	.12619E+01
   1650.	    650.	.11040E-03	.13907E-03	.12597E+01
   1650.	    700.	.11040E-03	.13913E-03	.12603E+01
   1650.	    750.	.11040E-03	.13907E-03	.12598E+01
   1650.	    800.	.11040E-03	.13881E-03	.12574E+01
   1650.	    850.	.11040E-03	.13873E-03	.12567E+01
   1650.	    900.	.11040E-03	.13867E-03	.12561E+01
   1650.	    950.	.11040E-03	.13846E-03	.12542E+01
   1650.	   1000.	.11040E-03	.13842E-03	.12539E+01
   1650.	   1050.	.11040E-03	.13836E-03	.12533E+01
   1650.	   1100.	.11040E-03	.13829E-03	.12527E+01
   1650.	   1150.	.11040E-03	.13825E-03	.12523E+01
   1650.	   1200.	.11040E-03	.13824E-03	.12522E+01
   1650.	   1250.	.11040E-03	.13831E-03	.12528E+01
   1650.	   1300.	.11040E-03	.13839E-03	.12536E+01
   1650.	   1350.	.11040E-03	.13855E-03	.12550E+01
   1650.	   1400.	.11040E-03	.13878E-03	.12571E+01
   1650.	   1450.	.11040E-03	.13910E-03	.12600E+01
   1650.	   1500.	.11040E-03	.13412E-03	.12149E+01
   1650.	   1550.	.11040E-03	.13895E-03	.12586E+01
   1650.	   1600.	.11040E-03	.14106E-03	.12777E+01
   1650.	   1650.	.11040E-03	.14224E-03	.12884E+01
   1650.	   1700.	.11040E-03	.14241E-03	.12900E+01
   1650.	   1750.	.11040E-03	.14227E-03	.12887E+01
   1650.	   1800.	.11040E-03	.14207E-03	.12869E+01
   1650.	   1850.	.11040E-03	.14186E-03	.12850E+01
   1650.	   1900.	.11040E-03	.14167E-03	.12833E+01
   1650.	   1950.	.11040E-03	.14150E-03	.12817E+01
   1650.	   2000.	.11040E-03	.14136E-03	.12805E+01
   1700.	    200.	.83664E-04	.10434E-03	.12472E+01
   1700.	    250.	.83664E-04	.10449E-03	.12489E+01
   1700.	    300.	.83664E-04	.10530E-03	.12586E+01
   1700.	    350.	.83664E-04	.10509E-03	.12561E+01
   1700.	    400.	.83664E-04	.10545E-03	.12604E+01
   1700.	    450.	.83664E-04	.10563E-03	.12625E+01
   1700.	    500.	.83664E-04	.10521E-03	.12576E+01
   1700.	    550.	.83664E-04	.10523E-03	.12577E+01
   1700.	    600.	.83664E-04	.10552E-03	.12613E+01
   1700.	    650.	.83664E-04	.10536E-03	.12593E+01
   1700.	    700.	.83664E-04	.10516E-03	.12569E+01
   1700.	    750.	.83664E-04	.10517E-03	.12570E+01
   1700.	    800.	.83664E-04	.10510E-03	.12563E+01
   1700.	    850.	.83664E-04	.10499E-03	.12549E+01
   1700.	    900.	.83664E-04	.10491E-03	.12539E+01
   1700.	    950.	.83664E-04	.10478E-03	.12524E+01
   1700.	   1000.	.83664E-04	.10468E-03	.12512E+01
   1700.	   1050.	.83664E-04	.10464E-03	.12507E+01
   1700.	   1100.	.83664E-04	.10459E-03	.12502E+01
   1700.	   1150.	.83664E-04	.10457E-03	.12499E+01
   1700.	   1200.	.83664E-04	.10453E-03	.12494E+01
   1700.	   1250.	.83664E-04	.10455E-03	.12496E+01
   1700.	   1300.	.83664E-04	.10459E-03	.12502E+01
   1700.	   1350.	.83664E-04	.10468E-03	.12511E+01
   1700.	   1400.	.83664E-04	.10480E-03	.12526E+01
   1700.	   1450.	.83664E-04	.10498E-03	.12547E+01
   1700.	   1500.	.83664E-04	.10522E-03	.12577E+01
   1700.	   1550.	.83664E-04	.10159E-03	.12143E+01
   1700.	   1600.	.83664E-04	.10515E-03	.12568E+01
   1700.	   1650.	.83664E-04	.10671E-03	.12754E+01
   1700.	   1700.	.83664E-04	.10758E-03	.12859E+01
   1700.	   1750.	.83664E-04	.10771E-03	.12874E+01
   1700.	   1800.	.83664E-04	.10760E-03	.12861E+01
   1700.	   1850.	.83664E-04	.10745E-03	.12843E+01
   1700.	   1900.	.83664E-04	.10729E-03	.12824E+01
   1700.	   1950.	.83664E-04	.10715E-03	.12807E+01
   1700.	   2000.	.83664E-04	.10703E-03	.12792E+01
   1750.	    200.	.63575E-04	.79145E-04	.12449E+01
   1750.	    250.	.63575E-04	.79267E-04	.12468E+01
   1750.	    300.	.63575E-04	.79894E-04	.12567E+01
   1750.	    350.	.63575E-04	.79750E-04	.12544E+01
   1750.	    400.	.63575E-04	.80040E-04	.12590E+01
   1750.	    450.	.63575E-04	.80189E-04	.12613E+01
   1750.	    500.	.63575E-04	.79882E-04	.12565E+01
   1750.	    550.	.63575E-04	.79908E-04	.12569E+01
   1750.	    600.	.63575E-04	.79871E-04	.12563E+01
   1750.	    650.	.63575E-04	.79787E-04	.12550E+01
   1750.	    700.	.63575E-04	.79890E-04	.12566E+01
   1750.	    750.	.63575E-04	.79724E-04	.12540E+01
   1750.	    800.	.63575E-04	.79713E-04	.12538E+01
   1750.	    850.	.63575E-04	.79653E-04	.12529E+01
   1750.	    900.	.63575E-04	.79558E-04	.12514E+01
   1750.	    950.	.63575E-04	.79438E-04	.12495E+01
   1750.	   1000.	.63575E-04	.79396E-04	.12489E+01
   1750.	   1050.	.63575E-04	.79361E-04	.12483E+01
   1750.	   1100.	.63575E-04	.79326E-04	.12477E+01
   1750.	   1150.	.63575E-04	.79287E-04	.12471E+01
   1750.	   1200.	.63575E-04	.79269E-04	.12469E+01
   1750.	   1250.	.63575E-04	.79260E-04	.12467E+01
   1750.	   1300.	.63575E-04	.79287E-04	.12471E+01
   1750.	   1350.	.63575E-04	.79318E-04	.12476E+01
   1750.	   1400.	.63575E-04	.79380E-04	.12486E+01
   1750.	   1450.	.63575E-04	.79484E-04	.12502E+01
   1750.	   1500.	.63575E-04	.79622E-04	.12524E+01
   1750.	   1550.	.63575E-04	.79813E-04	.12554E+01
   1750.	   1600.	.63575E-04	.77158E-04	.12137E+01
   1750.	   1650.	.63575E-04	.79791E-04	.12551E+01
   1750.	   1700.	.63575E-04	.80945E-04	.12732E+01
   1750.	   1750.	.63575E-04	.81595E-04	.12834E+01
   1750.	   1800.	.63575E-04	.81686E-04	.12849E+01
   1750.	   1850.	.63575E-04	.81603E-04	.12836E+01
   1750.	   1900.	.63575E-04	.81487E-04	.12817E+01
   1750.	   1950.	.63575E-04	.81367E-04	.12799E+01
   1750.	   2000.	.63575E-04	.81257E-04	.12781E+01
   1800.	    200.	.48427E-04	.60185E-04	.12428E+01
   1800.	    250.	.48427E-04	.60281E-04	.12448E+01
   1800.	    300.	.48427E-04	.60771E-04	.12549E+01
   1800.	    350.	.48427E-04	.60667E-04	.12528E+01
   1800.	    400.	.48427E-04	.60900E-04	.12575E+01
   1800.	    450.	.48427E-04	.60703E-04	.12535E+01
   1800.	    500.	.48427E-04	.60800E-04	.12555E+01
   1800.	    550.	.48427E-04	.60830E-04	.12561E+01
   1800.	    600.	.48427E-04	.60810E-04	.12557E+01
   1800.	    650.	.48427E-04	.60755E-04	.12546E+01
   1800.	    700.	.48427E-04	.60671E-04	.12528E+01
   1800.	    750.	.48427E-04	.60724E-04	.12539E+01
   1800.	    800.	.48427E-04	.60590E-04	.12512E+01
   1800.	    850.	.48427E-04	.60569E-04	.12507E+01
   1800.	    900.	.48427E-04	.60517E-04	.12496E+01
   1800.	    950.	.48427E-04	.60441E-04	.12481E+01
   1800.	   1000.	.48427E-04	.60427E-04	.12478E+01
   1800.	   1050.	.48427E-04	.60382E-04	.12469E+01
   1800.	   1100.	.48427E-04	.60317E-04	.12455E+01
   1800.	   1150.	.48427E-04	.60286E-04	.12449E+01
   1800.	   1200.	.48427E-04	.60276E-04	.12447E+01
   1800.	   1250.	.48427E-04	.60258E-04	.12443E+01
   1800.	   1300.	.48427E-04	.60263E-04	.12444E+01
   1800.	   1350.	.48427E-04	.60269E-04	.12445E+01
   1800.	   1400.	.48427E-04	.60301E-04	.12452E+01
   1800.	   1450.	.48427E-04	.60361E-04	.12464E+01
   1800.	   1500.	.48427E-04	.60436E-04	.12480E+01
   1800.	   1550.	.48427E-04	.60544E-04	.12502E+01
   1800.	   1600.	.48427E-04	.60692E-04	.12533E+01
   1800.	   1650.	.48427E-04	.58744E-04	.12130E+01
   1800.	   1700.	.48427E-04	.60696E-04	.12533E+01
   1800.	   1750.	.48427E-04	.61553E-04	.12710E+01
   1800.	   1800.	.48427E-04	.62037E-04	.12810E+01
   1800.	   1850.	.48427E-04	.62103E-04	.12824E+01
   1800.	   1900.	.48427E-04	.62039E-04	.12811E+01
   1800.	   1950.	.48427E-04	.61950E-04	.12792E+01
   1800.	   2000.	.48427E-04	.61860E-04	.12774E+01
   1850.	    200.	.36970E-04	.45864E-04	.12406E+01
   1850.	    250.	.36970E-04	.45943E-04	.12427E+01
   1850.	    300.	.36970E-04	.46325E-04	.12530E+01
   1850.	    350.	.36970E-04	.46251E-04	.12510E+01
   1850.	    400.	.36970E-04	.46437E-04	.12561E+01
   1850.	    450.	.36970E-04	.46293E-04	.12522E+01
   1850.	    500.	.36970E-04	.46376E-04	.12544E+01
   1850.	    550.	.36970E-04	.46406E-04	.12552E+01
   1850.	    600.	.36970E-04	.46399E-04	.12550E+01
   1850.	    650.	.36970E-04	.46199E-04	.12496E+01
   1850.	    700.	.36970E-04	.46305E-04	.12525E+01
   1850.	    750.	.36970E-04	.46231E-04	.12505E+01
   1850.	    800.	.36970E-04	.46143E-04	.12481E+01
   1850.	    850.	.36970E-04	.46149E-04	.12483E+01
   1850.	    900.	.36970E-04	.46126E-04	.12477E+01
   1850.	    950.	.36970E-04	.46082E-04	.12465E+01
   1850.	   1000.	.36970E-04	.46022E-04	.12448E+01
   1850.	   1050.	.36970E-04	.46009E-04	.12445E+01
   1850.	   1100.	.36970E-04	.45975E-04	.12436E+01
   1850.	   1150.	.36970E-04	.45925E-04	.12422E+01
   1850.	   1200.	.36970E-04	.45921E-04	.12421E+01
   1850.	   1250.	.36970E-04	.45912E-04	.12419E+01
   1850.	   1300.	.36970E-04	.45899E-04	.12415E+01
   1850.	   1350.	.36970E-04	.45913E-04	.12419E+01
   1850.	   1400.	.36970E-04	.45925E-04	.12422E+01
   1850.	   1450.	.36970E-04	.45955E-04	.12430E+01
   1850.	   1500.	.36970E-04	.45998E-04	.12442E+01
   1850.	   1550.	.36970E-04	.46057E-04	.12458E+01
   1850.	   1600.	.36970E-04	.46143E-04	.12481E+01
   1850.	   1650.	.36970E-04	.46255E-04	.12511E+01
   1850.	   1700.	.36970E-04	.44822E-04	.12124E+01
   1850.	   1750.	.36970E-04	.46273E-04	.12516E+01
   1850.	   1800.	.36970E-04	.46912E-04	.12689E+01
   1850.	   1850.	.36970E-04	.47272E-04	.12787E+01
   1850.	   1900.	.36970E-04	.47321E-04	.12800E+01
   1850.	   1950.	.36970E-04	.47272E-04	.12786E+01
   1850.	   2000.	.36970E-04	.47204E-04	.12768E+01
   1900.	    200.	.28280E-04	.35025E-04	.12385E+01
   1900.	    250.	.28280E-04	.35086E-04	.12407E+01
   1900.	    300.	.28280E-04	.35384E-04	.12512E+01
   1900.	    350.	.28280E-04	.35333E-04	.12494E+01
   1900.	    400.	.28280E-04	.35482E-04	.12547E+01
   1900.	    450.	.28280E-04	.35375E-04	.12509E+01
   1900.	    500.	.28280E-04	.35445E-04	.12533E+01
   1900.	    550.	.28280E-04	.35310E-04	.12486E+01
   1900.	    600.	.28280E-04	.35330E-04	.12493E+01
   1900.	    650.	.28280E-04	.35324E-04	.12491E+01
   1900.	    700.	.28280E-04	.35298E-04	.12481E+01
   1900.	    750.	.28280E-04	.35359E-04	.12503E+01
   1900.	    800.	.28280E-04	.35295E-04	.12481E+01
   1900.	    850.	.28280E-04	.35225E-04	.12456E+01
   1900.	    900.	.28280E-04	.35221E-04	.12454E+01
   1900.	    950.	.28280E-04	.35199E-04	.12447E+01
   1900.	   1000.	.28280E-04	.35162E-04	.12434E+01
   1900.	   1050.	.28280E-04	.35163E-04	.12434E+01
   1900.	   1100.	.28280E-04	.35104E-04	.12413E+01
   1900.	   1150.	.28280E-04	.35078E-04	.12404E+01
   1900.	   1200.	.28280E-04	.35072E-04	.12402E+01
   1900.	   1250.	.28280E-04	.35064E-04	.12399E+01
   1900.	   1300.	.28280E-04	.35054E-04	.12395E+01
   1900.	   1350.	.28280E-04	.35052E-04	.12394E+01
   1900.	   1400.	.28280E-04	.35052E-04	.12395E+01
   1900.	   1450.	.28280E-04	.35067E-04	.12400E+01
   1900.	   1500.	.28280E-04	.35088E-04	.12407E+01
   1900.	   1550.	.28280E-04	.35124E-04	.12420E+01
   1900.	   1600.	.28280E-04	.35171E-04	.12437E+01
   1900.	   1650.	.28280E-04	.35238E-04	.12460E+01
   1900.	   1700.	.28280E-04	.35324E-04	.12491E+01
   1900.	   1750.	.28280E-04	.34267E-04	.12117E+01
   1900.	   1800.	.28280E-04	.35348E-04	.12499E+01
   1900.	   1850.	.28280E-04	.35825E-04	.12668E+01
   1900.	   1900.	.28280E-04	.36095E-04	.12763E+01
   1900.	   1950.	.28280E-04	.36130E-04	.12776E+01
   1900.	   2000.	.28280E-04	.36092E-04	.12762E+01
   1950.	    200.	.21672E-04	.26796E-04	.12364E+01
   1950.	    250.	.21672E-04	.26844E-04	.12387E+01
   1950.	    300.	.21672E-04	.27077E-04	.12494E+01
   1950.	    350.	.21672E-04	.27040E-04	.12477E+01
   1950.	    400.	.21672E-04	.27158E-04	.12532E+01
   1950.	    450.	.21672E-04	.27081E-04	.12496E+01
   1950.	    500.	.21672E-04	.26990E-04	.12454E+01
   1950.	    550.	.21672E-04	.27038E-04	.12476E+01
   1950.	    600.	.21672E-04	.27058E-04	.12485E+01
   1950.	    650.	.21672E-04	.27057E-04	.12485E+01
   1950.	    700.	.21672E-04	.27040E-04	.12477E+01
   1950.	    750.	.21672E-04	.27011E-04	.12464E+01
   1950.	    800.	.21672E-04	.26973E-04	.12446E+01
   1950.	    850.	.21672E-04	.26926E-04	.12425E+01
   1950.	    900.	.21672E-04	.26937E-04	.12430E+01
   1950.	    950.	.21672E-04	.26930E-04	.12426E+01
   1950.	   1000.	.21672E-04	.26910E-04	.12417E+01
   1950.	   1050.	.21672E-04	.26880E-04	.12404E+01
   1950.	   1100.	.21672E-04	.26879E-04	.12403E+01
   1950.	   1150.	.21672E-04	.26834E-04	.12382E+01
   1950.	   1200.	.21672E-04	.26813E-04	.12373E+01
   1950.	   1250.	.21672E-04	.26809E-04	.12371E+01
   1950.	   1300.	.21672E-04	.26814E-04	.12373E+01
   1950.	   1350.	.21672E-04	.26806E-04	.12369E+01
   1950.	   1400.	.21672E-04	.26803E-04	.12368E+01
   1950.	   1450.	.21672E-04	.26810E-04	.12371E+01
   1950.	   1500.	.21672E-04	.26825E-04	.12378E+01
   1950.	   1550.	.21672E-04	.26840E-04	.12385E+01
   1950.	   1600.	.21672E-04	.26870E-04	.12399E+01
   1950.	   1650.	.21672E-04	.26909E-04	.12417E+01
   1950.	   1700.	.21672E-04	.26959E-04	.12440E+01
   1950.	   1750.	.21672E-04	.27025E-04	.12470E+01
   1950.	   1800.	.21672E-04	.26244E-04	.12110E+01
   1950.	   1850.	.21672E-04	.27050E-04	.12482E+01
   1950.	   1900.	.21672E-04	.27408E-04	.12647E+01
   1950.	   1950.	.21672E-04	.27610E-04	.12740E+01
   1950.	   2000.	.21672E-04	.27636E-04	.12752E+01
   2000.	    200.	.16634E-04	.20535E-04	.12345E+01
   2000.	    250.	.16634E-04	.20574E-04	.12369E+01
   2000.	    300.	.16634E-04	.20755E-04	.12477E+01
   2000.	    350.	.16634E-04	.20728E-04	.12462E+01
   2000.	    400.	.16634E-04	.20684E-04	.12435E+01
   2000.	    450.	.16634E-04	.20765E-04	.12484E+01
   2000.	    500.	.16634E-04	.20813E-04	.12512E+01
   2000.	    550.	.16634E-04	.20738E-04	.12467E+01
   2000.	    600.	.16634E-04	.20756E-04	.12478E+01
   2000.	    650.	.16634E-04	.20672E-04	.12428E+01
   2000.	    700.	.16634E-04	.20672E-04	.12428E+01
   2000.	    750.	.16634E-04	.20728E-04	.12461E+01
   2000.	    800.	.16634E-04	.20700E-04	.12445E+01
   2000.	    850.	.16634E-04	.20667E-04	.12425E+01
   2000.	    900.	.16634E-04	.20629E-04	.12402E+01
   2000.	    950.	.16634E-04	.20633E-04	.12404E+01
   2000.	   1000.	.16634E-04	.20624E-04	.12399E+01
   2000.	   1050.	.16634E-04	.20607E-04	.12389E+01
   2000.	   1100.	.16634E-04	.20583E-04	.12374E+01
   2000.	   1150.	.16634E-04	.20581E-04	.12373E+01
   2000.	   1200.	.16634E-04	.20546E-04	.12352E+01
   2000.	   1250.	.16634E-04	.20550E-04	.12355E+01
   2000.	   1300.	.16634E-04	.20544E-04	.12351E+01
   2000.	   1350.	.16634E-04	.20531E-04	.12343E+01
   2000.	   1400.	.16634E-04	.20532E-04	.12343E+01
   2000.	   1450.	.16634E-04	.20535E-04	.12345E+01
   2000.	   1500.	.16634E-04	.20539E-04	.12348E+01
   2000.	   1550.	.16634E-04	.20551E-04	.12355E+01
   2000.	   1600.	.16634E-04	.20568E-04	.12365E+01
   2000.	   1650.	.16634E-04	.20589E-04	.12378E+01
   2000.	   1700.	.16634E-04	.20618E-04	.12395E+01
   2000.	   1750.	.16634E-04	.20659E-04	.12420E+01
   2000.	   1800.	.16634E-04	.20710E-04	.12450E+01
   2000.	   1850.	.16634E-04	.20130E-04	.12102E+01
   2000.	   1900.	.16634E-04	.20734E-04	.12465E+01
   2000.	   1950.	.16634E-04	.21002E-04	.12626E+01
   2000.	   2000.	.16634E-04	.21154E-04	.12717E+01
