200	200	0	0.543329	0.974995	0.962012	0.728021	0.921621
200	200	50	0.548918	0.967096	0.968479	0.67877	0.92993
200	250	0	0.597788	0.98473	0.972467	0.843339	0.936438
200	250	50	0.541777	0.988343	0.974856	0.826101	0.92964
250	250	0	0.709814	0.986488	0.969107	0.810071	0.91882
250	250	50	0.643365	0.989681	0.968187	0.831415	0.935906
250	250	100	0.596398	0.991372	0.970405	0.756605	0.937878
200	300	0	0.609895	0.998951	0.984671	0.982993	0.947781
200	300	50	0.615179	0.99823	0.984552	0.976793	0.934475
250	300	0	0.719549	0.992667	0.980382	0.916958	0.941345
250	300	50	0.688963	0.993271	0.981761	0.899157	0.935806
250	300	100	0.606857	0.990886	0.980459	0.873319	0.946912
300	300	0	0.769232	0.996351	0.977243	0.879716	0.948769
300	300	50	0.765728	0.996014	0.983061	0.880951	0.943361
300	300	100	0.720014	0.99576	0.97749	0.84929	0.946528
300	300	150	0.644095	0.987932	0.980832	0.804082	0.948996
200	350	0	0.653122	1	0.990321	0.991927	0.955665
200	350	50	0.631178	0.999851	0.988068	0.992829	0.9524
250	350	0	0.73738	0.999976	0.990432	0.990512	0.945946
250	350	50	0.728313	0.999842	0.988013	0.988313	0.958315
250	350	100	0.657127	0.999566	0.989517	0.982402	0.949679
300	350	0	0.761036	0.999626	0.986348	0.932105	0.952877
300	350	50	0.781323	0.999497	0.987281	0.945613	0.953254
300	350	100	0.712768	0.999129	0.986871	0.9256	0.957118
300	350	150	0.662463	0.99495	0.986124	0.891776	0.955715
350	350	0	0.829756	0.999148	0.985283	0.927372	0.951366
350	350	50	0.838838	0.997415	0.984869	0.922903	0.94615
350	350	100	0.799736	0.996541	0.984323	0.901125	0.953575
350	350	150	0.745649	0.995212	0.980701	0.865597	0.943725
350	350	200	0.666101	0.988443	0.986858	0.826493	0.958572
200	400	0	0.700328	1	0.99321	0.997572	0.950426
200	400	50	0.687503	0.999999	0.993979	0.993106	0.94871
250	400	0	0.741355	0.999995	0.994673	0.997658	0.956215
250	400	50	0.742018	0.99969	0.994022	0.995823	0.957522
250	400	100	0.700779	0.999999	0.993804	0.997375	0.960119
300	400	0	0.772948	0.999999	0.990757	0.994256	0.954722
300	400	50	0.780891	0.999991	0.991106	0.995662	0.946421
300	400	100	0.750842	0.999858	0.99436	0.991988	0.957921
300	400	150	0.691592	0.999214	0.993463	0.987517	0.959007
350	400	0	0.828581	0.998773	0.987345	0.962216	0.953123
350	400	50	0.812752	0.998003	0.987119	0.950447	0.953042
350	400	100	0.788146	0.998238	0.989994	0.947189	0.956465
350	400	150	0.770695	0.998787	0.987586	0.937933	0.95211
350	400	200	0.689728	0.994597	0.987904	0.902779	0.949801
400	400	0	0.853059	0.99784	0.988864	0.926971	0.955606
400	400	50	0.849903	0.999229	0.984998	0.925749	0.95892
400	400	100	0.825706	0.996822	0.984023	0.924827	0.957199
400	400	150	0.79738	0.9986	0.986651	0.922635	0.959215
400	400	200	0.767302	0.996105	0.987128	0.896522	0.956505
400	400	250	0.6757	0.994012	0.988572	0.835296	0.951361
200	450	0	0.722371	1	0.993413	0.997238	0.956376
200	450	50	0.728942	0.999996	0.995853	0.994983	0.952154
250	450	0	0.768925	1	0.994897	0.999014	0.962487
250	450	50	0.752387	0.999993	0.99336	0.999536	0.958449
250	450	100	0.733156	1	0.994839	0.996773	0.964814
300	450	0	0.804491	0.999997	0.994819	0.9978	0.958575
300	450	50	0.801617	1	0.994717	0.999442	0.96878
300	450	100	0.779939	1	0.995106	0.996395	0.957945
300	450	150	0.73013	0.999999	0.995821	0.995308	0.95985
350	450	0	0.838203	0.999971	0.991933	0.997932	0.955711
350	450	50	0.838858	1	0.993498	0.996531	0.965679
350	450	100	0.802202	1	0.99293	0.995817	0.957288
350	450	150	0.776168	0.999511	0.994094	0.994687	0.957877
350	450	200	0.712894	0.999223	0.995092	0.988399	0.95873
400	450	0	0.876129	0.999155	0.991625	0.971478	0.963937
400	450	50	0.848237	0.99812	0.990015	0.964239	0.95872
400	450	100	0.84516	0.999723	0.991733	0.969013	0.961042
400	450	150	0.816724	0.998149	0.992726	0.962989	0.964536
400	450	200	0.761249	0.996656	0.991962	0.946724	0.958693
400	450	250	0.712976	0.99513	0.991219	0.90064	0.962118
450	450	0	0.883452	0.999968	0.99151	0.953147	0.965726
450	450	50	0.881724	0.999943	0.990596	0.945392	0.956177
450	450	100	0.867421	0.999175	0.991446	0.946524	0.961519
450	450	150	0.851222	0.999319	0.992296	0.930543	0.965396
450	450	200	0.825477	0.99658	0.991824	0.928145	0.964293
450	450	250	0.780127	0.996785	0.986623	0.887823	0.958679
450	450	300	0.712564	0.993156	0.991821	0.838694	0.961426
200	500	0	0.765135	1	0.994988	0.997705	0.958854
200	500	50	0.765125	1	0.994998	0.99781	0.965174
250	500	0	0.789898	1	0.995984	0.999807	0.965148
250	500	50	0.781576	1	0.996485	0.998388	0.956466
250	500	100	0.780202	1	0.99608	0.998202	0.965407
300	500	0	0.805323	1	0.996036	0.999823	0.962025
300	500	50	0.817857	1	0.996241	0.999858	0.961925
300	500	100	0.79285	0.999965	0.996185	0.99882	0.960919
300	500	150	0.761289	1	0.995181	0.997484	0.96276
350	500	0	0.841768	0.999999	0.995658	0.999285	0.96436
350	500	50	0.835403	0.999999	0.995343	0.999712	0.964694
350	500	100	0.816778	1	0.996947	0.998785	0.966277
350	500	150	0.792351	0.999667	0.995697	0.998051	0.961338
350	500	200	0.750423	0.999977	0.997337	0.997185	0.962256
400	500	0	0.854154	0.999992	0.994307	0.997945	0.960795
400	500	50	0.862215	0.999999	0.992593	0.996835	0.966506
400	500	100	0.862136	1	0.993127	0.997342	0.966033
400	500	150	0.819798	0.999934	0.994807	0.996514	0.961433
400	500	200	0.793592	0.999657	0.994873	0.994301	0.959856
400	500	250	0.737407	0.999001	0.996406	0.988831	0.964843
450	500	0	0.87171	0.999984	0.991439	0.97457	0.965151
450	500	50	0.868725	1	0.991162	0.974381	0.961717
450	500	100	0.8671	0.999666	0.993487	0.976844	0.961956
450	500	150	0.870422	0.99995	0.991439	0.973112	0.962821
450	500	200	0.827049	0.999231	0.993007	0.95861	0.963894
450	500	250	0.784214	0.999053	0.993579	0.948476	0.966357
450	500	300	0.695674	0.996098	0.993268	0.915894	0.963007
500	500	0	0.898418	0.999577	0.99139	0.964477	0.964614
500	500	50	0.903494	0.999923	0.992829	0.963687	0.962522
500	500	100	0.881508	0.999248	0.992306	0.959041	0.963983
500	500	150	0.879944	0.999627	0.991923	0.953051	0.962804
500	500	200	0.86149	0.999309	0.992447	0.945711	0.965543
500	500	250	0.838619	0.998845	0.993389	0.926802	0.960961
500	500	300	0.775188	0.99725	0.991726	0.893118	0.967468
500	500	350	0.703014	0.993127	0.992136	0.84491	0.9667
200	550	0	0.786095	1	0.995871	0.998794	0.965919
200	550	50	0.788228	0.999891	0.996577	0.997997	0.961294
250	550	0	0.804688	1	0.997459	0.998786	0.967446
250	550	50	0.823558	1	0.996634	0.998943	0.966378
250	550	100	0.796327	1	0.997244	0.999293	0.965918
300	550	0	0.841436	1	0.997277	0.999963	0.964458
300	550	50	0.841138	1	0.997559	0.999889	0.967474
300	550	100	0.819868	1	0.997317	0.999356	0.969847
300	550	150	0.804647	1	0.997149	0.999337	0.965605
350	550	0	0.856839	1	0.997215	0.999792	0.966451
350	550	50	0.869223	1	0.996935	0.99996	0.968041
350	550	100	0.842117	1	0.996631	0.999692	0.967313
350	550	150	0.818075	1	0.997662	0.99969	0.964339
350	550	200	0.78649	1	0.997269	0.996851	0.968874
400	550	0	0.876985	1	0.996262	0.999446	0.963534
400	550	50	0.869345	1	0.996429	0.999836	0.963607
400	550	100	0.863616	1	0.997149	0.999113	0.967326
400	550	150	0.840522	1	0.995875	0.999596	0.968496
400	550	200	0.81901	1	0.998175	0.99845	0.964534
400	550	250	0.764252	0.999999	0.998286	0.99793	0.963318
450	550	0	0.897543	0.999998	0.993014	0.997603	0.965525
450	550	50	0.881185	1	0.995537	0.998814	0.968113
450	550	100	0.876707	1	0.995443	0.999466	0.963626
450	550	150	0.85047	0.999828	0.995488	0.999227	0.963672
450	550	200	0.847765	1	0.995789	0.999067	0.964165
450	550	250	0.823787	0.999999	0.996769	0.995982	0.966598
450	550	300	0.730723	0.999944	0.997428	0.993924	0.965688
500	550	0	0.900792	0.999997	0.993446	0.981941	0.965958
500	550	50	0.891993	1	0.993999	0.977151	0.966227
500	550	100	0.899692	0.999912	0.994692	0.981168	0.963325
500	550	150	0.879582	0.999218	0.993278	0.97656	0.967761
500	550	200	0.870628	0.999844	0.992744	0.972635	0.962351
500	550	250	0.838217	0.998201	0.995116	0.968351	0.965903
500	550	300	0.7973	0.999873	0.994983	0.949681	0.966741
500	550	350	0.719354	0.995205	0.994953	0.916266	0.970401
550	550	0	0.911792	0.999952	0.993134	0.963899	0.964858
550	550	50	0.910736	0.999651	0.993444	0.965772	0.965294
550	550	100	0.895047	0.99893	0.992054	0.964442	0.965612
550	550	150	0.894752	0.999535	0.994211	0.958852	0.965949
550	550	200	0.881172	0.999028	0.993822	0.955761	0.965806
550	550	250	0.865813	0.998798	0.992948	0.949139	0.95906
550	550	300	0.837211	0.999605	0.993654	0.939894	0.966001
550	550	350	0.791349	0.99842	0.995094	0.907629	0.968795
550	550	400	0.721516	0.99324	0.993399	0.843189	0.967202
200	600	0	0.807639	1	0.996261	0.997518	0.968177
200	600	50	0.798914	1	0.99737	0.998197	0.968048
250	600	0	0.832677	1	0.997312	0.999523	0.962826
250	600	50	0.827663	1	0.996799	0.999581	0.967821
250	600	100	0.822436	1	0.996223	0.999603	0.966427
300	600	0	0.841883	1	0.997613	0.999298	0.967453
300	600	50	0.860887	1	0.997881	0.999229	0.962241
300	600	100	0.839277	1	0.997627	0.999495	0.967417
300	600	150	0.837466	1	0.997814	0.999561	0.966523
350	600	0	0.873094	1	0.997603	0.999985	0.968379
350	600	50	0.855638	1	0.997714	0.999067	0.967427
350	600	100	0.860262	1	0.998546	0.99939	0.964553
350	600	150	0.841162	1	0.998037	0.999842	0.966071
350	600	200	0.816887	1	0.997698	0.9997	0.970359
400	600	0	0.892152	1	0.998019	0.999937	0.966489
400	600	50	0.890868	1	0.997643	0.999955	0.971101
400	600	100	0.884896	1	0.997753	0.999912	0.967549
400	600	150	0.855805	1	0.998214	0.999223	0.963301
400	600	200	0.8404	1	0.998305	0.999437	0.967186
400	600	250	0.801709	1	0.998619	0.998677	0.970955
450	600	0	0.902278	1	0.997272	0.999178	0.966208
450	600	50	0.890839	1	0.997943	0.999478	0.975569
450	600	100	0.88488	1	0.997337	0.998578	0.96905
450	600	150	0.877861	1	0.997193	0.999729	0.967687
450	600	200	0.855339	1	0.997038	0.999078	0.962611
450	600	250	0.83118	0.999998	0.998368	0.997902	0.97096
450	600	300	0.780279	0.999997	0.998525	0.995483	0.966957
500	600	0	0.896422	0.999875	0.995882	0.996818	0.967461
500	600	50	0.902475	1	0.995795	0.994853	0.968511
500	600	100	0.901583	1	0.996086	0.998821	0.967802
500	600	150	0.884535	1	0.995554	0.998467	0.966674
500	600	200	0.879929	1	0.995262	0.998489	0.966611
500	600	250	0.844626	0.999993	0.996563	0.997361	0.969375
500	600	300	0.81043	0.999995	0.997069	0.997009	0.972876
500	600	350	0.752356	0.999748	0.998087	0.991951	0.963411
550	600	0	0.911341	0.999256	0.994949	0.984258	0.970706
550	600	50	0.915566	0.99997	0.994509	0.987205	0.965406
550	600	100	0.918332	1	0.99416	0.978291	0.966216
550	600	150	0.893127	0.999997	0.995281	0.98184	0.965363
550	600	200	0.895091	0.999975	0.995694	0.977905	0.971535
550	600	250	0.86804	1	0.99563	0.971587	0.965048
550	600	300	0.848559	0.999788	0.994496	0.96648	0.971204
550	600	350	0.811074	0.999102	0.995939	0.949051	0.969727
550	600	400	0.719675	0.997247	0.99573	0.918948	0.969132
600	600	0	0.926464	0.999854	0.994493	0.975352	0.969185
600	600	50	0.922924	0.999854	0.994437	0.973438	0.970197
600	600	100	0.930147	0.999857	0.994626	0.973438	0.968573
600	600	150	0.917982	0.999314	0.99466	0.9718	0.973765
600	600	200	0.914152	0.999745	0.995841	0.966299	0.967215
600	600	250	0.893861	0.999936	0.994785	0.96021	0.968931
600	600	300	0.876159	0.999726	0.993214	0.948538	0.964059
600	600	350	0.852296	0.998503	0.993415	0.925388	0.962014
600	600	400	0.799076	0.998709	0.994904	0.90132	0.969541
600	600	450	0.697045	0.995489	0.99575	0.850013	0.965473
200	650	0	0.826662	1	0.996736	0.999379	0.967657
200	650	50	0.829973	1	0.996907	0.999575	0.969584
250	650	0	0.845558	1	0.997709	0.999588	0.971801
250	650	50	0.854218	1	0.997541	0.999403	0.971111
250	650	100	0.83879	1	0.997833	0.999864	0.967657
300	650	0	0.864027	1	0.998024	0.999489	0.964715
300	650	50	0.838998	1	0.997931	0.999593	0.971999
300	650	100	0.85793	0.999957	0.997756	0.999692	0.966184
300	650	150	0.851686	1	0.998371	0.999013	0.96904
350	650	0	0.883968	1	0.998637	0.999802	0.968921
350	650	50	0.878568	1	0.998443	0.999904	0.970648
350	650	100	0.868687	1	0.998001	0.999958	0.970143
350	650	150	0.866117	1	0.998007	0.999999	0.972191
350	650	200	0.850374	1	0.998115	0.998999	0.966553
400	650	0	0.894201	1	0.998482	0.999952	0.969985
400	650	50	0.891086	1	0.998729	0.999569	0.970655
400	650	100	0.886503	1	0.997923	0.99904	0.965389
400	650	150	0.874747	1	0.998388	0.999999	0.965568
400	650	200	0.867659	1	0.998486	0.999612	0.973307
400	650	250	0.84544	1	0.99853	0.998959	0.968158
450	650	0	0.90559	1	0.997971	0.99999	0.973081
450	650	50	0.894928	1	0.998108	0.999975	0.972934
450	650	100	0.890001	1	0.998161	0.999944	0.97361
450	650	150	0.886429	1	0.998203	0.999959	0.969155
450	650	200	0.860892	1	0.998322	0.999389	0.970451
450	650	250	0.852784	1	0.998655	0.999772	0.967209
450	650	300	0.823537	0.999996	0.99879	0.99959	0.972614
500	650	0	0.908984	1	0.997966	0.999957	0.971782
500	650	50	0.916626	1	0.997037	0.999657	0.970478
500	650	100	0.903493	1	0.997319	0.999976	0.969732
500	650	150	0.898564	1	0.997571	0.999976	0.96816
500	650	200	0.885564	1	0.997767	0.999666	0.973524
500	650	250	0.851208	0.999806	0.998396	0.999181	0.974753
500	650	300	0.841867	1	0.998375	0.999304	0.974884
500	650	350	0.799776	0.999996	0.998809	0.998385	0.964034
550	650	0	0.916375	1	0.996394	0.997738	0.970771
550	650	50	0.910617	1	0.996853	0.99899	0.967273
550	650	100	0.913559	1	0.996197	0.99834	0.969821
550	650	150	0.913709	1	0.996902	0.999801	0.973919
550	650	200	0.902908	0.999977	0.996449	0.999617	0.973089
550	650	250	0.883131	1	0.996904	0.998851	0.971987
550	650	300	0.857583	1	0.997109	0.99927	0.968573
550	650	350	0.826782	0.999897	0.997464	0.995546	0.966989
550	650	400	0.754684	0.999701	0.99839	0.995926	0.973712
600	650	0	0.925925	0.99955	0.994354	0.990166	0.968079
600	650	50	0.922326	1	0.996364	0.98409	0.970865
600	650	100	0.918003	0.999977	0.994837	0.989331	0.973912
600	650	150	0.91542	0.999999	0.995012	0.989772	0.96979
600	650	200	0.908073	0.999986	0.994613	0.979726	0.970338
600	650	250	0.904625	0.999958	0.996174	0.982013	0.971071
600	650	300	0.871543	0.999613	0.996958	0.975193	0.968165
600	650	350	0.847597	0.999907	0.995762	0.976219	0.970839
600	650	400	0.80839	0.999701	0.996219	0.960463	0.96906
600	650	450	0.718569	0.996326	0.996579	0.926093	0.967739
650	650	0	0.938191	1	0.995774	0.978949	0.971192
650	650	50	0.937283	1	0.996013	0.975069	0.9709
650	650	100	0.926971	0.999999	0.99447	0.968641	0.968397
650	650	150	0.926712	0.99969	0.995222	0.971163	0.968668
650	650	200	0.919134	0.999283	0.993916	0.970852	0.966391
650	650	250	0.915763	0.99991	0.995739	0.964265	0.968926
650	650	300	0.906626	0.999528	0.994595	0.962921	0.965745
650	650	350	0.884013	0.999149	0.996133	0.947515	0.966337
650	650	400	0.841091	0.999064	0.995622	0.936411	0.970286
650	650	450	0.81769	0.997885	0.995342	0.91466	0.96947
650	650	500	0.731143	0.994118	0.994461	0.846986	0.967979
200	700	0	0.843185	1	0.997457	0.999454	0.970659
200	700	50	0.849222	1	0.998299	0.999552	0.968078
250	700	0	0.849592	1	0.998342	0.999451	0.968456
250	700	50	0.846367	1	0.998082	0.999858	0.971724
250	700	100	0.861078	1	0.997891	0.999793	0.973304
300	700	0	0.87935	1	0.998617	0.999402	0.966852
300	700	50	0.877362	1	0.998287	0.999999	0.972623
300	700	100	0.871954	1	0.998721	0.999422	0.969442
300	700	150	0.873629	1	0.998331	0.998603	0.969982
350	700	0	0.886003	1	0.998633	0.999999	0.966197
350	700	50	0.886849	1	0.998529	0.999876	0.969139
350	700	100	0.883328	1	0.998715	0.999806	0.969122
350	700	150	0.87639	1	0.997628	0.999781	0.968923
350	700	200	0.868408	0.999993	0.998055	0.99927	0.970435
400	700	0	0.898547	1	0.99888	1	0.969054
400	700	50	0.899248	1	0.998986	0.999988	0.971986
400	700	100	0.895253	1	0.99922	0.999999	0.972645
400	700	150	0.880202	1	0.99893	0.999995	0.968951
400	700	200	0.87526	1	0.998905	0.999944	0.968207
400	700	250	0.866065	1	0.998415	0.999172	0.972361
450	700	0	0.902779	1	0.998776	0.999158	0.96703
450	700	50	0.905818	1	0.998713	0.999878	0.968285
450	700	100	0.908996	1	0.998785	0.999679	0.972636
450	700	150	0.889671	1	0.999119	0.999851	0.968095
450	700	200	0.882174	1	0.998629	0.999998	0.973119
450	700	250	0.8606	1	0.999141	0.999612	0.975503
450	700	300	0.851742	1	0.998494	0.999118	0.970447
500	700	0	0.921743	1	0.998099	0.999732	0.969127
500	700	50	0.911745	1	0.998162	0.999998	0.972341
500	700	100	0.905769	1	0.998172	0.999987	0.970453
500	700	150	0.901499	1	0.998826	0.999543	0.974196
500	700	200	0.888516	1	0.998425	0.999936	0.971821
500	700	250	0.885181	0.999946	0.998813	0.999845	0.968454
500	700	300	0.8535	1	0.99923	0.999971	0.969601
500	700	350	0.818889	1	0.999244	0.999344	0.973001
550	700	0	0.923465	1	0.997775	0.999591	0.972761
550	700	50	0.92003	1	0.997897	0.999607	0.974626
550	700	100	0.917346	0.999995	0.998316	0.99999	0.973782
550	700	150	0.920614	1	0.998132	0.999969	0.973791
550	700	200	0.907009	1	0.997846	0.999691	0.970153
550	700	250	0.898273	1	0.998388	0.999936	0.969589
550	700	300	0.865831	1	0.998689	0.999302	0.971786
550	700	350	0.83964	0.999998	0.998854	0.999598	0.974168
550	700	400	0.805663	0.999996	0.998826	0.997693	0.972845
600	700	0	0.927313	1	0.995687	0.998788	0.970208
600	700	50	0.927623	1	0.996636	0.999784	0.970595
600	700	100	0.923976	0.999999	0.996488	0.999496	0.971403
600	700	150	0.924515	1	0.997432	0.998734	0.972333
600	700	200	0.916677	0.999997	0.995948	0.999356	0.970562
600	700	250	0.908879	1	0.995971	0.999627	0.973237
600	700	300	0.881311	0.999703	0.997698	0.99818	0.971606
600	700	350	0.87691	1	0.997645	0.997613	0.971474
600	700	400	0.835745	0.999945	0.998026	0.996944	0.976483
600	700	450	0.75722	0.999585	0.998912	0.99345	0.971786
650	700	0	0.932867	1	0.996564	0.986885	0.970658
650	700	50	0.930705	1	0.994984	0.984097	0.971078
650	700	100	0.933361	0.999968	0.99619	0.986702	0.969711
650	700	150	0.924624	1	0.996602	0.984201	0.969873
650	700	200	0.920944	0.999446	0.996081	0.982442	0.970207
650	700	250	0.915481	1	0.996811	0.982481	0.97238
650	700	300	0.906656	0.999787	0.996161	0.984202	0.971676
650	700	350	0.882676	0.99989	0.995439	0.983098	0.970047
650	700	400	0.859523	0.998644	0.996737	0.966621	0.967577
650	700	450	0.806149	0.999614	0.995915	0.960385	0.971456
650	700	500	0.71196	0.997856	0.99649	0.932849	0.972819
700	700	0	0.941923	0.999993	0.996476	0.979772	0.97253
700	700	50	0.939353	0.99965	0.996902	0.979328	0.97076
700	700	100	0.933886	0.99947	0.996247	0.97996	0.971531
700	700	150	0.933695	0.999847	0.997089	0.979941	0.970663
700	700	200	0.930067	0.998894	0.995095	0.97179	0.966771
700	700	250	0.925777	0.999997	0.996753	0.973561	0.976324
700	700	300	0.913312	0.999929	0.996464	0.971762	0.973453
700	700	350	0.902927	0.999422	0.996706	0.969992	0.975739
700	700	400	0.890466	0.999933	0.995836	0.951468	0.967539
700	700	450	0.855437	0.999013	0.996235	0.940763	0.970569
700	700	500	0.816168	0.998217	0.996639	0.911731	0.968496
700	700	550	0.711035	0.994089	0.996304	0.865799	0.974019
200	750	0	0.849675	1	0.998177	0.999949	0.975542
200	750	50	0.873838	1	0.998047	0.999843	0.973523
250	750	0	0.863204	1	0.998157	0.999712	0.973184
250	750	50	0.871044	1	0.99865	0.999921	0.972954
250	750	100	0.879481	1	0.998126	0.99866	0.969439
300	750	0	0.876122	1	0.998831	0.999986	0.974373
300	750	50	0.8804	1	0.9983	0.999904	0.971052
300	750	100	0.878492	1	0.998305	0.999818	0.967777
300	750	150	0.895135	1	0.99807	0.999871	0.966981
350	750	0	0.893487	1	0.99873	0.99984	0.975945
350	750	50	0.887033	1	0.998964	0.999949	0.976436
350	750	100	0.893371	1	0.998938	0.999992	0.970089
350	750	150	0.881683	1	0.998591	0.999766	0.970102
350	750	200	0.892514	1	0.998497	0.999799	0.969551
400	750	0	0.901859	1	0.998883	0.999886	0.972218
400	750	50	0.903066	1	0.998835	0.999885	0.968973
400	750	100	0.905009	1	0.999082	0.999999	0.973173
400	750	150	0.886759	1	0.999258	0.999814	0.97448
400	750	200	0.885783	1	0.998436	0.999793	0.974941
400	750	250	0.882218	1	0.998737	0.999816	0.965897
450	750	0	0.917365	1	0.999169	0.999939	0.975708
450	750	50	0.920989	1	0.999335	0.999981	0.97489
450	750	100	0.911344	1	0.999105	0.999991	0.974603
450	750	150	0.905094	1	0.999162	0.999995	0.972908
450	750	200	0.894027	1	0.999396	0.999991	0.973074
450	750	250	0.882095	1	0.998894	0.999944	0.970485
450	750	300	0.874311	1	0.99813	0.999402	0.973197
500	750	0	0.92087	1	0.998768	0.999996	0.96928
500	750	50	0.922967	1	0.999027	1	0.971476
500	750	100	0.914411	1	0.99885	0.999861	0.968231
500	750	150	0.906269	1	0.99908	0.999992	0.97359
500	750	200	0.906941	1	0.999306	0.999985	0.972013
500	750	250	0.896187	1	0.999097	0.999401	0.973468
500	750	300	0.87381	1	0.998929	0.999996	0.971532
500	750	350	0.857575	0.999999	0.998977	0.999139	0.977548
550	750	0	0.925216	1	0.998814	0.999974	0.969667
550	750	50	0.922917	1	0.99833	0.999984	0.976467
550	750	100	0.926179	1	0.998946	0.999979	0.973618
550	750	150	0.921528	1	0.999018	0.999957	0.975172
550	750	200	0.903346	1	0.998646	0.99999	0.973733
550	750	250	0.904494	1	0.999218	0.999985	0.97412
550	750	300	0.881569	1	0.99933	0.999577	0.97292
550	750	350	0.872917	1	0.999142	0.999737	0.969496
550	750	400	0.829361	0.999999	0.99942	0.999339	0.969301
600	750	0	0.939648	1	0.997568	0.999959	0.971945
600	750	50	0.937115	1	0.997741	0.999998	0.97356
600	750	100	0.925722	1	0.998099	0.999931	0.970936
600	750	150	0.925626	1	0.998149	0.999473	0.967801
600	750	200	0.927959	1	0.998465	0.999999	0.970688
600	750	250	0.900968	1	0.998417	0.999988	0.970836
600	750	300	0.897035	1	0.998844	0.999882	0.971149
600	750	350	0.880355	1	0.999135	0.999791	0.971594
600	750	400	0.848305	0.999946	0.999099	0.99932	0.969431
600	750	450	0.794588	0.999923	0.999546	0.998866	0.975488
650	750	0	0.945226	1	0.997635	0.999098	0.972414
650	750	50	0.932925	0.999937	0.997967	0.999727	0.976194
650	750	100	0.93338	1	0.997356	0.999654	0.976063
650	750	150	0.927574	1	0.997945	0.99959	0.97479
650	750	200	0.923652	1	0.997287	0.999589	0.971766
650	750	250	0.920369	0.999929	0.997361	0.998975	0.973727
650	750	300	0.906158	1	0.99805	0.998869	0.973825
650	750	350	0.901066	1	0.998429	0.998036	0.971712
650	750	400	0.868192	1	0.998004	0.999272	0.9756
650	750	450	0.830759	1	0.998585	0.996395	0.972695
650	750	500	0.754346	0.99962	0.999008	0.993473	0.974475
700	750	0	0.942377	1	0.997468	0.989457	0.972923
700	750	50	0.941924	0.999949	0.996453	0.991773	0.973338
700	750	100	0.942687	1	0.995737	0.985272	0.969398
700	750	150	0.939733	1	0.996828	0.990961	0.973484
700	750	200	0.926932	0.99949	0.995934	0.987039	0.965365
700	750	250	0.919611	0.999975	0.996161	0.988409	0.972489
700	750	300	0.922573	1	0.997621	0.987764	0.974317
700	750	350	0.916322	0.999994	0.996153	0.981685	0.968618
700	750	400	0.891018	0.999909	0.997772	0.98311	0.975387
700	750	450	0.865466	0.999288	0.996116	0.966636	0.971165
700	750	500	0.820994	0.998886	0.99763	0.955041	0.970411
700	750	550	0.729637	0.997501	0.997997	0.926534	0.970673
750	750	0	0.950471	0.999998	0.997165	0.981129	0.975007
750	750	50	0.950055	0.999943	0.996815	0.981379	0.971719
750	750	100	0.943881	0.999967	0.997217	0.983585	0.97022
750	750	150	0.947195	0.99999	0.997138	0.981027	0.972275
750	750	200	0.933471	0.99988	0.997099	0.976629	0.970443
750	750	250	0.936251	0.999927	0.996881	0.977112	0.976622
750	750	300	0.92866	0.999991	0.996725	0.9753	0.971717
750	750	350	0.918425	0.999453	0.996913	0.968024	0.972085
750	750	400	0.909381	0.999564	0.99717	0.966734	0.972924
750	750	450	0.896514	0.999656	0.996672	0.955378	0.971712
750	750	500	0.855225	0.999527	0.997491	0.943854	0.973307
750	750	550	0.803664	0.998403	0.996442	0.917583	0.971454
750	750	600	0.730394	0.996433	0.996508	0.860628	0.973149
200	800	0	0.859612	1	0.998783	0.999372	0.972955
200	800	50	0.872264	1	0.998551	0.99977	0.975169
250	800	0	0.869707	1	0.998841	0.999563	0.968559
250	800	50	0.882646	1	0.998386	0.999687	0.973734
250	800	100	0.892135	1	0.998046	0.999915	0.972558
300	800	0	0.893734	1	0.998731	0.999725	0.974135
300	800	50	0.891454	1	0.99883	0.999994	0.972033
300	800	100	0.896535	1	0.998154	0.999997	0.973482
300	800	150	0.902876	1	0.998793	0.9999	0.976312
350	800	0	0.899168	1	0.998743	0.999328	0.976599
350	800	50	0.903942	1	0.998699	0.999991	0.972564
350	800	100	0.894642	1	0.998747	0.999973	0.973526
350	800	150	0.896457	1	0.998919	0.99987	0.9701
350	800	200	0.906831	1	0.998371	0.999997	0.97545
400	800	0	0.907529	1	0.999178	0.999991	0.970184
400	800	50	0.911996	1	0.999053	0.999972	0.97381
400	800	100	0.909935	1	0.999085	0.999999	0.973885
400	800	150	0.903808	0.999996	0.999178	0.999996	0.971657
400	800	200	0.903297	1	0.998845	0.99969	0.97315
400	800	250	0.904408	1	0.998891	0.999438	0.97597
450	800	0	0.921106	1	0.999109	0.999827	0.971594
450	800	50	0.916405	1	0.999024	0.999999	0.9776
450	800	100	0.918366	1	0.999076	1	0.970849
450	800	150	0.913414	1	0.999461	0.999997	0.974872
450	800	200	0.90154	1	0.999101	1	0.972426
450	800	250	0.907526	1	0.99927	1	0.969501
450	800	300	0.899279	1	0.998921	0.998793	0.975556
500	800	0	0.927724	1	0.999411	0.999999	0.973058
500	800	50	0.934267	1	0.999187	0.999994	0.973794
500	800	100	0.927714	1	0.999441	0.999994	0.971109
500	800	150	0.921499	1	0.999014	0.999675	0.974213
500	800	200	0.910576	1	0.999219	0.999995	0.97376
500	800	250	0.899364	1	0.999195	0.999886	0.970816
500	800	300	0.897109	1	0.999513	0.9998	0.968594
500	800	350	0.879353	1	0.999135	0.999014	0.973496
550	800	0	0.935024	1	0.99906	1	0.976393
550	800	50	0.932239	1	0.998944	0.999985	0.977494
550	800	100	0.931555	1	0.99883	1	0.973568
550	800	150	0.933636	1	0.999197	0.999889	0.974789
550	800	200	0.917584	1	0.999159	0.999996	0.975528
550	800	250	0.905934	1	0.999352	0.999927	0.974449
550	800	300	0.900945	1	0.999532	0.999995	0.976022
550	800	350	0.881035	0.999992	0.999279	0.999876	0.974022
550	800	400	0.869004	1	0.999192	0.999811	0.972726
600	800	0	0.936396	1	0.999123	1	0.975993
600	800	50	0.936351	1	0.998392	1	0.974044
600	800	100	0.93755	1	0.998631	1	0.972722
600	800	150	0.936899	1	0.998234	0.999876	0.974099
600	800	200	0.923092	1	0.999134	0.999998	0.976012
600	800	250	0.92071	1	0.998809	0.999419	0.973121
600	800	300	0.903799	1	0.999277	0.999981	0.969435
600	800	350	0.894674	1	0.999324	0.999911	0.971603
600	800	400	0.86299	1	0.999369	0.999596	0.973765
600	800	450	0.84305	0.999998	0.999608	0.999299	0.969786
650	800	0	0.931599	1	0.997736	0.999863	0.973367
650	800	50	0.940984	1	0.998664	0.999116	0.973967
650	800	100	0.937262	1	0.998217	0.999085	0.973412
650	800	150	0.93406	1	0.99832	0.999829	0.975615
650	800	200	0.920453	1	0.998078	0.99995	0.971663
650	800	250	0.918333	1	0.998591	0.9998	0.970735
650	800	300	0.911492	1	0.998258	0.999488	0.972209
650	800	350	0.90671	1	0.998632	0.999762	0.973893
650	800	400	0.884224	1	0.999283	0.999197	0.974404
650	800	450	0.851089	0.999999	0.999539	0.998972	0.972087
650	800	500	0.819531	1	0.999666	0.997842	0.974187
700	800	0	0.940296	1	0.99761	0.999355	0.974254
700	800	50	0.948716	1	0.997763	0.999428	0.972383
700	800	100	0.936473	1	0.997278	0.998411	0.972699
700	800	150	0.941459	1	0.997746	0.999536	0.974678
700	800	200	0.939614	1	0.996743	0.999723	0.969823
700	800	250	0.933647	1	0.998212	0.999216	0.979362
700	800	300	0.922021	1	0.997041	0.997204	0.972833
700	800	350	0.914412	0.999999	0.998202	0.998913	0.971488
700	800	400	0.892885	0.999989	0.998027	0.998472	0.973421
700	800	450	0.878481	0.999985	0.998699	0.997741	0.972041
700	800	500	0.84394	0.999994	0.99894	0.997525	0.975094
700	800	550	0.781815	0.999707	0.999394	0.994926	0.972223
750	800	0	0.944516	0.999957	0.997006	0.9888	0.97457
750	800	50	0.944459	1	0.996876	0.993691	0.974157
750	800	100	0.944647	0.999893	0.997767	0.991746	0.971697
750	800	150	0.943813	1	0.997895	0.992307	0.975943
750	800	200	0.948676	1	0.997913	0.990637	0.977833
750	800	250	0.944678	0.999982	0.996995	0.989503	0.972662
750	800	300	0.925944	0.999994	0.997451	0.984329	0.972191
750	800	350	0.925419	1	0.997185	0.984284	0.971977
750	800	400	0.905686	1	0.998023	0.98377	0.977049
750	800	450	0.895011	0.999943	0.997804	0.981029	0.974525
750	800	500	0.865981	0.99932	0.997622	0.97502	0.972743
750	800	550	0.813972	0.999652	0.99721	0.958164	0.972989
750	800	600	0.740061	0.99797	0.998254	0.926277	0.975038
800	800	0	0.954332	0.999998	0.996893	0.981754	0.970734
800	800	50	0.947422	0.999972	0.996866	0.984787	0.973771
800	800	100	0.95125	0.999992	0.996044	0.985306	0.974154
800	800	150	0.945198	0.999967	0.996734	0.984973	0.975296
800	800	200	0.943197	1	0.996796	0.983683	0.977054
800	800	250	0.942041	0.999938	0.997981	0.980738	0.976972
800	800	300	0.937966	0.999997	0.997308	0.982046	0.974807
800	800	350	0.927175	0.999768	0.997831	0.976952	0.976409
800	800	400	0.927084	0.99996	0.996944	0.971222	0.979769
800	800	450	0.907528	0.999881	0.997047	0.970303	0.976567
800	800	500	0.905038	0.999866	0.996436	0.955874	0.97032
800	800	550	0.870485	0.999355	0.996676	0.939733	0.97019
800	800	600	0.821638	0.998348	0.997413	0.909058	0.974629
800	800	650	0.724481	0.995702	0.997618	0.863204	0.973686
200	850	0	0.881664	1	0.998972	0.99999	0.97472
200	850	50	0.887787	1	0.998462	0.999719	0.973772
250	850	0	0.88161	1	0.999067	0.999947	0.972533
250	850	50	0.886013	1	0.998484	0.999559	0.974907
250	850	100	0.904221	1	0.998947	0.999973	0.974855
300	850	0	0.906659	1	0.99907	0.999714	0.976669
300	850	50	0.897535	1	0.999063	1	0.976715
300	850	100	0.899635	1	0.998365	0.999934	0.974321
300	850	150	0.919562	1	0.999155	0.999198	0.973771
350	850	0	0.910874	1	0.99905	0.999935	0.978235
350	850	50	0.909991	1	0.99905	0.99999	0.975382
350	850	100	0.907879	1	0.998986	1	0.975665
350	850	150	0.906757	1	0.99892	0.999908	0.973475
350	850	200	0.916543	1	0.998763	0.999756	0.974114
400	850	0	0.920126	1	0.999013	0.999907	0.972287
400	850	50	0.918304	1	0.999207	0.999996	0.973999
400	850	100	0.919586	1	0.99924	0.999981	0.973414
400	850	150	0.906127	1	0.999007	0.999837	0.971391
400	850	200	0.912255	1	0.999186	0.999958	0.975188
400	850	250	0.916625	1	0.998669	0.999993	0.973937
450	850	0	0.925829	1	0.999565	0.999988	0.974849
450	850	50	0.924223	0.999964	0.999398	0.999948	0.974007
450	850	100	0.923373	1	0.999396	0.99999	0.97131
450	850	150	0.921762	1	0.999428	1	0.970352
450	850	200	0.912658	0.999997	0.998965	0.999982	0.97854
450	850	250	0.910293	1	0.999047	0.999799	0.975592
450	850	300	0.918256	1	0.999105	0.999431	0.974083
500	850	0	0.936848	1	0.999423	0.999961	0.97289
500	850	50	0.936891	1	0.999343	0.999998	0.976487
500	850	100	0.929085	1	0.999389	1	0.975589
500	850	150	0.923389	1	0.999545	1	0.975269
500	850	200	0.921675	1	0.999431	0.999999	0.975617
500	850	250	0.914365	1	0.999411	0.999999	0.973264
500	850	300	0.906278	1	0.999478	0.999456	0.97062
500	850	350	0.904212	1	0.998921	0.999139	0.972333
550	850	0	0.936386	1	0.999662	1	0.974534
550	850	50	0.933247	1	0.999438	0.999984	0.977386
550	850	100	0.937097	1	0.999596	0.999987	0.976089
550	850	150	0.91954	1	0.999466	0.999999	0.974256
550	850	200	0.925892	1	0.999609	0.999847	0.976021
550	850	250	0.921809	1	0.999463	1	0.975739
550	850	300	0.908453	1	0.999638	0.999822	0.973736
550	850	350	0.901723	1	0.999474	0.999944	0.971564
550	850	400	0.890016	1	0.998759	0.999819	0.974733
600	850	0	0.942587	1	0.999155	0.999881	0.976499
600	850	50	0.933404	1	0.999188	1	0.974825
600	850	100	0.941626	1	0.999487	0.999999	0.972619
600	850	150	0.931677	1	0.99948	1	0.977003
600	850	200	0.932643	1	0.999469	0.999953	0.975042
600	850	250	0.918512	1	0.999503	0.999942	0.975479
600	850	300	0.917565	1	0.999457	0.999999	0.974671
600	850	350	0.906067	1	0.999663	0.999964	0.976465
600	850	400	0.887366	1	0.999642	0.999764	0.972814
600	850	450	0.876953	1	0.999489	0.999581	0.976775
650	850	0	0.93979	1	0.998728	0.999951	0.975565
650	850	50	0.940355	1	0.998496	0.999988	0.975483
650	850	100	0.940871	1	0.998525	0.999972	0.973162
650	850	150	0.944711	1	0.998999	0.999997	0.973909
650	850	200	0.937747	1	0.998743	0.999989	0.97505
650	850	250	0.931645	1	0.999085	0.999999	0.974566
650	850	300	0.919862	1	0.999262	0.999872	0.977323
650	850	350	0.915857	1	0.999269	0.999638	0.974468
650	850	400	0.899958	1	0.999632	0.999987	0.974688
650	850	450	0.872362	1	0.999623	0.999726	0.97682
650	850	500	0.849023	1	0.999579	0.99923	0.97474
700	850	0	0.945865	1	0.99859	0.999994	0.977047
700	850	50	0.943885	1	0.998611	0.999989	0.976457
700	850	100	0.941469	1	0.998565	0.999737	0.971262
700	850	150	0.937785	1	0.998713	0.999954	0.979028
700	850	200	0.936848	1	0.998735	0.999627	0.972382
700	850	250	0.937357	1	0.998911	0.999991	0.977903
700	850	300	0.932052	1	0.998599	0.999919	0.971711
700	850	350	0.918299	1	0.999009	0.999693	0.975057
700	850	400	0.903155	1	0.999288	0.999727	0.976248
700	850	450	0.878795	1	0.999182	0.99982	0.969539
700	850	500	0.858926	1	0.999596	0.999097	0.975183
700	850	550	0.815893	0.999998	0.999729	0.998198	0.973655
750	850	0	0.950321	1	0.998203	0.999783	0.978878
750	850	50	0.947141	1	0.998075	0.99953	0.97634
750	850	100	0.944648	1	0.998271	0.999159	0.97768
750	850	150	0.941873	1	0.997657	0.998974	0.972453
750	850	200	0.941016	1	0.998021	0.999114	0.972325
750	850	250	0.937533	1	0.998235	0.999035	0.975161
750	850	300	0.938575	1	0.998104	0.998857	0.975076
750	850	350	0.932803	1	0.998267	0.997914	0.973491
750	850	400	0.916498	1	0.998318	0.998577	0.978281
750	850	450	0.902303	1	0.998552	0.999372	0.976349
750	850	500	0.875239	1	0.99865	0.998729	0.975711
750	850	550	0.838296	0.999991	0.998889	0.997015	0.973689
750	850	600	0.771076	0.999965	0.999309	0.993981	0.971961
800	850	0	0.951318	1	0.997151	0.993018	0.977162
800	850	50	0.953453	1	0.996947	0.992705	0.974675
800	850	100	0.954959	1	0.997808	0.991076	0.97311
800	850	150	0.949457	1	0.997448	0.99316	0.975334
800	850	200	0.943996	0.999998	0.997044	0.991909	0.976328
800	850	250	0.942244	1	0.996763	0.992603	0.973741
800	850	300	0.940045	0.999776	0.996606	0.987703	0.97194
800	850	350	0.937802	1	0.997304	0.98874	0.97787
800	850	400	0.924879	0.999995	0.997612	0.987831	0.975093
800	850	450	0.918406	0.999927	0.996949	0.985271	0.976477
800	850	500	0.893176	0.99955	0.997367	0.979778	0.976855
800	850	550	0.866341	0.99964	0.998159	0.970866	0.974939
800	850	600	0.831489	0.999509	0.998099	0.962298	0.975412
800	850	650	0.731951	0.997756	0.997893	0.930234	0.97265
850	850	0	0.962451	0.99997	0.997482	0.986239	0.974729
850	850	50	0.953705	0.999926	0.998228	0.990212	0.975486
850	850	100	0.95942	0.999935	0.997463	0.987285	0.971871
850	850	150	0.952852	0.999996	0.99824	0.985337	0.973621
850	850	200	0.953835	0.999929	0.997331	0.984767	0.976723
850	850	250	0.945589	1	0.997579	0.983834	0.975276
850	850	300	0.946038	0.999532	0.998054	0.983418	0.973964
850	850	350	0.938218	0.999708	0.996308	0.982293	0.975368
850	850	400	0.935378	0.999998	0.997548	0.973108	0.974625
850	850	450	0.923645	0.999716	0.997774	0.969966	0.97203
850	850	500	0.911743	0.999556	0.997549	0.971568	0.976516
850	850	550	0.895215	0.999778	0.998332	0.958884	0.974142
850	850	600	0.867224	0.999397	0.997146	0.950115	0.972325
850	850	650	0.812041	0.998466	0.997518	0.919858	0.973413
850	850	700	0.720468	0.994489	0.997951	0.86546	0.97113
200	900	0	0.887099	1	0.998803	0.999471	0.978766
200	900	50	0.904483	1	0.998637	0.999484	0.973598
250	900	0	0.895016	1	0.999212	0.999813	0.975944
250	900	50	0.901277	1	0.998933	0.999985	0.975412
250	900	100	0.911901	1	0.99891	0.999122	0.974354
300	900	0	0.908844	1	0.999355	0.999728	0.977643
300	900	50	0.906864	1	0.998944	0.999954	0.974161
300	900	100	0.904141	1	0.998978	0.999918	0.97552
300	900	150	0.924975	1	0.999076	0.999485	0.973719
350	900	0	0.924347	1	0.999234	0.999993	0.977775
350	900	50	0.91651	1	0.99946	1	0.974517
350	900	100	0.910117	1	0.999033	1	0.974876
350	900	150	0.9141	1	0.998992	0.999623	0.974618
350	900	200	0.927722	1	0.998632	0.999882	0.975798
400	900	0	0.91849	1	0.999486	1	0.973716
400	900	50	0.924169	1	0.999338	1	0.972949
400	900	100	0.921491	1	0.9991	0.999989	0.975354
400	900	150	0.911879	1	0.999091	0.999943	0.976443
400	900	200	0.918714	1	0.999229	1	0.974022
400	900	250	0.931942	1	0.999253	0.999166	0.97158
450	900	0	0.931027	1	0.999334	0.999998	0.975464
450	900	50	0.930046	1	0.999504	1	0.974347
450	900	100	0.931788	1	0.999666	0.999999	0.97694
450	900	150	0.924149	1	0.999316	0.999956	0.973885
450	900	200	0.920085	1	0.999363	1	0.975374
450	900	250	0.927367	1	0.99906	0.999985	0.973736
450	900	300	0.926022	1	0.999021	0.999909	0.9729
500	900	0	0.936483	1	0.99938	1	0.977092
500	900	50	0.932948	1	0.999557	0.999903	0.979864
500	900	100	0.92654	1	0.99953	1	0.976303
500	900	150	0.924026	1	0.999545	1	0.976071
500	900	200	0.928947	1	0.999519	1	0.977425
500	900	250	0.922801	1	0.999008	0.999918	0.974503
500	900	300	0.910272	1	0.999527	0.999986	0.978225
500	900	350	0.918986	1	0.998973	0.999911	0.974095
550	900	0	0.935551	1	0.999596	1	0.972948
550	900	50	0.93449	1	0.999503	1	0.974695
550	900	100	0.93367	1	0.999681	0.999987	0.974342
550	900	150	0.934477	1	0.999498	1	0.976045
550	900	200	0.933002	1	0.999686	1	0.976587
550	900	250	0.933064	1	0.999673	0.999948	0.976512
550	900	300	0.913514	1	0.999551	0.999928	0.976278
550	900	350	0.906319	1	0.999384	0.999958	0.975003
550	900	400	0.896991	1	0.999063	0.99938	0.976173
600	900	0	0.94595	1	0.999605	1	0.975817
600	900	50	0.94624	1	0.999334	1	0.975436
600	900	100	0.938869	1	0.999292	0.99995	0.976529
600	900	150	0.93882	1	0.999359	1	0.97475
600	900	200	0.938921	1	0.999646	0.999998	0.97521
600	900	250	0.926804	1	0.999523	0.999926	0.975663
600	900	300	0.919755	1	0.999699	1	0.975338
600	900	350	0.912309	1	0.999831	0.999753	0.972241
600	900	400	0.901437	1	0.999625	0.999998	0.977224
600	900	450	0.899425	1	0.999302	0.999705	0.977574
650	900	0	0.950068	1	0.999285	1	0.978563
650	900	50	0.945521	1	0.999046	1	0.975911
650	900	100	0.947901	1	0.999169	0.999998	0.977083
650	900	150	0.943587	1	0.999604	0.999999	0.973843
650	900	200	0.946059	1	0.999534	1	0.977178
650	900	250	0.931333	1	0.999476	1	0.97439
650	900	300	0.92944	1	0.999586	0.999997	0.974931
650	900	350	0.919124	1	0.999681	0.999997	0.974878
650	900	400	0.906116	1	0.999729	0.999914	0.972024
650	900	450	0.887643	1	0.999729	0.999659	0.976892
650	900	500	0.880709	1	0.999557	0.999441	0.973264
700	900	0	0.949344	1	0.998927	0.999994	0.974539
700	900	50	0.945208	1	0.999097	0.999999	0.974038
700	900	100	0.946299	1	0.998903	0.999999	0.97529
700	900	150	0.944419	1	0.999208	0.999985	0.976846
700	900	200	0.94204	1	0.999052	0.999992	0.971506
700	900	250	0.943745	1	0.999056	0.999736	0.970389
700	900	300	0.9308	1	0.999243	0.999977	0.978442
700	900	350	0.928693	1	0.999535	0.999921	0.973503
700	900	400	0.917079	1	0.999484	0.999864	0.974936
700	900	450	0.900892	1	0.999593	0.999903	0.976496
700	900	500	0.869541	0.999933	0.999698	0.999848	0.980594
700	900	550	0.847335	1	0.999773	0.999837	0.972952
750	900	0	0.955708	1	0.998683	0.999789	0.975564
750	900	50	0.952462	1	0.998913	1	0.976071
750	900	100	0.954469	1	0.998793	0.999818	0.977574
750	900	150	0.951996	1	0.99875	0.999881	0.974767
750	900	200	0.945087	1	0.998862	0.99999	0.972088
750	900	250	0.942641	1	0.998974	0.99954	0.976114
750	900	300	0.930483	1	0.998852	0.999465	0.975584
750	900	350	0.929298	1	0.999184	0.999994	0.97362
750	900	400	0.922862	1	0.99914	0.999905	0.975309
750	900	450	0.914436	1	0.999243	0.999658	0.974429
750	900	500	0.8885	1	0.999526	0.999799	0.975776
750	900	550	0.860867	0.999999	0.999601	0.99957	0.974012
750	900	600	0.815589	1	0.999791	0.999269	0.973787
800	900	0	0.952649	1	0.998229	0.999917	0.975046
800	900	50	0.957683	1	0.998396	0.999717	0.976186
800	900	100	0.948064	1	0.997862	0.99975	0.98102
800	900	150	0.950286	1	0.998207	0.999812	0.975591
800	900	200	0.952337	1	0.998522	0.999191	0.975252
800	900	250	0.947491	1	0.998661	0.998943	0.975622
800	900	300	0.946268	1	0.998281	0.999054	0.976593
800	900	350	0.931709	1	0.999039	0.999571	0.977174
800	900	400	0.933363	1	0.998788	0.99956	0.972978
800	900	450	0.913373	1	0.998555	0.998777	0.973521
800	900	500	0.897544	1	0.998263	0.99955	0.973237
800	900	550	0.872496	1	0.998772	0.999085	0.97471
800	900	600	0.835165	0.999982	0.999307	0.997593	0.975898
800	900	650	0.783085	0.999806	0.999588	0.994824	0.974979
850	900	0	0.956578	1	0.99824	0.994034	0.976508
850	900	50	0.957305	1	0.997817	0.99576	0.977521
850	900	100	0.956822	0.999991	0.996993	0.98941	0.973983
850	900	150	0.954562	0.999638	0.997588	0.991841	0.973862
850	900	200	0.954489	1	0.997693	0.993381	0.974249
850	900	250	0.955689	1	0.997766	0.991141	0.976857
850	900	300	0.944348	0.999983	0.997464	0.989823	0.975808
850	900	350	0.947168	0.999998	0.996941	0.99226	0.975846
850	900	400	0.938238	0.999603	0.997745	0.98799	0.974507
850	900	450	0.927788	0.999995	0.997236	0.989382	0.975247
850	900	500	0.91399	0.999947	0.997202	0.987073	0.978248
850	900	550	0.895703	0.999108	0.997759	0.981509	0.977601
850	900	600	0.868058	0.999237	0.99819	0.976218	0.978457
850	900	650	0.819229	0.99906	0.997854	0.961521	0.971584
850	900	700	0.745291	0.997824	0.998141	0.932083	0.975998
900	900	0	0.96322	1	0.99792	0.987143	0.976886
900	900	50	0.961264	1	0.997982	0.987106	0.976373
900	900	100	0.963011	1	0.99816	0.988204	0.976937
900	900	150	0.954721	1	0.998428	0.988247	0.975837
900	900	200	0.959042	0.999997	0.998416	0.988483	0.977939
900	900	250	0.956391	0.999994	0.997591	0.985166	0.974722
900	900	300	0.950369	0.999971	0.99782	0.983324	0.975835
900	900	350	0.945561	0.999958	0.99702	0.983597	0.973633
900	900	400	0.94075	0.999994	0.997554	0.981576	0.979452
900	900	450	0.935601	0.999999	0.997086	0.976332	0.974494
900	900	500	0.93059	0.999951	0.997692	0.975422	0.977773
900	900	550	0.915714	0.999649	0.997476	0.968572	0.977186
900	900	600	0.893794	0.999781	0.997579	0.960931	0.974302
900	900	650	0.864992	0.999252	0.997279	0.946106	0.975636
900	900	700	0.822672	0.998163	0.998143	0.920585	0.9751
900	900	750	0.718136	0.996568	0.997608	0.872855	0.978659
200	950	0	0.892347	1	0.998572	0.999879	0.975656
200	950	50	0.9045	1	0.999109	0.999866	0.973021
250	950	0	0.903633	1	0.998996	0.999859	0.973694
250	950	50	0.907878	1	0.998802	0.99992	0.975614
250	950	100	0.9253	1	0.998733	0.999997	0.976107
300	950	0	0.908345	1	0.99922	1	0.976738
300	950	50	0.912371	1	0.999371	0.999999	0.975343
300	950	100	0.913968	1	0.999281	0.999969	0.975682
300	950	150	0.924348	1	0.999276	0.999781	0.977766
350	950	0	0.919157	1	0.999277	1	0.97596
350	950	50	0.918067	1	0.999289	0.999966	0.975962
350	950	100	0.923137	1	0.99934	0.99987	0.978643
350	950	150	0.924702	1	0.999003	0.999849	0.973153
350	950	200	0.92924	1	0.99911	0.999499	0.97734
400	950	0	0.922785	1	0.999595	0.999985	0.977298
400	950	50	0.927546	1	0.999409	1	0.977575
400	950	100	0.926284	1	0.999558	0.999956	0.977029
400	950	150	0.927821	1	0.999179	1	0.976613
400	950	200	0.928343	1	0.999123	0.999954	0.973663
400	950	250	0.935926	1	0.99899	0.999838	0.978097
450	950	0	0.932627	1	0.999523	0.999944	0.979148
450	950	50	0.92893	1	0.999452	0.999724	0.97704
450	950	100	0.928994	1	0.999338	1	0.978073
450	950	150	0.927299	1	0.999426	0.999987	0.976724
450	950	200	0.928953	1	0.999436	0.999937	0.977734
450	950	250	0.930583	1	0.999326	0.999993	0.976481
450	950	300	0.934986	1	0.998531	0.999925	0.980182
500	950	0	0.936042	1	0.999402	1	0.976291
500	950	50	0.942238	1	0.9994	1	0.977941
500	950	100	0.935509	1	0.99958	0.999968	0.973896
500	950	150	0.93207	1	0.999556	0.999995	0.97739
500	950	200	0.926938	1	0.99954	1	0.974888
500	950	250	0.925704	1	0.999503	0.999997	0.978901
500	950	300	0.919658	1	0.999425	0.999842	0.976125
500	950	350	0.932691	0.999941	0.998901	0.999894	0.974106
550	950	0	0.945325	1	0.999556	1	0.976729
550	950	50	0.944762	1	0.999562	1	0.977027
550	950	100	0.940447	1	0.99973	0.999994	0.976086
550	950	150	0.945063	1	0.999659	0.999963	0.975446
550	950	200	0.942101	1	0.999756	1	0.977524
550	950	250	0.927671	1	0.999649	1	0.979282
550	950	300	0.93197	1	0.999702	1	0.975933
550	950	350	0.924826	1	0.99931	0.999718	0.978176
550	950	400	0.914548	1	0.998816	0.99996	0.977697
600	950	0	0.946872	1	0.999547	1	0.975106
600	950	50	0.949836	1	0.999499	1	0.977346
600	950	100	0.94613	1	0.999715	0.999998	0.976004
600	950	150	0.950594	1	0.999677	1	0.975557
600	950	200	0.931999	1	0.999427	0.99998	0.976371
600	950	250	0.936223	1	0.999577	0.999987	0.980242
600	950	300	0.929757	1	0.999573	1	0.974926
600	950	350	0.919122	1	0.999673	0.999998	0.977909
600	950	400	0.920221	1	0.999487	0.99998	0.978813
600	950	450	0.917144	1	0.999344	0.999929	0.977973
650	950	0	0.952027	1	0.999575	1	0.975548
650	950	50	0.949169	1	0.999476	1	0.977545
650	950	100	0.950797	1	0.999461	1	0.977536
650	950	150	0.94606	1	0.999376	1	0.97842
650	950	200	0.946545	1	0.999658	0.999998	0.977118
650	950	250	0.939136	1	0.99965	1	0.97973
650	950	300	0.929835	1	0.999758	1	0.973066
650	950	350	0.918435	1	0.999557	0.999983	0.977524
650	950	400	0.917187	1	0.999651	0.999997	0.974838
650	950	450	0.908836	1	0.999693	0.999924	0.977405
650	950	500	0.901794	1	0.999553	0.999085	0.976425
700	950	0	0.952084	1	0.999527	0.999997	0.980871
700	950	50	0.952517	1	0.999498	0.999999	0.975685
700	950	100	0.952648	1	0.999208	1	0.978195
700	950	150	0.953397	1	0.999395	0.999988	0.976692
700	950	200	0.947935	1	0.999506	1	0.975364
700	950	250	0.947841	1	0.999155	0.999688	0.97631
700	950	300	0.939338	1	0.999677	0.999724	0.976371
700	950	350	0.931973	1	0.999592	1	0.97303
700	950	400	0.926232	1	0.999726	0.999782	0.975583
700	950	450	0.914505	1	0.999763	0.999871	0.976138
700	950	500	0.892162	1	0.999828	0.999773	0.976781
700	950	550	0.886396	1	0.99967	0.999855	0.978481
750	950	0	0.95679	1	0.99893	0.999911	0.975928
750	950	50	0.953117	1	0.998868	1	0.978272
750	950	100	0.954891	1	0.998733	0.999951	0.975613
750	950	150	0.950644	1	0.999252	1	0.975378
750	950	200	0.951184	1	0.999359	1	0.979081
750	950	250	0.94544	1	0.998913	0.999747	0.975989
750	950	300	0.942355	1	0.999097	1	0.975727
750	950	350	0.942205	1	0.999437	0.999999	0.976399
750	950	400	0.929512	1	0.999567	0.999512	0.975055
750	950	450	0.911392	1	0.999754	0.999991	0.9756
750	950	500	0.895308	1	0.999799	0.999983	0.976568
750	950	550	0.880673	1	0.999716	0.999974	0.97678
750	950	600	0.852598	0.999995	0.99968	0.999096	0.970478
800	950	0	0.955447	1	0.9984	0.999905	0.979169
800	950	50	0.960661	1	0.998936	0.999853	0.974445
800	950	100	0.956062	1	0.99895	0.999999	0.972948
800	950	150	0.953579	1	0.998657	0.999943	0.978213
800	950	200	0.953498	1	0.998802	0.999697	0.976806
800	950	250	0.954967	1	0.998993	0.999928	0.979171
800	950	300	0.948112	1	0.998725	0.999993	0.975835
800	950	350	0.9439	1	0.999037	0.999993	0.978426
800	950	400	0.938906	1	0.999167	0.999854	0.978093
800	950	450	0.932399	1	0.999335	0.999427	0.974151
800	950	500	0.914031	1	0.99922	0.999826	0.976897
800	950	550	0.901917	1	0.999558	0.999518	0.975503
800	950	600	0.872159	0.999999	0.999825	0.999618	0.97479
800	950	650	0.824433	0.999997	0.999822	0.998862	0.979409
850	950	0	0.95998	1	0.998074	0.999941	0.976975
850	950	50	0.963661	1	0.997511	0.999886	0.976744
850	950	100	0.95749	1	0.9981	0.999528	0.97606
850	950	150	0.956076	1	0.998023	0.999786	0.978501
850	950	200	0.953853	1	0.998563	0.999595	0.977839
850	950	250	0.954799	1	0.998156	0.999665	0.974747
850	950	300	0.950581	1	0.998634	0.999436	0.974212
850	950	350	0.945137	1	0.998429	0.999833	0.973408
850	950	400	0.942053	1	0.998526	0.99965	0.978025
850	950	450	0.928759	1	0.998406	0.999572	0.979375
850	950	500	0.926599	1	0.999136	0.998233	0.974737
850	950	550	0.904471	1	0.998798	0.998755	0.974524
850	950	600	0.884865	1	0.999302	0.999131	0.977395
850	950	650	0.844958	0.999993	0.9995	0.997866	0.97768
850	950	700	0.785636	0.999672	0.999526	0.993521	0.977978
900	950	0	0.96182	1	0.998334	0.992764	0.973895
900	950	50	0.960297	1	0.997364	0.993859	0.971571
900	950	100	0.959057	1	0.997978	0.993897	0.974804
900	950	150	0.957658	1	0.997734	0.991693	0.976954
900	950	200	0.956856	0.999622	0.997998	0.994124	0.973183
900	950	250	0.962052	0.999998	0.998164	0.994072	0.973284
900	950	300	0.954505	1	0.997967	0.994438	0.976776
900	950	350	0.951229	1	0.997602	0.991877	0.977271
900	950	400	0.946066	1	0.998241	0.99202	0.97558
900	950	450	0.940602	1	0.998058	0.989929	0.977206
900	950	500	0.931846	1	0.997238	0.986378	0.975944
900	950	550	0.912932	0.999828	0.997989	0.981991	0.971917
900	950	600	0.902389	0.999951	0.998298	0.978164	0.972937
900	950	650	0.863461	0.999832	0.998649	0.970184	0.976179
900	950	700	0.833271	0.99889	0.998647	0.963205	0.976557
900	950	750	0.748024	0.997704	0.998523	0.93464	0.980128
950	950	0	0.965051	1	0.998586	0.989368	0.976104
950	950	50	0.961685	0.999974	0.998198	0.98894	0.976785
950	950	100	0.961944	0.999842	0.997871	0.990467	0.978285
950	950	150	0.965262	0.999997	0.998252	0.989705	0.978336
950	950	200	0.965564	1	0.998092	0.986145	0.973533
950	950	250	0.962917	1	0.998214	0.988926	0.978086
950	950	300	0.960113	0.99999	0.998034	0.988352	0.979722
950	950	350	0.957957	0.999976	0.998194	0.987149	0.979763
950	950	400	0.951074	0.999915	0.997453	0.986199	0.978122
950	950	450	0.947973	0.999967	0.997589	0.977441	0.975378
950	950	500	0.934672	0.999976	0.998423	0.982316	0.975274
950	950	550	0.931685	0.999598	0.997619	0.974713	0.976253
950	950	600	0.9111	0.999656	0.997861	0.969055	0.971841
950	950	650	0.903085	0.99975	0.997648	0.962053	0.975962
950	950	700	0.868478	0.999066	0.99807	0.942239	0.972288
950	950	750	0.821705	0.998309	0.998148	0.92144	0.976638
950	950	800	0.741864	0.996246	0.998037	0.873673	0.977571
200	1000	0	0.896416	1	0.998763	0.999647	0.976415
200	1000	50	0.912416	1	0.999106	0.999973	0.974691
250	1000	0	0.912412	1	0.999027	0.999999	0.980659
250	1000	50	0.910219	1	0.999324	0.999776	0.976568
250	1000	100	0.932772	1	0.999121	0.999857	0.977027
300	1000	0	0.9209	1	0.999402	0.999991	0.97498
300	1000	50	0.916983	1	0.999216	0.999812	0.977827
300	1000	100	0.92481	1	0.999275	0.999983	0.977424
300	1000	150	0.94372	1	0.999043	0.999993	0.97711
350	1000	0	0.931267	1	0.999255	0.999952	0.979201
350	1000	50	0.928681	1	0.999115	0.9999	0.976292
350	1000	100	0.927122	1	0.999532	1	0.978868
350	1000	150	0.934174	1	0.999349	0.999973	0.976232
350	1000	200	0.935918	1	0.998706	0.99985	0.975476
400	1000	0	0.931492	1	0.999397	1	0.97606
400	1000	50	0.924649	1	0.999633	1	0.978221
400	1000	100	0.93672	1	0.999305	1	0.978049
400	1000	150	0.928047	1	0.999344	0.999999	0.976672
400	1000	200	0.936172	1	0.999116	0.999987	0.978466
400	1000	250	0.947124	1	0.999221	0.99999	0.977668
450	1000	0	0.93359	1	0.999507	1	0.976768
450	1000	50	0.932878	1	0.999466	1	0.975875
450	1000	100	0.936535	1	0.999698	1	0.97838
450	1000	150	0.933593	1	0.999559	1	0.977622
450	1000	200	0.934423	1	0.999434	0.999987	0.97272
450	1000	250	0.938385	1	0.999526	1	0.977137
450	1000	300	0.943071	1	0.998926	0.999992	0.975375
500	1000	0	0.942938	1	0.999627	0.999998	0.976947
500	1000	50	0.944523	1	0.999567	1	0.979348
500	1000	100	0.940739	1	0.999515	1	0.975907
500	1000	150	0.939126	1	0.999421	1	0.97897
500	1000	200	0.934027	1	0.999417	1	0.976366
500	1000	250	0.934108	1	0.999639	0.99997	0.976075
500	1000	300	0.934404	1	0.999626	0.999828	0.97607
500	1000	350	0.935498	1	0.998854	0.999939	0.977104
550	1000	0	0.951315	1	0.999767	0.999997	0.976246
550	1000	50	0.946352	1	0.999621	0.999998	0.9789
550	1000	100	0.944185	1	0.999749	1	0.975116
550	1000	150	0.944056	1	0.999681	1	0.974552
550	1000	200	0.938937	1	0.999736	0.999999	0.976644
550	1000	250	0.933254	1	0.99971	0.999948	0.977422
550	1000	300	0.934815	1	0.999522	0.999942	0.977443
550	1000	350	0.934158	1	0.999285	0.999983	0.9772
550	1000	400	0.932687	1	0.999306	0.999769	0.974003
600	1000	0	0.95466	1	0.999764	1	0.975779
600	1000	50	0.950153	1	0.999636	1	0.976178
600	1000	100	0.94697	1	0.999751	1	0.974044
600	1000	150	0.948031	1	0.999795	1	0.977741
600	1000	200	0.941898	1	0.999732	1	0.978632
600	1000	250	0.941856	1	0.999719	1	0.974092
600	1000	300	0.936011	1	0.99966	0.999991	0.979876
600	1000	350	0.925932	1	0.999799	0.999991	0.980077
600	1000	400	0.923067	1	0.999618	0.999994	0.974664
600	1000	450	0.926881	1	0.999256	0.999959	0.979323
650	1000	0	0.953045	1	0.999651	1	0.976741
650	1000	50	0.957796	1	0.999597	1	0.977683
650	1000	100	0.950733	1	0.999625	1	0.974895
650	1000	150	0.949581	1	0.999688	1	0.979478
650	1000	200	0.947008	1	0.999736	0.999999	0.979151
650	1000	250	0.946466	1	0.999846	0.999998	0.9749
650	1000	300	0.945014	1	0.999745	1	0.97648
650	1000	350	0.929077	1	0.999867	1	0.979753
650	1000	400	0.923471	1	0.999805	0.999999	0.974549
650	1000	450	0.920748	1	0.99957	1	0.974117
650	1000	500	0.91628	1	0.999222	0.999461	0.975443
700	1000	0	0.953762	1	0.99943	1	0.975735
700	1000	50	0.948373	1	0.999755	1	0.976683
700	1000	100	0.949332	1	0.999661	1	0.978011
700	1000	150	0.959651	1	0.999625	0.999705	0.977073
700	1000	200	0.951444	1	0.999659	1	0.974326
700	1000	250	0.94588	1	0.999738	1	0.977683
700	1000	300	0.945686	1	0.999814	0.999936	0.974034
700	1000	350	0.937254	1	0.999693	0.999995	0.978619
700	1000	400	0.933161	1	0.999741	1	0.974498
700	1000	450	0.916146	1	0.999723	0.99997	0.973764
700	1000	500	0.906268	1	0.999681	0.999978	0.975622
700	1000	550	0.906371	1	0.999452	0.999811	0.976028
750	1000	0	0.95284	1	0.999233	1	0.976081
750	1000	50	0.956841	1	0.999522	1	0.979091
750	1000	100	0.95814	1	0.999287	0.999933	0.977113
750	1000	150	0.955217	1	0.999481	0.999983	0.976252
750	1000	200	0.955933	1	0.999616	1	0.979031
750	1000	250	0.953401	1	0.999417	1	0.974067
750	1000	300	0.943649	1	0.999631	0.999999	0.978954
750	1000	350	0.945658	1	0.999411	1	0.979946
750	1000	400	0.94022	1	0.99975	1	0.977101
750	1000	450	0.926134	1	0.999862	0.999989	0.978464
750	1000	500	0.910708	1	0.999803	0.999959	0.97825
750	1000	550	0.900855	0.999998	0.999819	0.999842	0.977477
750	1000	600	0.884157	1	0.99965	0.999266	0.969921
800	1000	0	0.959292	1	0.999064	1	0.979159
800	1000	50	0.958872	1	0.998857	1	0.977672
800	1000	100	0.960377	1	0.998951	0.999999	0.979246
800	1000	150	0.965161	1	0.999228	1	0.973035
800	1000	200	0.960309	1	0.99928	0.999668	0.979108
800	1000	250	0.955302	1	0.999279	0.999999	0.977057
800	1000	300	0.949437	1	0.999336	1	0.977618
800	1000	350	0.944853	1	0.999119	1	0.977691
800	1000	400	0.944069	1	0.999613	0.999993	0.974947
800	1000	450	0.929958	1	0.999596	0.999999	0.977224
800	1000	500	0.92352	1	0.999729	0.999992	0.978989
800	1000	550	0.906883	1	0.99981	0.99953	0.977325
800	1000	600	0.884161	1	0.999797	0.999907	0.976472
800	1000	650	0.85584	1	0.999804	0.999171	0.974662
850	1000	0	0.960616	1	0.998999	0.999999	0.976081
850	1000	50	0.963377	1	0.998683	0.999915	0.979056
850	1000	100	0.959538	1	0.999274	0.999825	0.977997
850	1000	150	0.95744	1	0.998857	0.999938	0.977164
850	1000	200	0.960184	1	0.998958	0.999955	0.976255
850	1000	250	0.955047	1	0.998753	0.999989	0.975784
850	1000	300	0.947972	1	0.998843	0.999792	0.977936
850	1000	350	0.953407	1	0.999122	0.999621	0.979332
850	1000	400	0.944329	1	0.999064	0.999909	0.977339
850	1000	450	0.930577	1	0.999357	0.999991	0.978722
850	1000	500	0.925726	1	0.999164	0.99961	0.976106
850	1000	550	0.914311	1	0.999516	0.999996	0.978236
850	1000	600	0.899084	0.999975	0.999573	0.99958	0.977632
850	1000	650	0.872352	0.999999	0.999641	0.999501	0.973403
850	1000	700	0.817009	0.999993	0.999829	0.999749	0.976828
900	1000	0	0.956869	1	0.998069	0.999205	0.977349
900	1000	50	0.963756	1	0.998807	0.999703	0.97732
900	1000	100	0.962537	1	0.998702	0.99989	0.976296
900	1000	150	0.954913	1	0.998308	0.999901	0.97478
900	1000	200	0.959675	0.999986	0.998549	0.999626	0.976746
900	1000	250	0.956756	1	0.998103	0.999561	0.97656
900	1000	300	0.955119	1	0.998465	0.999429	0.975103
900	1000	350	0.948289	1	0.99888	0.999128	0.97651
900	1000	400	0.946253	1	0.998594	0.999496	0.974953
900	1000	450	0.946814	0.999998	0.998559	0.999625	0.978535
900	1000	500	0.941574	1	0.998924	0.999693	0.975011
900	1000	550	0.919762	1	0.99903	0.999429	0.97998
900	1000	600	0.906183	1	0.998885	0.99957	0.975312
900	1000	650	0.894454	1	0.999184	0.997855	0.977808
900	1000	700	0.840446	1	0.999304	0.998058	0.97673
900	1000	750	0.785489	0.999872	0.999787	0.994704	0.976831
950	1000	0	0.9698	1	0.998685	0.995309	0.979231
950	1000	50	0.969465	1	0.998344	0.994699	0.978285
950	1000	100	0.96368	0.999817	0.998429	0.993099	0.974641
950	1000	150	0.965824	1	0.998194	0.992094	0.978342
950	1000	200	0.96398	1	0.998066	0.993015	0.976108
950	1000	250	0.962544	1	0.997389	0.994982	0.97557
950	1000	300	0.959107	1	0.998457	0.993714	0.975736
950	1000	350	0.951905	1	0.99824	0.992458	0.979467
950	1000	400	0.953406	1	0.998692	0.99254	0.977493
950	1000	450	0.948026	0.999763	0.99809	0.992917	0.97774
950	1000	500	0.937412	1	0.998288	0.988404	0.976905
950	1000	550	0.922813	0.999999	0.998669	0.987641	0.97391
950	1000	600	0.91906	0.999867	0.998456	0.98435	0.977771
950	1000	650	0.89775	0.999957	0.998629	0.981921	0.977388
950	1000	700	0.869915	0.999818	0.998246	0.973765	0.9771
950	1000	750	0.832678	0.998315	0.998266	0.960056	0.976407
950	1000	800	0.744183	0.995932	0.998907	0.934831	0.975659
1000	1000	0	0.967307	1	0.99799	0.988703	0.975097
1000	1000	50	0.965539	1	0.998704	0.988212	0.974045
1000	1000	100	0.971088	0.999969	0.998077	0.9894	0.977201
1000	1000	150	0.965218	0.999999	0.997703	0.986961	0.976958
1000	1000	200	0.96575	1	0.998388	0.986529	0.975633
1000	1000	250	0.964319	1	0.9984	0.989907	0.978506
1000	1000	300	0.959042	0.999965	0.998274	0.986257	0.977587
1000	1000	350	0.963128	0.999999	0.998038	0.98574	0.975542
1000	1000	400	0.953184	0.999926	0.997609	0.985083	0.976473
1000	1000	450	0.949939	0.999923	0.998294	0.984465	0.976312
1000	1000	500	0.947215	0.999986	0.997593	0.982591	0.97554
1000	1000	550	0.941935	0.999916	0.997845	0.97616	0.973438
1000	1000	600	0.922789	0.999999	0.998396	0.975685	0.97703
1000	1000	650	0.916867	0.999536	0.998108	0.967987	0.977097
1000	1000	700	0.899193	0.999742	0.998236	0.961533	0.980659
1000	1000	750	0.869622	0.999718	0.99901	0.945534	0.975982
1000	1000	800	0.827596	0.998754	0.998463	0.915015	0.977931
1000	1000	850	0.733803	0.995324	0.997775	0.869779	0.975173


