200	200	0	0.552577	0.975118	0.901891	0.708612	0.882338
200	200	50	0.504122	0.972188	0.905511	0.699575	0.887419
200	250	0	0.593139	0.990061	0.915322	0.797937	0.919808
200	250	50	0.568767	0.978002	0.912867	0.792082	0.881172
250	250	0	0.696112	0.994627	0.915016	0.826859	0.882989
250	250	50	0.666921	0.991287	0.910007	0.818967	0.885621
250	250	100	0.611872	0.974913	0.919648	0.737804	0.902066
200	300	0	0.570914	0.998424	0.934185	0.924052	0.902782
200	300	50	0.572189	0.995436	0.935618	0.915233	0.900477
250	300	0	0.706781	0.993571	0.940228	0.88493	0.917716
250	300	50	0.665105	0.98999	0.944457	0.859783	0.925066
250	300	100	0.638253	0.98992	0.945588	0.825477	0.917333
300	300	0	0.762608	0.998171	0.944573	0.895678	0.92293
300	300	50	0.76324	0.997623	0.951423	0.888151	0.927643
300	300	100	0.730774	0.992693	0.948456	0.84113	0.916063
300	300	150	0.628707	0.989483	0.958156	0.783734	0.925797
200	350	0	0.632533	0.998265	0.94139	0.942591	0.90966
200	350	50	0.634623	0.996963	0.947739	0.942119	0.896002
250	350	0	0.724507	0.997453	0.949976	0.961896	0.899654
250	350	50	0.72144	0.994993	0.958869	0.948244	0.929185
250	350	100	0.643752	0.993974	0.962425	0.942562	0.914041
300	350	0	0.779723	0.999275	0.954973	0.915426	0.929992
300	350	50	0.746596	0.998702	0.963153	0.913381	0.918778
300	350	100	0.728911	0.994341	0.954258	0.888802	0.924793
300	350	150	0.663977	0.989136	0.95421	0.854819	0.923197
350	350	0	0.798954	0.998587	0.951801	0.921165	0.928483
350	350	50	0.804115	0.996751	0.964262	0.912271	0.922762
350	350	100	0.817557	0.996233	0.956934	0.909471	0.926428
350	350	150	0.742373	0.997026	0.948634	0.880578	0.918394
350	350	200	0.656061	0.986635	0.96173	0.818915	0.936798
200	400	0	0.66652	0.998497	0.951258	0.966996	0.917708
200	400	50	0.669109	0.998926	0.94973	0.953352	0.929263
250	400	0	0.728348	0.997876	0.95829	0.978082	0.928112
250	400	50	0.709916	0.998915	0.959142	0.971539	0.916811
250	400	100	0.670144	0.994722	0.957936	0.957813	0.913435
300	400	0	0.788894	0.999463	0.969648	0.969873	0.938831
300	400	50	0.77666	0.999953	0.961739	0.969813	0.918471
300	400	100	0.738657	0.999379	0.965522	0.969604	0.929138
300	400	150	0.664912	0.99791	0.965013	0.947558	0.925522
350	400	0	0.817221	0.999152	0.96853	0.942113	0.936513
350	400	50	0.814187	0.996067	0.965382	0.929894	0.932324
350	400	100	0.799922	0.999231	0.968713	0.930573	0.942412
350	400	150	0.740856	0.998264	0.965318	0.906972	0.938275
350	400	200	0.683064	0.994119	0.969225	0.858113	0.929684
400	400	0	0.832766	0.99776	0.965327	0.936101	0.937109
400	400	50	0.855283	0.99859	0.963512	0.94018	0.950551
400	400	100	0.833622	0.997625	0.96743	0.932025	0.929286
400	400	150	0.789394	0.99945	0.970508	0.911859	0.94291
400	400	200	0.766205	0.995886	0.967019	0.884233	0.939191
400	400	250	0.658304	0.986969	0.970915	0.828394	0.938211
200	450	0	0.692393	0.998907	0.95521	0.974332	0.922136
200	450	50	0.675291	0.999742	0.942194	0.961426	0.91977
250	450	0	0.746475	0.999996	0.968073	0.982922	0.944072
250	450	50	0.742314	0.999524	0.962703	0.979788	0.933324
250	450	100	0.690942	0.999949	0.962587	0.965341	0.921637
300	450	0	0.794023	0.999721	0.969524	0.986627	0.937205
300	450	50	0.765204	1	0.971513	0.987538	0.938091
300	450	100	0.75898	0.999687	0.972918	0.979409	0.933601
300	450	150	0.659053	0.999393	0.971094	0.969236	0.932031
350	450	0	0.826419	0.999702	0.973707	0.984394	0.935184
350	450	50	0.819879	0.999912	0.972671	0.982673	0.942643
350	450	100	0.804686	0.999974	0.967031	0.981411	0.938172
350	450	150	0.769515	0.999221	0.977809	0.972338	0.935318
350	450	200	0.70879	0.999482	0.973479	0.960089	0.945197
400	450	0	0.85115	0.998777	0.97612	0.960647	0.941426
400	450	50	0.859349	0.997804	0.974251	0.956078	0.946086
400	450	100	0.826469	0.997352	0.976442	0.954829	0.940047
400	450	150	0.82324	0.998747	0.975778	0.936644	0.942303
400	450	200	0.778824	0.997433	0.972469	0.91619	0.951445
400	450	250	0.704519	0.996612	0.979619	0.871579	0.943195
450	450	0	0.879545	0.999497	0.977841	0.945104	0.951757
450	450	50	0.866795	0.998819	0.978328	0.950694	0.946015
450	450	100	0.855978	0.999874	0.971618	0.94969	0.942328
450	450	150	0.844431	0.998337	0.975808	0.923802	0.94036
450	450	200	0.825545	0.99905	0.975457	0.918172	0.942383
450	450	250	0.788664	0.997419	0.980287	0.901368	0.956294
450	450	300	0.694538	0.992467	0.971077	0.859601	0.951033
200	500	0	0.70104	0.999385	0.94899	0.962019	0.927052
200	500	50	0.695817	0.999637	0.957263	0.970723	0.919699
250	500	0	0.763716	0.999989	0.967906	0.991969	0.930144
250	500	50	0.761173	0.999782	0.972419	0.985122	0.941269
250	500	100	0.724523	0.99999	0.962227	0.972181	0.932909
300	500	0	0.798127	0.999961	0.978254	0.98981	0.93318
300	500	50	0.792483	1	0.976383	0.989762	0.943329
300	500	100	0.769741	0.999964	0.975581	0.98778	0.942512
300	500	150	0.723778	0.997613	0.971648	0.974901	0.93925
350	500	0	0.83447	0.999985	0.973776	0.988972	0.940508
350	500	50	0.841154	0.999953	0.982	0.992291	0.942286
350	500	100	0.819453	0.999997	0.975333	0.98984	0.939065
350	500	150	0.78411	0.999896	0.979375	0.984828	0.946174
350	500	200	0.721941	0.999757	0.984967	0.977107	0.954157
400	500	0	0.849754	0.99972	0.973394	0.987158	0.944719
400	500	50	0.870443	0.999934	0.981238	0.989306	0.954388
400	500	100	0.842494	0.999777	0.979155	0.988878	0.948764
400	500	150	0.829176	0.999892	0.977564	0.985507	0.941108
400	500	200	0.772283	0.999958	0.979075	0.974778	0.938675
400	500	250	0.704274	0.998486	0.982632	0.959158	0.95154
450	500	0	0.8857	0.9996	0.976586	0.966915	0.951722
450	500	50	0.863485	0.99998	0.981042	0.964841	0.95133
450	500	100	0.861663	0.999593	0.981726	0.965757	0.952686
450	500	150	0.850731	0.999367	0.975977	0.96155	0.937236
450	500	200	0.824637	0.998269	0.978581	0.934516	0.939748
450	500	250	0.784807	0.998243	0.982978	0.921127	0.946227
450	500	300	0.685331	0.994968	0.978845	0.878496	0.949617
500	500	0	0.895746	0.999335	0.979301	0.955144	0.946544
500	500	50	0.902433	0.99999	0.983743	0.953369	0.952121
500	500	100	0.89819	0.999647	0.982912	0.959858	0.950766
500	500	150	0.869222	0.999568	0.984153	0.953271	0.956659
500	500	200	0.863022	0.99838	0.981745	0.944172	0.955966
500	500	250	0.839176	0.998653	0.982095	0.932978	0.958
500	500	300	0.77987	0.996267	0.977247	0.892932	0.950693
500	500	350	0.708599	0.988178	0.980907	0.834847	0.94813
200	550	0	0.740863	0.999319	0.956542	0.973464	0.921717
200	550	50	0.719237	0.999791	0.963287	0.964878	0.930041
250	550	0	0.785283	0.999946	0.969742	0.989738	0.929054
250	550	50	0.763056	0.999842	0.973321	0.988905	0.940359
250	550	100	0.745312	0.99929	0.96759	0.977391	0.930372
300	550	0	0.823464	0.999992	0.979979	0.993168	0.935918
300	550	50	0.800543	0.999516	0.98064	0.992379	0.942971
300	550	100	0.782997	0.999874	0.980109	0.989312	0.94411
300	550	150	0.765589	0.999933	0.968183	0.979705	0.944934
350	550	0	0.847749	0.999997	0.982727	0.993777	0.947277
350	550	50	0.839861	0.999948	0.98109	0.991282	0.941508
350	550	100	0.826542	0.999838	0.980372	0.994844	0.938941
350	550	150	0.807747	1	0.98515	0.99076	0.935125
350	550	200	0.761371	0.999422	0.981723	0.979705	0.944363
400	550	0	0.870334	0.99992	0.982104	0.993984	0.942081
400	550	50	0.875851	0.999997	0.982254	0.990833	0.941675
400	550	100	0.85557	0.999998	0.984533	0.992623	0.952535
400	550	150	0.832565	0.999989	0.984715	0.991216	0.950931
400	550	200	0.777651	0.999639	0.986465	0.990297	0.946879
400	550	250	0.744656	0.998883	0.984562	0.978207	0.948012
450	550	0	0.900929	0.999999	0.98156	0.991945	0.947268
450	550	50	0.88553	0.999989	0.981385	0.990549	0.953687
450	550	100	0.872302	0.999996	0.980873	0.989182	0.950171
450	550	150	0.851317	0.99989	0.98424	0.986341	0.956552
450	550	200	0.837683	0.999716	0.984317	0.985319	0.953487
450	550	250	0.80995	0.999666	0.983468	0.982791	0.958223
450	550	300	0.727218	0.99799	0.986646	0.960546	0.953696
500	550	0	0.900254	0.999407	0.979925	0.976612	0.952416
500	550	50	0.888171	1	0.984226	0.972666	0.953684
500	550	100	0.882629	0.999776	0.983186	0.969187	0.956668
500	550	150	0.881649	0.999022	0.980854	0.96337	0.949063
500	550	200	0.876765	0.999641	0.98682	0.960612	0.958589
500	550	250	0.846772	0.998492	0.984202	0.939337	0.952916
500	550	300	0.782828	0.997569	0.982521	0.931487	0.962327
500	550	350	0.726718	0.995995	0.981834	0.877082	0.949798
550	550	0	0.905194	0.999955	0.98162	0.966109	0.954772
550	550	50	0.907483	0.999967	0.984993	0.968171	0.957775
550	550	100	0.904846	0.99966	0.984264	0.966601	0.951792
550	550	150	0.903192	0.999267	0.983243	0.961322	0.952306
550	550	200	0.8909	0.999844	0.984983	0.958153	0.955357
550	550	250	0.868929	0.999196	0.985069	0.952238	0.958195
550	550	300	0.85058	0.998605	0.986287	0.933535	0.955833
550	550	350	0.799917	0.996549	0.983431	0.90273	0.94994
550	550	400	0.702793	0.994605	0.982506	0.852961	0.954885
200	600	0	0.756599	0.999025	0.963498	0.975397	0.939598
200	600	50	0.731735	0.999491	0.953292	0.968003	0.933954
250	600	0	0.792143	0.999997	0.965727	0.988859	0.939656
250	600	50	0.811449	0.999951	0.970492	0.986569	0.943648
250	600	100	0.770489	0.99997	0.969311	0.976926	0.936411
300	600	0	0.82843	1	0.974227	0.994212	0.95432
300	600	50	0.8276	0.999991	0.98016	0.996761	0.944385
300	600	100	0.799159	1	0.979592	0.989971	0.942637
300	600	150	0.780568	0.999893	0.971968	0.983863	0.940171
350	600	0	0.853347	0.999999	0.982454	0.997463	0.946408
350	600	50	0.85489	0.999853	0.98392	0.994634	0.940303
350	600	100	0.846851	0.999632	0.984326	0.994599	0.94809
350	600	150	0.817403	0.999334	0.978125	0.989044	0.942327
350	600	200	0.79202	0.999677	0.983686	0.983697	0.951497
400	600	0	0.884419	0.999998	0.988342	0.994061	0.956202
400	600	50	0.871819	0.999994	0.986609	0.996503	0.951113
400	600	100	0.851235	0.999998	0.989186	0.994964	0.950591
400	600	150	0.853354	0.99998	0.985051	0.993807	0.952086
400	600	200	0.816573	0.999976	0.9907	0.991663	0.950471
400	600	250	0.773162	0.998763	0.985261	0.979177	0.950146
450	600	0	0.883925	1	0.987275	0.995858	0.947463
450	600	50	0.87687	1	0.985465	0.99614	0.952099
450	600	100	0.870358	0.999934	0.989422	0.994061	0.954149
450	600	150	0.863522	1	0.986309	0.996129	0.95286
450	600	200	0.850142	0.999994	0.990562	0.992567	0.956911
450	600	250	0.806023	0.999944	0.990262	0.98502	0.951526
450	600	300	0.747623	0.999186	0.988007	0.977875	0.954243
500	600	0	0.911578	0.999999	0.985651	0.989857	0.952916
500	600	50	0.906613	0.999992	0.987571	0.993173	0.96032
500	600	100	0.889002	0.999962	0.987997	0.993113	0.950463
500	600	150	0.879867	0.999998	0.988179	0.989859	0.9523
500	600	200	0.872403	0.999998	0.987711	0.987153	0.953993
500	600	250	0.850745	0.999933	0.986976	0.984863	0.961316
500	600	300	0.781302	0.998172	0.988823	0.978089	0.955481
500	600	350	0.752208	0.998732	0.990189	0.972062	0.954297
550	600	0	0.912673	0.999697	0.985001	0.979281	0.962837
550	600	50	0.916749	0.999977	0.987449	0.976769	0.953157
550	600	100	0.912449	0.999293	0.991151	0.976954	0.96265
550	600	150	0.901043	0.99984	0.984798	0.972737	0.954322
550	600	200	0.889572	0.999968	0.986084	0.971128	0.956495
550	600	250	0.868822	0.998768	0.986082	0.963127	0.957525
550	600	300	0.84576	0.999067	0.987949	0.956355	0.959834
550	600	350	0.78653	0.99735	0.984248	0.933597	0.959205
550	600	400	0.71193	0.994706	0.987359	0.891863	0.95877
600	600	0	0.92371	0.999709	0.988635	0.975701	0.963795
600	600	50	0.909825	0.999997	0.987281	0.972175	0.96027
600	600	100	0.920531	0.999993	0.98728	0.968111	0.961328
600	600	150	0.913777	0.999494	0.988867	0.964922	0.959981
600	600	200	0.910962	0.999573	0.985776	0.961727	0.956686
600	600	250	0.899172	0.999582	0.990826	0.95815	0.9597
600	600	300	0.887924	0.99958	0.989045	0.951914	0.961015
600	600	350	0.843128	0.999098	0.988828	0.935573	0.96355
600	600	400	0.803201	0.99696	0.984933	0.901133	0.954077
600	600	450	0.703832	0.993343	0.987836	0.855258	0.960447
200	650	0	0.766099	0.999635	0.958698	0.975046	0.933805
200	650	50	0.77541	0.999451	0.96728	0.97931	0.935929
250	650	0	0.820588	0.999991	0.973857	0.986152	0.940898
250	650	50	0.814418	0.999633	0.971991	0.984435	0.939731
250	650	100	0.795076	0.999998	0.974297	0.979847	0.946973
300	650	0	0.846517	0.999995	0.979697	0.992704	0.931326
300	650	50	0.834573	0.999998	0.978265	0.992531	0.943272
300	650	100	0.832377	0.999973	0.972741	0.98804	0.945467
300	650	150	0.816078	0.999873	0.973252	0.98356	0.95003
350	650	0	0.857123	1	0.984559	0.994883	0.95024
350	650	50	0.871007	0.999951	0.985136	0.995929	0.952136
350	650	100	0.845423	0.999998	0.986725	0.99365	0.957934
350	650	150	0.832771	0.999998	0.982177	0.993585	0.950049
350	650	200	0.815958	0.999887	0.980622	0.983161	0.946605
400	650	0	0.882355	1	0.989465	0.997089	0.952283
400	650	50	0.886072	0.999651	0.988136	0.997693	0.944872
400	650	100	0.860924	0.99956	0.99115	0.992214	0.952392
400	650	150	0.859087	1	0.985248	0.996613	0.9572
400	650	200	0.826684	0.999993	0.985344	0.993059	0.951955
400	650	250	0.800503	0.99994	0.98569	0.987403	0.941125
450	650	0	0.890562	0.999954	0.987732	0.998248	0.948526
450	650	50	0.890869	1	0.987216	0.99819	0.949625
450	650	100	0.876323	1	0.989304	0.995979	0.95614
450	650	150	0.887116	0.999994	0.98992	0.994539	0.953877
450	650	200	0.855029	0.999985	0.990417	0.994545	0.95267
450	650	250	0.824376	0.998913	0.990654	0.989139	0.950206
450	650	300	0.769207	0.999668	0.989912	0.984531	0.950147
500	650	0	0.895839	0.999993	0.985694	0.997037	0.948768
500	650	50	0.910545	0.999448	0.990773	0.997249	0.955251
500	650	100	0.905576	0.999924	0.989451	0.995969	0.960396
500	650	150	0.902615	0.999705	0.990314	0.994261	0.958517
500	650	200	0.887364	0.999998	0.99057	0.993541	0.954581
500	650	250	0.839829	0.999897	0.991101	0.992085	0.961965
500	650	300	0.844843	0.999999	0.991403	0.992391	0.960352
500	650	350	0.764432	0.999656	0.989686	0.981739	0.957045
550	650	0	0.921954	1	0.989515	0.993322	0.956033
550	650	50	0.915959	0.999999	0.987904	0.992727	0.958782
550	650	100	0.915456	0.999989	0.989648	0.994052	0.962436
550	650	150	0.905298	0.999992	0.987498	0.991288	0.955616
550	650	200	0.88948	0.999996	0.988171	0.993516	0.959751
550	650	250	0.867399	0.999999	0.989421	0.989488	0.963265
550	650	300	0.858097	0.999995	0.990239	0.98976	0.960446
550	650	350	0.811616	0.99888	0.990287	0.98142	0.961027
550	650	400	0.739428	0.999805	0.993118	0.961777	0.95878
600	650	0	0.924412	0.9999	0.98678	0.983437	0.96377
600	650	50	0.92526	0.999921	0.98878	0.977069	0.961333
600	650	100	0.929442	0.999994	0.98888	0.983176	0.962281
600	650	150	0.911818	0.999999	0.987753	0.981245	0.958903
600	650	200	0.899077	0.999958	0.987607	0.974185	0.961816
600	650	250	0.891768	0.999997	0.987842	0.970083	0.958116
600	650	300	0.882601	0.999345	0.987882	0.966111	0.957538
600	650	350	0.855761	0.999108	0.987517	0.953752	0.964767
600	650	400	0.814118	0.998105	0.989548	0.936211	0.95866
600	650	450	0.712967	0.996756	0.991478	0.900447	0.9625
650	650	0	0.930649	0.999837	0.989323	0.979364	0.961975
650	650	50	0.933082	0.999927	0.989392	0.972605	0.956263
650	650	100	0.920826	0.999742	0.989461	0.973646	0.964327
650	650	150	0.915997	0.999551	0.989863	0.969982	0.964702
650	650	200	0.911659	0.999935	0.986771	0.972225	0.968335
650	650	250	0.918749	0.999665	0.990943	0.962845	0.961948
650	650	300	0.902653	0.999793	0.990034	0.961398	0.961568
650	650	350	0.881167	0.999502	0.990573	0.955066	0.965569
650	650	400	0.851675	0.999355	0.989925	0.935767	0.96406
650	650	450	0.809229	0.996701	0.988714	0.901509	0.961953
650	650	500	0.717136	0.994227	0.990811	0.848347	0.962681
200	700	0	0.780688	0.999996	0.959684	0.979603	0.945032
200	700	50	0.778277	0.999937	0.967705	0.976999	0.945461
250	700	0	0.820377	0.999578	0.977289	0.989865	0.938221
250	700	50	0.812378	0.999385	0.974965	0.985684	0.946716
250	700	100	0.806724	0.999916	0.971531	0.978334	0.948181
300	700	0	0.852964	0.999992	0.980209	0.993047	0.95026
300	700	50	0.848892	0.999935	0.981673	0.994563	0.94751
300	700	100	0.846478	1	0.974197	0.990929	0.945425
300	700	150	0.833794	1	0.975331	0.980014	0.949013
350	700	0	0.866948	0.999996	0.987642	0.9965	0.948844
350	700	50	0.874176	1	0.981151	0.996194	0.954171
350	700	100	0.863797	1	0.985843	0.995091	0.94847
350	700	150	0.835699	0.999944	0.984041	0.994633	0.952029
350	700	200	0.828854	0.999755	0.981046	0.988293	0.960324
400	700	0	0.877251	1	0.987745	0.996784	0.955446
400	700	50	0.885225	1	0.988088	0.998184	0.954827
400	700	100	0.872639	1	0.991414	0.997462	0.954325
400	700	150	0.867459	0.999965	0.990019	0.99693	0.953958
400	700	200	0.831496	1	0.985668	0.99109	0.954073
400	700	250	0.83307	0.999957	0.981182	0.99097	0.954447
450	700	0	0.909787	1	0.99047	0.998984	0.9604
450	700	50	0.90241	1	0.99027	0.997753	0.954081
450	700	100	0.889046	0.999999	0.990728	0.997246	0.949096
450	700	150	0.884328	1	0.992367	0.998653	0.961467
450	700	200	0.886027	1	0.991746	0.995621	0.94987
450	700	250	0.846944	0.999959	0.98986	0.993823	0.959333
450	700	300	0.80554	0.999461	0.984495	0.983934	0.955388
500	700	0	0.911835	1	0.991565	0.998321	0.963215
500	700	50	0.912725	1	0.991597	0.997133	0.951447
500	700	100	0.913671	0.999915	0.989703	0.996622	0.959698
500	700	150	0.901627	0.999954	0.993401	0.995417	0.958666
500	700	200	0.886984	1	0.993499	0.995665	0.964269
500	700	250	0.862239	0.999999	0.992286	0.996415	0.953336
500	700	300	0.852381	0.999748	0.992592	0.992686	0.958115
500	700	350	0.784564	0.999966	0.988188	0.984848	0.961872
550	700	0	0.916095	1	0.990314	0.997807	0.963222
550	700	50	0.917421	1	0.991892	0.99751	0.958358
550	700	100	0.910038	0.999945	0.990886	0.996977	0.962581
550	700	150	0.908383	1	0.991238	0.998474	0.959887
550	700	200	0.897348	0.999948	0.990838	0.994861	0.959299
550	700	250	0.877963	1	0.991694	0.995691	0.961772
550	700	300	0.863298	0.999988	0.992606	0.993933	0.966638
550	700	350	0.832277	0.999995	0.993655	0.991779	0.956372
550	700	400	0.766508	0.999781	0.994815	0.980844	0.958225
600	700	0	0.933841	0.9997	0.991367	0.99507	0.964685
600	700	50	0.927535	0.999946	0.989438	0.99161	0.963154
600	700	100	0.91555	0.999999	0.991841	0.994771	0.965261
600	700	150	0.916609	1	0.991699	0.993321	0.961599
600	700	200	0.91659	0.999989	0.99069	0.9959	0.96395
600	700	250	0.895805	0.999984	0.991273	0.993499	0.964744
600	700	300	0.891079	0.999837	0.990001	0.991601	0.95853
600	700	350	0.864619	0.99986	0.992524	0.987679	0.965118
600	700	400	0.818712	0.999718	0.993567	0.983307	0.961158
600	700	450	0.757171	0.999338	0.991546	0.973498	0.958816
650	700	0	0.939719	1	0.991624	0.985563	0.968411
650	700	50	0.935456	0.999859	0.992492	0.984046	0.965331
650	700	100	0.938074	0.999943	0.99254	0.985652	0.966554
650	700	150	0.9287	0.999943	0.992601	0.978881	0.964449
650	700	200	0.921045	0.999941	0.990078	0.98112	0.968942
650	700	250	0.915925	0.999814	0.992838	0.974891	0.964156
650	700	300	0.897291	0.999871	0.992234	0.97466	0.96051
650	700	350	0.885073	0.999424	0.991523	0.969225	0.96847
650	700	400	0.861683	0.999601	0.991415	0.953654	0.961069
650	700	450	0.817557	0.998286	0.990593	0.939532	0.959875
650	700	500	0.718569	0.994773	0.992268	0.89485	0.963642
700	700	0	0.940341	0.999856	0.990711	0.980707	0.967117
700	700	50	0.939118	0.999546	0.989964	0.977929	0.959459
700	700	100	0.943936	0.999987	0.993493	0.981289	0.967876
700	700	150	0.935582	0.999997	0.992076	0.980485	0.965244
700	700	200	0.929093	0.999924	0.990659	0.975119	0.956827
700	700	250	0.932746	0.999705	0.991213	0.975161	0.965604
700	700	300	0.917952	0.999991	0.992452	0.975575	0.969702
700	700	350	0.912283	0.999833	0.991868	0.963068	0.965845
700	700	400	0.888024	0.999303	0.992713	0.94818	0.965829
700	700	450	0.867783	0.999137	0.992323	0.93698	0.967478
700	700	500	0.803625	0.997793	0.992628	0.912674	0.96683
700	700	550	0.725263	0.993725	0.991636	0.861126	0.966399
200	750	0	0.803296	1	0.969443	0.978676	0.951181
200	750	50	0.805053	0.999949	0.967672	0.97226	0.948708
250	750	0	0.829142	0.999995	0.973587	0.989618	0.944388
250	750	50	0.824692	1	0.976416	0.987291	0.951085
250	750	100	0.828228	0.999998	0.971433	0.977584	0.95082
300	750	0	0.856493	0.99995	0.97776	0.995247	0.947322
300	750	50	0.84951	0.99998	0.979484	0.996276	0.947144
300	750	100	0.86076	0.999996	0.976847	0.992236	0.953467
300	750	150	0.842246	1	0.977738	0.981502	0.949714
350	750	0	0.872641	1	0.985965	0.997001	0.961591
350	750	50	0.860003	0.999857	0.983935	0.997787	0.95223
350	750	100	0.871649	1	0.98829	0.996885	0.957134
350	750	150	0.854087	0.999997	0.98329	0.995243	0.959337
350	750	200	0.850454	0.999787	0.9846	0.987357	0.95414
400	750	0	0.891512	1	0.991162	0.998306	0.957926
400	750	50	0.888913	1	0.990431	0.998706	0.960038
400	750	100	0.889503	1	0.990818	0.999229	0.959738
400	750	150	0.87515	0.999808	0.987994	0.995094	0.957508
400	750	200	0.85833	0.999723	0.98909	0.992499	0.95201
400	750	250	0.837537	0.999988	0.984109	0.98913	0.961871
450	750	0	0.906925	0.999977	0.991507	0.997864	0.958856
450	750	50	0.904683	1	0.99223	0.998363	0.957166
450	750	100	0.903117	1	0.993278	0.998373	0.962452
450	750	150	0.899194	1	0.990252	0.997164	0.958238
450	750	200	0.888697	0.999997	0.989999	0.996991	0.955125
450	750	250	0.862029	1	0.988562	0.994985	0.962438
450	750	300	0.831592	0.999922	0.985406	0.988922	0.961125
500	750	0	0.907973	0.999987	0.993274	0.998679	0.963107
500	750	50	0.918081	1	0.991756	0.999212	0.962235
500	750	100	0.910708	0.999996	0.993906	0.9992	0.964344
500	750	150	0.913745	1	0.992439	0.996902	0.960698
500	750	200	0.888894	0.999994	0.992491	0.998481	0.959751
500	750	250	0.871788	1	0.99371	0.996916	0.965518
500	750	300	0.854418	0.999987	0.993807	0.996111	0.959563
500	750	350	0.82568	0.999954	0.990274	0.987509	0.954727
550	750	0	0.926828	0.999994	0.993549	0.997745	0.963201
550	750	50	0.925866	1	0.991586	0.998811	0.961342
550	750	100	0.921114	1	0.995172	0.998666	0.967395
550	750	150	0.914591	0.999998	0.993095	0.996868	0.957007
550	750	200	0.901885	0.999985	0.993493	0.998087	0.964462
550	750	250	0.894746	1	0.993517	0.996765	0.962308
550	750	300	0.87209	0.999995	0.99421	0.99524	0.963441
550	750	350	0.849829	0.999998	0.994701	0.993308	0.962096
550	750	400	0.804603	0.999821	0.993713	0.986342	0.965435
600	750	0	0.931922	1	0.991692	0.997516	0.963278
600	750	50	0.934521	0.999986	0.990829	0.996834	0.967445
600	750	100	0.93104	1	0.993336	0.997936	0.966356
600	750	150	0.926982	1	0.992477	0.997419	0.961075
600	750	200	0.922561	1	0.992906	0.997473	0.960082
600	750	250	0.909746	1	0.992378	0.997592	0.966969
600	750	300	0.884568	0.999986	0.99394	0.996911	0.964885
600	750	350	0.865046	0.999978	0.993125	0.995646	0.95819
600	750	400	0.821583	0.999471	0.995229	0.989684	0.959461
600	750	450	0.784927	0.999627	0.996158	0.985558	0.965262
650	750	0	0.937556	1	0.99328	0.995854	0.962615
650	750	50	0.935012	1	0.991846	0.995209	0.966924
650	750	100	0.929198	0.999997	0.992321	0.997128	0.967289
650	750	150	0.933434	0.999976	0.991976	0.995086	0.962343
650	750	200	0.92048	0.999703	0.993409	0.996308	0.964216
650	750	250	0.916233	0.99982	0.992861	0.992733	0.956457
650	750	300	0.904745	0.99999	0.992344	0.993123	0.96953
650	750	350	0.883613	0.999548	0.993433	0.993625	0.964267
650	750	400	0.855955	0.999972	0.993927	0.990865	0.964294
650	750	450	0.820621	0.99973	0.992501	0.982429	0.965746
650	750	500	0.755907	0.999333	0.995244	0.97182	0.962105
700	750	0	0.939509	1	0.993044	0.987661	0.971853
700	750	50	0.946588	0.999697	0.992481	0.983757	0.96649
700	750	100	0.950977	0.999999	0.991379	0.984176	0.967861
700	750	150	0.944921	1	0.992452	0.982858	0.967306
700	750	200	0.935352	0.999329	0.992448	0.981701	0.970217
700	750	250	0.922698	1	0.992875	0.979067	0.964839
700	750	300	0.923231	0.999998	0.992287	0.981847	0.965578
700	750	350	0.911557	0.999678	0.992781	0.969391	0.962866
700	750	400	0.885163	0.999774	0.991554	0.967555	0.967871
700	750	450	0.860035	0.999239	0.991875	0.953013	0.963841
700	750	500	0.807493	0.999054	0.990357	0.939274	0.969856
700	750	550	0.72603	0.996658	0.993681	0.899129	0.96345
750	750	0	0.956753	0.999998	0.990914	0.983284	0.970992
750	750	50	0.939734	0.999874	0.993623	0.985184	0.968096
750	750	100	0.942244	0.999923	0.994187	0.983579	0.968263
750	750	150	0.942283	0.999835	0.992378	0.984159	0.96312
750	750	200	0.944289	0.99988	0.991444	0.98031	0.965983
750	750	250	0.942122	0.999792	0.993564	0.976526	0.963945
750	750	300	0.924867	0.999988	0.993392	0.973146	0.965967
750	750	350	0.924449	0.999598	0.992114	0.968053	0.965849
750	750	400	0.900627	0.999664	0.990974	0.964529	0.966754
750	750	450	0.886965	0.998887	0.993342	0.955211	0.967336
750	750	500	0.86501	0.999469	0.992421	0.935728	0.965989
750	750	550	0.81424	0.998755	0.992458	0.911836	0.966885
750	750	600	0.733797	0.994761	0.992566	0.856451	0.970376
200	800	0	0.793765	0.999953	0.966039	0.980514	0.953116
200	800	50	0.799434	0.999095	0.970742	0.978948	0.946097
250	800	0	0.827684	1	0.978974	0.989479	0.954988
250	800	50	0.846496	0.999988	0.974497	0.988934	0.949683
250	800	100	0.843213	0.999961	0.974637	0.98001	0.954298
300	800	0	0.875944	0.999987	0.979766	0.989438	0.951057
300	800	50	0.860526	0.999975	0.984513	0.99487	0.950014
300	800	100	0.872084	0.999999	0.979814	0.992489	0.951564
300	800	150	0.861261	1	0.975931	0.98767	0.955818
350	800	0	0.870011	1	0.988662	0.996235	0.956528
350	800	50	0.886746	1	0.985229	0.998047	0.954119
350	800	100	0.873493	0.999978	0.98405	0.993945	0.957183
350	800	150	0.864728	0.999998	0.984142	0.992302	0.956936
350	800	200	0.87936	0.999999	0.978897	0.985507	0.947105
400	800	0	0.901973	0.999999	0.990759	0.998068	0.956179
400	800	50	0.887804	1	0.987691	0.997965	0.955927
400	800	100	0.886094	0.999773	0.988092	0.996692	0.958873
400	800	150	0.895108	0.999999	0.988424	0.997838	0.95392
400	800	200	0.871332	1	0.986386	0.995185	0.960967
400	800	250	0.85909	0.999972	0.98251	0.987774	0.954089
450	800	0	0.917691	1	0.992473	0.99844	0.962398
450	800	50	0.908701	1	0.991873	0.998015	0.959159
450	800	100	0.910727	0.999999	0.993253	0.998482	0.963523
450	800	150	0.89352	1	0.991473	0.996749	0.959427
450	800	200	0.888692	0.999994	0.991937	0.998458	0.95584
450	800	250	0.874742	0.999912	0.985492	0.99548	0.955569
450	800	300	0.858857	0.999984	0.984919	0.9869	0.962545
500	800	0	0.927784	1	0.994487	0.998908	0.959166
500	800	50	0.926407	0.99999	0.994502	0.998857	0.957494
500	800	100	0.912974	1	0.994918	0.999276	0.966741
500	800	150	0.917638	1	0.992864	0.99835	0.960286
500	800	200	0.900958	1	0.994691	0.997061	0.963456
500	800	250	0.881096	1	0.993103	0.995806	0.963245
500	800	300	0.866341	0.999995	0.991734	0.995116	0.963865
500	800	350	0.85626	0.999987	0.98827	0.989406	0.96206
550	800	0	0.929433	1	0.994676	0.998268	0.960227
550	800	50	0.92491	1	0.994404	0.99937	0.968655
550	800	100	0.923219	1	0.994749	0.997971	0.958441
550	800	150	0.918826	1	0.994396	0.99875	0.958131
550	800	200	0.913135	1	0.993657	0.998724	0.963565
550	800	250	0.903028	1	0.994247	0.998474	0.962697
550	800	300	0.887723	0.999997	0.995142	0.996333	0.965571
550	800	350	0.866481	1	0.994768	0.996121	0.961102
550	800	400	0.822968	0.999873	0.990874	0.986073	0.963093
600	800	0	0.929504	1	0.993481	0.998445	0.958699
600	800	50	0.933655	1	0.99318	0.998689	0.964521
600	800	100	0.935848	1	0.993338	0.999363	0.963957
600	800	150	0.924052	0.999999	0.993487	0.998588	0.961233
600	800	200	0.921619	1	0.994492	0.998641	0.968262
600	800	250	0.90507	0.999459	0.994855	0.996984	0.96435
600	800	300	0.891086	1	0.994602	0.99662	0.961083
600	800	350	0.879238	0.999997	0.995509	0.997061	0.964807
600	800	400	0.853559	0.999979	0.997059	0.995474	0.961518
600	800	450	0.822482	0.999897	0.993833	0.98865	0.968854
650	800	0	0.943868	1	0.99492	0.998951	0.962815
650	800	50	0.942262	0.999999	0.993848	0.998716	0.96973
650	800	100	0.944499	1	0.994953	0.99849	0.965762
650	800	150	0.928865	1	0.993222	0.998658	0.965489
650	800	200	0.929288	0.999985	0.992842	0.996502	0.961329
650	800	250	0.916548	1	0.993008	0.997801	0.967735
650	800	300	0.905957	1	0.994841	0.997882	0.966632
650	800	350	0.895627	0.99998	0.995313	0.997172	0.965723
650	800	400	0.883121	1	0.994464	0.995858	0.966375
650	800	450	0.843633	0.999981	0.996664	0.993863	0.965368
650	800	500	0.782747	0.999914	0.996058	0.982791	0.966004
700	800	0	0.946781	1	0.993087	0.997033	0.967102
700	800	50	0.943866	1	0.993615	0.997561	0.96511
700	800	100	0.944043	1	0.993346	0.997863	0.970353
700	800	150	0.93707	1	0.994252	0.996363	0.966252
700	800	200	0.933094	1	0.994366	0.996253	0.969083
700	800	250	0.929732	1	0.991404	0.995437	0.96717
700	800	300	0.924336	1	0.993378	0.994321	0.965675
700	800	350	0.912243	0.999999	0.9944	0.993027	0.962154
700	800	400	0.906155	1	0.993743	0.991869	0.960808
700	800	450	0.866121	0.999961	0.992576	0.990312	0.964338
700	800	500	0.829401	0.999611	0.994613	0.982025	0.967798
700	800	550	0.766135	0.999778	0.996399	0.97256	0.969429
750	800	0	0.949493	0.999999	0.993051	0.988437	0.969188
750	800	50	0.949978	1	0.994022	0.984684	0.969154
750	800	100	0.947471	1	0.993544	0.985866	0.970152
750	800	150	0.940663	0.999998	0.992509	0.990792	0.967559
750	800	200	0.943686	0.999996	0.992646	0.987472	0.967505
750	800	250	0.93438	0.999968	0.993904	0.981192	0.969346
750	800	300	0.934874	0.999719	0.993798	0.982895	0.968845
750	800	350	0.931378	0.999988	0.993148	0.981635	0.966221
750	800	400	0.906888	0.999943	0.993671	0.977881	0.967447
750	800	450	0.885226	0.999489	0.994037	0.967694	0.965096
750	800	500	0.863549	0.999157	0.994668	0.959286	0.96844
750	800	550	0.814723	0.998789	0.993897	0.937267	0.968115
750	800	600	0.74727	0.996163	0.99374	0.907631	0.967932
800	800	0	0.954222	0.999999	0.99379	0.984447	0.967392
800	800	50	0.951056	0.999999	0.995793	0.984673	0.968846
800	800	100	0.956894	0.999902	0.994755	0.984665	0.972289
800	800	150	0.948439	0.999979	0.995599	0.984092	0.970451
800	800	200	0.948267	0.999999	0.992755	0.981786	0.966723
800	800	250	0.945188	0.99997	0.993286	0.978279	0.964828
800	800	300	0.938421	0.999755	0.994589	0.980982	0.97142
800	800	350	0.931144	0.999971	0.994093	0.977013	0.966862
800	800	400	0.928319	0.999759	0.993254	0.972485	0.966184
800	800	450	0.910697	0.999383	0.994887	0.969702	0.968334
800	800	500	0.899403	0.999871	0.993549	0.957581	0.969363
800	800	550	0.866085	0.998433	0.994837	0.947368	0.968613
800	800	600	0.820762	0.998888	0.992609	0.916696	0.970578
800	800	650	0.727476	0.995651	0.992812	0.863053	0.970796
200	850	0	0.819972	0.999143	0.968298	0.981736	0.953155
200	850	50	0.812554	1	0.970123	0.976217	0.944813
250	850	0	0.862622	0.999986	0.977988	0.988175	0.956353
250	850	50	0.857247	0.999799	0.975678	0.984901	0.948132
250	850	100	0.847479	0.999877	0.974892	0.986778	0.952485
300	850	0	0.874815	1	0.979712	0.993547	0.955057
300	850	50	0.875375	1	0.98403	0.994517	0.953093
300	850	100	0.869752	0.999999	0.977113	0.994273	0.951473
300	850	150	0.866514	0.999983	0.975466	0.982606	0.948316
350	850	0	0.883879	1	0.987409	0.996514	0.959377
350	850	50	0.886863	1	0.987513	0.996479	0.956737
350	850	100	0.890696	1	0.985359	0.996933	0.959395
350	850	150	0.877623	1	0.983207	0.991826	0.956171
350	850	200	0.866334	0.999922	0.979217	0.986658	0.953441
400	850	0	0.8961	1	0.990583	0.997904	0.964087
400	850	50	0.905794	1	0.992224	0.999034	0.956944
400	850	100	0.894114	1	0.991691	0.99788	0.963991
400	850	150	0.89968	0.999996	0.990434	0.997659	0.957279
400	850	200	0.884089	0.999991	0.984952	0.995319	0.959203
400	850	250	0.877857	0.999997	0.982505	0.989077	0.956948
450	850	0	0.915654	1	0.994316	0.997272	0.961929
450	850	50	0.909286	1	0.993685	0.999077	0.960456
450	850	100	0.89962	1	0.993489	0.998431	0.962145
450	850	150	0.898767	1	0.992222	0.99802	0.958242
450	850	200	0.905815	1	0.99178	0.998429	0.963186
450	850	250	0.888699	1	0.988296	0.993303	0.954325
450	850	300	0.877828	0.999985	0.986339	0.989519	0.963087
500	850	0	0.919883	0.999997	0.994019	0.99801	0.96078
500	850	50	0.925931	1	0.995258	0.996961	0.962186
500	850	100	0.917568	1	0.994572	0.998547	0.965311
500	850	150	0.913603	1	0.993929	0.998517	0.961847
500	850	200	0.905273	0.999995	0.994867	0.998633	0.962415
500	850	250	0.889117	1	0.99337	0.997249	0.957748
500	850	300	0.880159	1	0.99067	0.995485	0.962401
500	850	350	0.861845	0.999968	0.986924	0.989741	0.964649
550	850	0	0.93491	1	0.996274	0.99972	0.963889
550	850	50	0.928242	1	0.993712	0.998359	0.963099
550	850	100	0.929095	1	0.993891	0.998947	0.963764
550	850	150	0.923522	1	0.994806	0.998069	0.966859
550	850	200	0.921532	1	0.994594	0.998165	0.960223
550	850	250	0.906703	1	0.995685	0.998642	0.964456
550	850	300	0.898397	1	0.993974	0.997023	0.962135
550	850	350	0.878895	0.999999	0.995483	0.994923	0.968314
550	850	400	0.855101	0.999978	0.98922	0.992047	0.960456
600	850	0	0.933677	1	0.996218	0.99899	0.969521
600	850	50	0.935641	1	0.99491	0.998738	0.963465
600	850	100	0.939864	1	0.995124	0.999684	0.965591
600	850	150	0.931951	1	0.995598	0.99899	0.965893
600	850	200	0.922916	1	0.996567	0.998463	0.966561
600	850	250	0.918332	1	0.996632	0.998486	0.966855
600	850	300	0.907892	0.999995	0.995565	0.996382	0.965873
600	850	350	0.8922	0.999877	0.996162	0.996557	0.968207
600	850	400	0.861306	1	0.995552	0.997174	0.962931
600	850	450	0.831807	0.999387	0.991687	0.991883	0.964625
650	850	0	0.936591	1	0.996115	0.998172	0.968117
650	850	50	0.943721	1	0.994127	0.999436	0.966404
650	850	100	0.941082	1	0.995903	0.999329	0.967478
650	850	150	0.935368	1	0.994368	0.99863	0.96341
650	850	200	0.928958	1	0.995499	0.999175	0.96741
650	850	250	0.932283	1	0.995945	0.997978	0.967046
650	850	300	0.918172	0.99999	0.996493	0.99677	0.966442
650	850	350	0.90709	1	0.996422	0.998287	0.966513
650	850	400	0.880112	0.99998	0.997168	0.995693	0.967472
650	850	450	0.854262	0.999911	0.996859	0.994099	0.965154
650	850	500	0.817133	0.999999	0.996474	0.990187	0.96719
700	850	0	0.945839	1	0.993513	0.999143	0.964389
700	850	50	0.94915	1	0.994668	0.999158	0.963848
700	850	100	0.940099	1	0.994552	0.999312	0.965536
700	850	150	0.938245	1	0.995079	0.997375	0.969763
700	850	200	0.937693	1	0.995165	0.998519	0.970549
700	850	250	0.924139	0.999759	0.995214	0.99855	0.967129
700	850	300	0.92399	1	0.994732	0.996693	0.971119
700	850	350	0.915129	1	0.995693	0.997036	0.965117
700	850	400	0.902497	0.999999	0.995665	0.996135	0.967265
700	850	450	0.885252	0.999636	0.997312	0.995241	0.967221
700	850	500	0.859786	0.999994	0.99694	0.99415	0.969418
700	850	550	0.786377	0.998912	0.99787	0.984373	0.968605
750	850	0	0.943093	1	0.99422	0.997462	0.966281
750	850	50	0.953375	0.999962	0.994799	0.995384	0.966702
750	850	100	0.944239	1	0.994926	0.99729	0.971251
750	850	150	0.943223	0.999956	0.995234	0.996859	0.967335
750	850	200	0.941331	1	0.994289	0.994812	0.970638
750	850	250	0.940717	1	0.993404	0.995563	0.963799
750	850	300	0.932051	1	0.995484	0.996385	0.970799
750	850	350	0.922413	0.99991	0.991843	0.994962	0.968311
750	850	400	0.910351	0.999989	0.995191	0.995128	0.968738
750	850	450	0.897045	0.999962	0.994569	0.993533	0.971199
750	850	500	0.866648	1	0.995954	0.987978	0.972382
750	850	550	0.823059	0.999425	0.996625	0.986046	0.968723
750	850	600	0.767451	0.999527	0.996654	0.972664	0.966882
800	850	0	0.9524	1	0.993537	0.9889	0.968597
800	850	50	0.951475	0.999976	0.993994	0.989047	0.968397
800	850	100	0.955001	0.999515	0.994067	0.987271	0.968158
800	850	150	0.953708	0.999937	0.994227	0.991126	0.967877
800	850	200	0.947655	1	0.993437	0.987355	0.968767
800	850	250	0.947883	1	0.994549	0.986552	0.969407
800	850	300	0.937349	0.999999	0.994023	0.988698	0.969915
800	850	350	0.933012	0.999871	0.994656	0.980464	0.967116
800	850	400	0.922195	0.999999	0.994565	0.980007	0.969276
800	850	450	0.909247	0.999939	0.994654	0.972655	0.968011
800	850	500	0.890386	0.999285	0.993101	0.972243	0.968064
800	850	550	0.875054	0.999572	0.995795	0.963198	0.975572
800	850	600	0.812214	0.998654	0.994484	0.945288	0.971332
800	850	650	0.743693	0.996808	0.994915	0.903721	0.970944
850	850	0	0.955105	1	0.994295	0.983487	0.969698
850	850	50	0.956812	1	0.995796	0.986892	0.970563
850	850	100	0.957299	1	0.994113	0.985342	0.972762
850	850	150	0.950408	1	0.995714	0.982582	0.96704
850	850	200	0.953909	0.999993	0.993104	0.981634	0.970222
850	850	250	0.954996	0.999962	0.994083	0.980804	0.972252
850	850	300	0.947567	0.999704	0.995013	0.982283	0.973849
850	850	350	0.938856	0.999952	0.994788	0.981834	0.968541
850	850	400	0.938006	0.999968	0.993853	0.97963	0.973523
850	850	450	0.91786	0.999987	0.994424	0.973795	0.970836
850	850	500	0.914789	0.999417	0.995043	0.963841	0.969256
850	850	550	0.893627	0.9992	0.994609	0.960271	0.971855
850	850	600	0.864928	0.999277	0.995607	0.945883	0.973545
850	850	650	0.820308	0.99804	0.995809	0.91815	0.973338
850	850	700	0.7263	0.994524	0.994314	0.869588	0.973244
200	900	0	0.83586	0.999412	0.973952	0.982553	0.946382
200	900	50	0.838894	0.998833	0.970342	0.974114	0.955932
250	900	0	0.859453	0.999999	0.976631	0.990275	0.95101
250	900	50	0.861826	0.999788	0.979251	0.990677	0.957045
250	900	100	0.855233	0.999935	0.970889	0.985991	0.954507
300	900	0	0.875919	1	0.982455	0.994899	0.954469
300	900	50	0.892976	1	0.981112	0.995182	0.959294
300	900	100	0.886009	1	0.979798	0.991924	0.953397
300	900	150	0.888111	0.999997	0.980319	0.985421	0.958911
350	900	0	0.894869	1	0.985905	0.998512	0.948603
350	900	50	0.893985	1	0.98803	0.9973	0.961689
350	900	100	0.885999	0.999996	0.985905	0.996294	0.959406
350	900	150	0.894401	0.999952	0.981721	0.991368	0.959551
350	900	200	0.893542	1	0.978969	0.991307	0.95858
400	900	0	0.9074	1	0.990022	0.998278	0.956082
400	900	50	0.913314	0.999999	0.990274	0.999007	0.961464
400	900	100	0.905432	1	0.988995	0.998658	0.961505
400	900	150	0.903385	0.999862	0.986633	0.99638	0.959651
400	900	200	0.887425	1	0.986848	0.993797	0.959621
400	900	250	0.894885	1	0.980865	0.988245	0.959906
450	900	0	0.921802	1	0.993176	0.999479	0.964824
450	900	50	0.920736	1	0.99039	0.999602	0.958064
450	900	100	0.908351	0.999961	0.99216	0.997983	0.962813
450	900	150	0.910685	0.999999	0.990184	0.998871	0.959085
450	900	200	0.904109	0.999949	0.990325	0.996862	0.960543
450	900	250	0.883995	1	0.98809	0.997308	0.962036
450	900	300	0.901956	0.999984	0.981125	0.992571	0.964788
500	900	0	0.929608	1	0.994468	0.997029	0.96533
500	900	50	0.921793	1	0.994475	0.999372	0.963686
500	900	100	0.924285	1	0.995134	0.999233	0.967261
500	900	150	0.922936	0.999999	0.994954	0.998741	0.967792
500	900	200	0.904636	1	0.994107	0.998007	0.962146
500	900	250	0.900039	1	0.992719	0.99794	0.965544
500	900	300	0.884867	0.999999	0.990898	0.99681	0.968429
500	900	350	0.888297	0.999963	0.985012	0.991506	0.965849
550	900	0	0.932257	1	0.996702	0.998787	0.966609
550	900	50	0.926038	1	0.995897	0.999744	0.962009
550	900	100	0.935746	1	0.995737	0.999502	0.964281
550	900	150	0.933033	1	0.993642	0.999221	0.961207
550	900	200	0.925124	1	0.996489	0.999297	0.960147
550	900	250	0.91345	1	0.995284	0.998446	0.963792
550	900	300	0.900143	0.999988	0.993815	0.99688	0.966537
550	900	350	0.889448	1	0.99227	0.996659	0.968436
550	900	400	0.881955	0.999527	0.9857	0.990988	0.970313
600	900	0	0.934208	1	0.996924	0.999878	0.961322
600	900	50	0.941091	1	0.995271	0.999691	0.961311
600	900	100	0.941255	1	0.995221	0.999012	0.965442
600	900	150	0.940788	1	0.996232	0.999466	0.968971
600	900	200	0.932034	1	0.996129	0.99928	0.967282
600	900	250	0.925155	1	0.995445	0.998918	0.962528
600	900	300	0.91285	1	0.997106	0.997372	0.967553
600	900	350	0.902281	1	0.996672	0.997752	0.971011
600	900	400	0.883789	0.999937	0.995746	0.996518	0.968535
600	900	450	0.859514	0.999995	0.991635	0.992137	0.967413
650	900	0	0.943477	1	0.997063	0.99956	0.966842
650	900	50	0.941261	1	0.996046	0.99948	0.963764
650	900	100	0.945674	1	0.996381	0.998522	0.967695
650	900	150	0.935364	1	0.996766	0.999125	0.968444
650	900	200	0.936861	1	0.996065	0.998895	0.972004
650	900	250	0.929751	1	0.99656	0.999084	0.96951
650	900	300	0.923989	1	0.995804	0.999078	0.967128
650	900	350	0.907506	1	0.997569	0.999037	0.966624
650	900	400	0.886532	0.999999	0.997128	0.996511	0.969037
650	900	450	0.872776	0.999832	0.996315	0.995164	0.972244
650	900	500	0.831705	0.999731	0.994311	0.991137	0.970343
700	900	0	0.949124	1	0.994905	0.999235	0.968403
700	900	50	0.954289	1	0.996174	0.999365	0.969246
700	900	100	0.94717	1	0.996906	0.998176	0.969732
700	900	150	0.94461	1	0.996144	0.999461	0.975979
700	900	200	0.947672	1	0.996222	0.999153	0.969961
700	900	250	0.936126	1	0.996647	0.99865	0.967996
700	900	300	0.925998	1	0.996633	0.998534	0.964445
700	900	350	0.922507	1	0.997402	0.997382	0.971329
700	900	400	0.917208	1	0.997059	0.998087	0.968721
700	900	450	0.884604	0.999865	0.997309	0.996828	0.971013
700	900	500	0.874946	0.999724	0.997731	0.995054	0.969808
700	900	550	0.822767	0.999975	0.995113	0.987429	0.969734
750	900	0	0.949866	1	0.994687	0.998231	0.969115
750	900	50	0.951877	1	0.995238	0.998575	0.969595
750	900	100	0.947469	1	0.994927	0.999244	0.972517
750	900	150	0.944793	1	0.995717	0.998573	0.971241
750	900	200	0.947074	1	0.995896	0.997511	0.966354
750	900	250	0.942328	1	0.99505	0.999182	0.971231
750	900	300	0.935398	1	0.996322	0.997525	0.966867
750	900	350	0.931144	1	0.996003	0.997854	0.973133
750	900	400	0.922118	0.999881	0.997136	0.997831	0.970355
750	900	450	0.901835	1	0.99582	0.995821	0.967865
750	900	500	0.883675	1	0.996825	0.994542	0.968661
750	900	550	0.850394	0.999826	0.997529	0.990272	0.970537
750	900	600	0.805929	0.999547	0.997541	0.984914	0.970275
800	900	0	0.957119	0.999904	0.994558	0.998459	0.968908
800	900	50	0.95917	0.999999	0.99484	0.996839	0.970944
800	900	100	0.952134	0.999994	0.995447	0.996886	0.971624
800	900	150	0.959548	1	0.994645	0.996488	0.9687
800	900	200	0.950003	1	0.994629	0.997703	0.969685
800	900	250	0.94433	1	0.996291	0.998498	0.968805
800	900	300	0.937976	0.999992	0.994098	0.997029	0.969296
800	900	350	0.93931	1	0.995842	0.996476	0.97021
800	900	400	0.925788	0.999994	0.996899	0.995777	0.970538
800	900	450	0.914904	0.999997	0.99611	0.993609	0.973088
800	900	500	0.902052	0.999818	0.994865	0.993188	0.97302
800	900	550	0.876555	0.999672	0.995958	0.988039	0.973315
800	900	600	0.840086	0.999733	0.997031	0.981063	0.966731
800	900	650	0.757295	0.99927	0.99679	0.97241	0.969705
850	900	0	0.956411	0.999987	0.994569	0.990607	0.975193
850	900	50	0.952984	0.99995	0.995019	0.991694	0.975075
850	900	100	0.953135	1	0.995157	0.990971	0.973784
850	900	150	0.955838	0.999996	0.995223	0.992916	0.972471
850	900	200	0.952282	0.999933	0.994628	0.98911	0.970319
850	900	250	0.954735	0.999999	0.99554	0.987505	0.973959
850	900	300	0.949862	0.999977	0.994818	0.988984	0.969036
850	900	350	0.939744	1	0.995548	0.990191	0.97315
850	900	400	0.940422	1	0.995082	0.982365	0.973227
850	900	450	0.926836	0.999867	0.995834	0.981165	0.970655
850	900	500	0.911749	1	0.994741	0.977535	0.973162
850	900	550	0.895211	0.999874	0.996078	0.970089	0.974227
850	900	600	0.870829	0.999238	0.994946	0.961268	0.971755
850	900	650	0.824732	0.999009	0.996137	0.945971	0.96798
850	900	700	0.743613	0.995705	0.99684	0.905155	0.970402
900	900	0	0.956998	0.999997	0.99624	0.989636	0.973078
900	900	50	0.961211	0.999905	0.995464	0.986094	0.97344
900	900	100	0.955096	0.999996	0.995702	0.985977	0.96992
900	900	150	0.961874	0.999927	0.996212	0.98612	0.973724
900	900	200	0.957522	0.999984	0.995334	0.985221	0.96814
900	900	250	0.956275	0.999965	0.994981	0.983524	0.971109
900	900	300	0.94577	1	0.996106	0.987465	0.970726
900	900	350	0.947133	0.999981	0.995059	0.98289	0.971864
900	900	400	0.936417	0.99985	0.995176	0.979314	0.972789
900	900	450	0.939872	0.999994	0.995393	0.98324	0.976957
900	900	500	0.932336	0.999965	0.9968	0.976921	0.9764
900	900	550	0.912769	0.999863	0.994693	0.972272	0.971456
900	900	600	0.900601	0.999958	0.995009	0.965951	0.975309
900	900	650	0.86184	0.999076	0.995352	0.946491	0.971463
900	900	700	0.810487	0.997343	0.995008	0.917807	0.97397
900	900	750	0.735251	0.995865	0.996035	0.867005	0.969931
200	950	0	0.840179	0.999997	0.973398	0.979598	0.949282
200	950	50	0.835992	1	0.968709	0.973559	0.955721
250	950	0	0.870093	0.999977	0.97966	0.989327	0.959695
250	950	50	0.870301	0.999391	0.972688	0.987174	0.950532
250	950	100	0.881599	0.999976	0.971252	0.98255	0.959067
300	950	0	0.899226	1	0.983548	0.996361	0.95784
300	950	50	0.883299	0.999924	0.982506	0.993847	0.960838
300	950	100	0.87991	1	0.979574	0.992253	0.95553
300	950	150	0.880653	1	0.979358	0.989384	0.957309
350	950	0	0.908293	1	0.987043	0.99816	0.964633
350	950	50	0.889576	1	0.986372	0.996777	0.959049
350	950	100	0.889535	0.999999	0.985067	0.996464	0.961474
350	950	150	0.898348	0.999913	0.984209	0.994642	0.963216
350	950	200	0.908955	0.999994	0.977317	0.987677	0.957928
400	950	0	0.913498	1	0.991622	0.99823	0.965442
400	950	50	0.907826	1	0.98899	0.996907	0.963367
400	950	100	0.909909	1	0.989257	0.998321	0.964022
400	950	150	0.902159	1	0.985917	0.99748	0.960725
400	950	200	0.90055	1	0.98502	0.996669	0.963535
400	950	250	0.91782	0.999811	0.98148	0.989748	0.965479
450	950	0	0.922365	0.999973	0.991093	0.999039	0.965078
450	950	50	0.923096	0.999999	0.993684	0.999174	0.956742
450	950	100	0.917307	1	0.993527	0.998944	0.965037
450	950	150	0.921129	1	0.99295	0.997662	0.958782
450	950	200	0.902707	1	0.990815	0.997815	0.961534
450	950	250	0.906714	0.999347	0.987239	0.995799	0.963896
450	950	300	0.900383	0.99998	0.983759	0.991022	0.960069
500	950	0	0.922925	1	0.997079	0.999443	0.966705
500	950	50	0.926782	1	0.994517	0.998902	0.965325
500	950	100	0.93037	0.999594	0.992628	0.998928	0.965483
500	950	150	0.929573	1	0.993939	0.999594	0.966706
500	950	200	0.913472	1	0.992689	0.998513	0.961978
500	950	250	0.907926	1	0.992806	0.997262	0.96008
500	950	300	0.904192	0.99999	0.990708	0.997338	0.966722
500	950	350	0.905265	0.999955	0.98993	0.99215	0.970446
550	950	0	0.940502	1	0.995618	0.998592	0.967086
550	950	50	0.937851	1	0.996604	0.999405	0.962891
550	950	100	0.936945	1	0.996498	0.99961	0.971742
550	950	150	0.928267	1	0.995411	0.999009	0.968065
550	950	200	0.92848	1	0.995038	0.998776	0.963685
550	950	250	0.915894	0.999904	0.995313	0.999129	0.964882
550	950	300	0.91144	0.999999	0.995312	0.998477	0.966576
550	950	350	0.897721	0.999871	0.993648	0.997106	0.967441
550	950	400	0.892982	0.999999	0.985442	0.992336	0.963757
600	950	0	0.941432	1	0.996115	0.999436	0.962281
600	950	50	0.940453	1	0.997009	0.998784	0.97059
600	950	100	0.945002	1	0.996111	0.999138	0.970269
600	950	150	0.940925	0.999998	0.997342	0.9989	0.97074
600	950	200	0.928167	1	0.997344	0.99794	0.969547
600	950	250	0.929224	1	0.996974	0.998006	0.964744
600	950	300	0.919293	1	0.996417	0.998084	0.96771
600	950	350	0.914786	1	0.995662	0.998007	0.968249
600	950	400	0.894799	0.99954	0.993298	0.995065	0.961492
600	950	450	0.881337	0.999992	0.99042	0.993288	0.964553
650	950	0	0.94525	1	0.996059	0.999709	0.970872
650	950	50	0.944304	0.999969	0.996651	0.999215	0.969999
650	950	100	0.943509	1	0.996268	0.999549	0.970238
650	950	150	0.944708	1	0.997172	0.997802	0.965404
650	950	200	0.940636	1	0.997165	0.999371	0.968774
650	950	250	0.930309	1	0.997453	0.999402	0.964019
650	950	300	0.929122	1	0.997395	0.999207	0.965716
650	950	350	0.920668	1	0.997579	0.999296	0.969797
650	950	400	0.904876	1	0.996717	0.997151	0.968204
650	950	450	0.884013	0.999588	0.996782	0.995126	0.966379
650	950	500	0.880269	0.999984	0.993942	0.990082	0.964602
700	950	0	0.951984	1	0.996097	0.999439	0.968805
700	950	50	0.9447	1	0.996636	0.999043	0.969301
700	950	100	0.949726	1	0.996349	0.999453	0.967807
700	950	150	0.948495	1	0.996418	0.999206	0.966007
700	950	200	0.950227	1	0.99709	0.999597	0.973933
700	950	250	0.939267	1	0.997261	0.999371	0.969145
700	950	300	0.930796	1	0.996918	0.999021	0.968924
700	950	350	0.924166	1	0.998254	0.998646	0.968492
700	950	400	0.909966	1	0.997309	0.998795	0.971192
700	950	450	0.904982	0.999994	0.997969	0.998824	0.971039
700	950	500	0.876811	0.999999	0.997279	0.996155	0.972634
700	950	550	0.848793	0.999841	0.995838	0.989375	0.971668
750	950	0	0.95071	1	0.996609	0.999431	0.967976
750	950	50	0.949717	1	0.996911	0.999501	0.970013
750	950	100	0.951963	1	0.997304	0.996696	0.968255
750	950	150	0.953311	1	0.995344	0.999199	0.974692
750	950	200	0.953575	1	0.995914	0.999659	0.973992
750	950	250	0.943013	1	0.996937	0.998701	0.971365
750	950	300	0.940464	1	0.996901	0.99902	0.971587
750	950	350	0.937088	1	0.996624	0.999142	0.967055
750	950	400	0.924223	1	0.997895	0.997121	0.971851
750	950	450	0.916427	1	0.997886	0.997128	0.971076
750	950	500	0.891419	1	0.998017	0.996319	0.969079
750	950	550	0.86792	0.999997	0.997768	0.994474	0.973224
750	950	600	0.826528	0.99972	0.996838	0.987258	0.972513
800	950	0	0.956391	1	0.996268	0.998254	0.971625
800	950	50	0.957158	1	0.99632	0.998174	0.972158
800	950	100	0.957323	1	0.995975	0.998519	0.970869
800	950	150	0.956586	1	0.996139	0.998866	0.968387
800	950	200	0.950447	1	0.996265	0.999183	0.969105
800	950	250	0.948529	1	0.996098	0.998879	0.974444
800	950	300	0.946792	1	0.996526	0.998804	0.969972
800	950	350	0.93904	1	0.996851	0.997925	0.972572
800	950	400	0.925201	1	0.996181	0.998224	0.973434
800	950	450	0.925332	1	0.99608	0.996809	0.968703
800	950	500	0.909846	1	0.997773	0.995131	0.970751
800	950	550	0.891843	0.999999	0.997561	0.996797	0.970034
800	950	600	0.85707	0.999961	0.99841	0.992108	0.973393
800	950	650	0.800476	0.999035	0.998007	0.985535	0.97089
850	950	0	0.959594	1	0.995565	0.997416	0.970172
850	950	50	0.964167	1	0.996544	0.996559	0.970729
850	950	100	0.9565	1	0.994885	0.997568	0.970656
850	950	150	0.954767	0.99996	0.995421	0.997716	0.971251
850	950	200	0.952893	1	0.995806	0.997039	0.969463
850	950	250	0.952014	0.999999	0.996665	0.998276	0.971882
850	950	300	0.947239	1	0.996054	0.997498	0.972031
850	950	350	0.945197	1	0.996043	0.996274	0.971836
850	950	400	0.937485	0.999982	0.995286	0.99683	0.97353
850	950	450	0.925992	1	0.996075	0.995774	0.974179
850	950	500	0.918254	0.999997	0.995938	0.994287	0.972601
850	950	550	0.891127	0.999998	0.99629	0.993323	0.969735
850	950	600	0.874547	0.999998	0.996438	0.990473	0.968644
850	950	650	0.836421	0.999908	0.997199	0.98704	0.970932
850	950	700	0.761632	0.99926	0.997696	0.977753	0.972019
900	950	0	0.95701	1	0.996342	0.992362	0.971886
900	950	50	0.954877	0.999737	0.995043	0.991819	0.972377
900	950	100	0.964454	1	0.996053	0.991537	0.971999
900	950	150	0.960559	0.999991	0.997056	0.991963	0.975836
900	950	200	0.963489	0.999738	0.995646	0.987577	0.969547
900	950	250	0.960095	0.999881	0.996564	0.988421	0.974035
900	950	300	0.952344	0.99999	0.996516	0.989447	0.970494
900	950	350	0.950649	1	0.996666	0.987308	0.973787
900	950	400	0.947703	1	0.996589	0.986971	0.971573
900	950	450	0.939876	0.999999	0.9959	0.982238	0.969637
900	950	500	0.931001	0.999996	0.996624	0.98555	0.971736
900	950	550	0.908559	0.99997	0.996083	0.983968	0.975006
900	950	600	0.902183	0.999659	0.994469	0.970866	0.971104
900	950	650	0.871549	0.999437	0.99655	0.965385	0.97677
900	950	700	0.818131	0.998786	0.996804	0.937794	0.971978
900	950	750	0.727454	0.996147	0.997922	0.907121	0.971053
950	950	0	0.960767	0.999944	0.995958	0.990048	0.970525
950	950	50	0.967292	0.999999	0.996341	0.986766	0.972768
950	950	100	0.970167	0.999993	0.996099	0.991282	0.970555
950	950	150	0.963031	0.999976	0.99534	0.989221	0.971386
950	950	200	0.963284	1	0.996422	0.987883	0.973489
950	950	250	0.953257	0.999976	0.996351	0.98649	0.972744
950	950	300	0.958787	0.999994	0.996564	0.986415	0.974692
950	950	350	0.952921	1	0.996614	0.986697	0.971665
950	950	400	0.946268	0.99991	0.994655	0.984457	0.971139
950	950	450	0.946712	1	0.996168	0.981126	0.973152
950	950	500	0.934222	0.999987	0.99565	0.98093	0.974604
950	950	550	0.933031	0.999763	0.995319	0.971833	0.973092
950	950	600	0.913316	0.999911	0.99673	0.966418	0.973488
950	950	650	0.896388	0.999696	0.995712	0.958669	0.96966
950	950	700	0.864564	0.999239	0.996649	0.946418	0.972841
950	950	750	0.815001	0.998005	0.99626	0.923251	0.974155
950	950	800	0.728996	0.994959	0.996309	0.86787	0.972423
200	1000	0	0.850642	1	0.972656	0.983457	0.957339
200	1000	50	0.871958	1	0.974832	0.978665	0.961454
250	1000	0	0.871727	1	0.980268	0.9915	0.961953
250	1000	50	0.870655	0.99998	0.980632	0.987039	0.9594
250	1000	100	0.878447	0.999843	0.969906	0.985181	0.957499
300	1000	0	0.885168	1	0.9843	0.995367	0.958941
300	1000	50	0.900146	1	0.981699	0.995589	0.953588
300	1000	100	0.89043	1	0.981195	0.991431	0.961735
300	1000	150	0.906917	1	0.975327	0.98532	0.960104
350	1000	0	0.898315	1	0.987151	0.997452	0.96438
350	1000	50	0.906944	1	0.986263	0.997098	0.961492
350	1000	100	0.908937	0.999997	0.986725	0.995494	0.961838
350	1000	150	0.898859	0.999748	0.985885	0.99582	0.960169
350	1000	200	0.913346	0.99999	0.978686	0.987376	0.962211
400	1000	0	0.917123	1	0.987869	0.999437	0.965077
400	1000	50	0.917959	1	0.991712	0.998056	0.95768
400	1000	100	0.916222	1	0.986257	0.997544	0.958161
400	1000	150	0.907523	1	0.987466	0.996005	0.962507
400	1000	200	0.913282	1	0.987673	0.995687	0.95845
400	1000	250	0.915409	0.999983	0.983506	0.989829	0.961125
450	1000	0	0.925498	1	0.994017	0.999422	0.962577
450	1000	50	0.937242	1	0.992825	0.998323	0.966244
450	1000	100	0.91638	1	0.993466	0.999303	0.966024
450	1000	150	0.924342	1	0.992094	0.998155	0.963564
450	1000	200	0.923692	0.999814	0.988873	0.998173	0.962005
450	1000	250	0.909263	1	0.985966	0.996444	0.963954
450	1000	300	0.916071	0.999999	0.983805	0.991008	0.960299
500	1000	0	0.927271	1	0.994623	0.998688	0.964315
500	1000	50	0.932725	1	0.994765	0.999679	0.965295
500	1000	100	0.92409	1	0.994326	0.999656	0.964817
500	1000	150	0.927432	1	0.994377	0.99889	0.964668
500	1000	200	0.921939	1	0.996202	0.998418	0.962873
500	1000	250	0.915982	0.999997	0.991811	0.996584	0.966335
500	1000	300	0.9171	0.999999	0.990049	0.995282	0.966071
500	1000	350	0.913425	0.999997	0.988484	0.99248	0.969049
550	1000	0	0.9429	1	0.996869	0.998401	0.968702
550	1000	50	0.93392	1	0.9958	0.999268	0.969421
550	1000	100	0.932901	1	0.996608	0.999524	0.969883
550	1000	150	0.932769	1	0.995213	0.999248	0.968709
550	1000	200	0.929046	0.999802	0.996729	0.998973	0.962008
550	1000	250	0.925592	1	0.995011	0.99953	0.969013
550	1000	300	0.911675	1	0.993524	0.997796	0.970952
550	1000	350	0.91109	1	0.99223	0.996366	0.963647
550	1000	400	0.908733	0.99988	0.987529	0.993533	0.96575
600	1000	0	0.945556	1	0.996587	0.999746	0.969157
600	1000	50	0.937069	1	0.996283	0.999485	0.96866
600	1000	100	0.940793	1	0.997443	0.998305	0.96712
600	1000	150	0.944413	0.999998	0.996651	0.998895	0.968471
600	1000	200	0.938629	1	0.997538	0.999794	0.969633
600	1000	250	0.941663	1	0.996499	0.999566	0.969222
600	1000	300	0.928769	1	0.997191	0.998704	0.967736
600	1000	350	0.913659	0.999929	0.995573	0.999488	0.965703
600	1000	400	0.903934	0.999934	0.992766	0.997308	0.966197
600	1000	450	0.898099	0.999992	0.992214	0.990385	0.964865
650	1000	0	0.950614	1	0.996648	0.999526	0.974823
650	1000	50	0.948622	1	0.997669	0.999739	0.967833
650	1000	100	0.952825	1	0.996804	0.998529	0.969178
650	1000	150	0.948757	1	0.997368	0.999198	0.967199
650	1000	200	0.942146	1	0.997463	0.999834	0.974684
650	1000	250	0.940492	1	0.996817	0.999364	0.968939
650	1000	300	0.924684	0.999829	0.99708	0.999524	0.968677
650	1000	350	0.923754	1	0.997823	0.999155	0.970474
650	1000	400	0.910585	1	0.996702	0.997931	0.972162
650	1000	450	0.904049	1	0.995046	0.994389	0.968842
650	1000	500	0.893726	0.999968	0.991892	0.993409	0.965807
700	1000	0	0.954236	1	0.997433	0.999436	0.972601
700	1000	50	0.954084	1	0.997338	0.999874	0.974193
700	1000	100	0.954997	1	0.997963	0.999492	0.968141
700	1000	150	0.948833	1	0.99729	0.999176	0.968809
700	1000	200	0.944248	1	0.997402	0.999237	0.970281
700	1000	250	0.938335	1	0.997971	0.999583	0.973193
700	1000	300	0.942127	1	0.998089	0.99982	0.968517
700	1000	350	0.941765	1	0.998012	0.998528	0.969539
700	1000	400	0.922008	0.999985	0.997776	0.999128	0.971857
700	1000	450	0.912312	1	0.998363	0.997901	0.971646
700	1000	500	0.887435	0.999822	0.996203	0.996741	0.967672
700	1000	550	0.870955	0.999988	0.994112	0.991359	0.970255
750	1000	0	0.958905	1	0.997246	0.999432	0.972736
750	1000	50	0.949919	1	0.997704	0.999341	0.973341
750	1000	100	0.963851	1	0.997671	0.999417	0.966685
750	1000	150	0.949058	1	0.997633	0.999829	0.969344
750	1000	200	0.947295	1	0.997565	0.999485	0.970133
750	1000	250	0.950953	1	0.997122	0.999859	0.971931
750	1000	300	0.939901	0.999999	0.997527	0.999	0.97044
750	1000	350	0.938064	0.999998	0.997114	0.999198	0.967025
750	1000	400	0.933971	1	0.998812	0.998757	0.969289
750	1000	450	0.923302	1	0.99847	0.998238	0.969561
750	1000	500	0.906055	0.999995	0.998223	0.997535	0.968509
750	1000	550	0.885644	0.999998	0.997661	0.99651	0.971677
750	1000	600	0.85076	0.999893	0.995145	0.99186	0.969221
800	1000	0	0.959484	1	0.997268	0.999241	0.971053
800	1000	50	0.953947	0.999889	0.996999	0.998746	0.974237
800	1000	100	0.960542	1	0.996733	0.998848	0.972765
800	1000	150	0.957833	1	0.997553	0.999568	0.972145
800	1000	200	0.957131	1	0.997005	0.99933	0.970568
800	1000	250	0.946601	0.999954	0.996618	0.99885	0.971133
800	1000	300	0.945619	1	0.997722	0.998886	0.97335
800	1000	350	0.938175	1	0.997571	0.999449	0.973887
800	1000	400	0.940439	1	0.997449	0.999349	0.971743
800	1000	450	0.92413	0.999999	0.998324	0.998936	0.974709
800	1000	500	0.91507	1	0.998092	0.998888	0.968917
800	1000	550	0.893171	0.999866	0.998156	0.996983	0.972463
800	1000	600	0.867387	0.999986	0.998581	0.994751	0.972838
800	1000	650	0.830914	0.999983	0.998218	0.988311	0.968655
850	1000	0	0.962566	1	0.996109	0.999656	0.975731
850	1000	50	0.956281	1	0.996727	0.999458	0.975491
850	1000	100	0.96112	1	0.995871	0.999348	0.972807
850	1000	150	0.956804	1	0.996348	0.99939	0.974336
850	1000	200	0.959664	1	0.996761	0.998345	0.972214
850	1000	250	0.952565	1	0.99767	0.998896	0.97302
850	1000	300	0.949945	1	0.99707	0.998043	0.969686
850	1000	350	0.944373	1	0.99649	0.998489	0.968509
850	1000	400	0.946042	1	0.997333	0.998032	0.970357
850	1000	450	0.932765	0.999997	0.99688	0.997081	0.973048
850	1000	500	0.925506	0.999998	0.997174	0.99617	0.971353
850	1000	550	0.908715	1	0.997609	0.99654	0.97379
850	1000	600	0.891129	0.999997	0.998182	0.995755	0.972869
850	1000	650	0.852264	0.999993	0.998115	0.994703	0.975279
850	1000	700	0.803468	0.999933	0.998552	0.988042	0.974444
900	1000	0	0.960361	1	0.996528	0.998853	0.973521
900	1000	50	0.962021	1	0.99582	0.99906	0.972823
900	1000	100	0.963469	1	0.995711	0.999226	0.974864
900	1000	150	0.957846	1	0.996934	0.998194	0.974854
900	1000	200	0.962277	1	0.996091	0.99739	0.971518
900	1000	250	0.956503	1	0.995352	0.998419	0.974258
900	1000	300	0.953375	1	0.996198	0.997166	0.97473
900	1000	350	0.951451	0.999969	0.996745	0.996055	0.974663
900	1000	400	0.95024	1	0.997092	0.998017	0.976703
900	1000	450	0.93839	1	0.996733	0.994026	0.972318
900	1000	500	0.935906	1	0.997078	0.995851	0.973583
900	1000	550	0.924641	0.999941	0.997542	0.994616	0.972852
900	1000	600	0.90431	1	0.997518	0.992477	0.972392
900	1000	650	0.876058	0.999997	0.996503	0.986582	0.967794
900	1000	700	0.83312	0.99991	0.998191	0.985506	0.972934
900	1000	750	0.773065	0.999046	0.998146	0.975545	0.971873
950	1000	0	0.966144	1	0.996157	0.992744	0.973355
950	1000	50	0.964461	1	0.995542	0.991812	0.972668
950	1000	100	0.960851	0.999995	0.996321	0.993134	0.972523
950	1000	150	0.967366	1	0.996336	0.992169	0.975771
950	1000	200	0.956537	0.999981	0.996921	0.99365	0.97461
950	1000	250	0.956875	1	0.996924	0.987884	0.972207
950	1000	300	0.9563	0.999868	0.996394	0.988301	0.976594
950	1000	350	0.95069	0.999992	0.996476	0.990308	0.972844
950	1000	400	0.950368	0.999999	0.995873	0.986324	0.972976
950	1000	450	0.942853	1	0.996545	0.986836	0.976686
950	1000	500	0.937502	0.999985	0.996707	0.986987	0.977487
950	1000	550	0.925843	1	0.996721	0.982071	0.977877
950	1000	600	0.92302	0.999996	0.997354	0.978087	0.973723
950	1000	650	0.902249	0.999903	0.996871	0.977664	0.976362
950	1000	700	0.867046	0.999803	0.996918	0.963062	0.976331
950	1000	750	0.824512	0.998786	0.997935	0.947129	0.97578
950	1000	800	0.737204	0.994987	0.996875	0.907987	0.973294
1000	1000	0	0.967428	0.999952	0.997081	0.990431	0.976732
1000	1000	50	0.970742	0.999998	0.996261	0.989917	0.976115
1000	1000	100	0.964941	0.999978	0.995498	0.99138	0.977146
1000	1000	150	0.963876	0.999995	0.996957	0.990018	0.976505
1000	1000	200	0.967819	0.999583	0.995116	0.990273	0.973526
1000	1000	250	0.967148	0.99997	0.997222	0.989154	0.970355
1000	1000	300	0.959491	1	0.995894	0.987688	0.974315
1000	1000	350	0.958531	1	0.99617	0.987155	0.972868
1000	1000	400	0.955948	0.999915	0.99662	0.984614	0.972423
1000	1000	450	0.955977	0.999983	0.996711	0.987584	0.977192
1000	1000	500	0.946319	0.999998	0.996122	0.979201	0.972911
1000	1000	550	0.938745	0.999936	0.996821	0.979889	0.976975
1000	1000	600	0.927815	0.999821	0.996761	0.975835	0.973872
1000	1000	650	0.910846	0.999794	0.996161	0.973157	0.976508
1000	1000	700	0.897173	0.999554	0.996101	0.959373	0.972004
1000	1000	750	0.859018	0.998635	0.996455	0.946033	0.975851
1000	1000	800	0.8228	0.997952	0.996155	0.916896	0.976014
1000	1000	850	0.72656	0.99466	0.995876	0.871361	0.976762
