200	200	0	0.590722	0.858353	0.902219
200	200	50	0.487749	0.826119	0.893275
200	250	0	0.567367	0.855165	0.907455
200	250	50	0.535395	0.880202	0.886168
200	300	0	0.614369	0.847729	0.901746
200	300	50	0.496576	0.84567	0.902483
200	350	0	0.587972	0.869377	0.920229
200	350	50	0.511421	0.858437	0.899928
200	400	0	0.515245	0.866671	0.92972
200	400	50	0.475991	0.840158	0.912326
200	450	0	0.531951	0.81927	0.907557
200	450	50	0.50118	0.832786	0.89895
200	500	0	0.592172	0.848577	0.910546
200	500	50	0.5573	0.824971	0.90846
200	550	0	0.577324	0.865566	0.928573
200	550	50	0.555299	0.828991	0.903487
200	600	0	0.523606	0.843754	0.91332
200	600	50	0.50514	0.809321	0.912758
200	650	0	0.551488	0.87814	0.907068
200	650	50	0.553973	0.839444	0.90796
200	700	0	0.598866	0.883887	0.918009
200	700	50	0.532211	0.848725	0.920949
200	750	0	0.56758	0.881847	0.915751
200	750	50	0.567376	0.837	0.923275
200	800	0	0.565333	0.864028	0.922411
200	800	50	0.533234	0.856082	0.930317
200	850	0	0.543192	0.867116	0.896493
200	850	50	0.497919	0.821526	0.909441
200	900	0	0.599538	0.861878	0.920337
200	900	50	0.539318	0.861833	0.923323
200	950	0	0.588242	0.871127	0.921925
200	950	50	0.478042	0.848771	0.923904
200	1000	0	0.560116	0.859569	0.921227
200	1000	50	0.563574	0.858662	0.907565
250	200	0	0.691187	0.92571	0.920218
250	200	50	0.693393	0.901227	0.918082
250	250	0	0.70166	0.910384	0.904168
250	250	50	0.65968	0.905752	0.918165
250	250	100	0.60504	0.888077	0.915176
250	300	0	0.755517	0.923054	0.906878
250	300	50	0.659366	0.923657	0.905204
250	300	100	0.579901	0.864135	0.894979
250	350	0	0.664189	0.905767	0.910161
250	350	50	0.641224	0.922561	0.931691
250	350	100	0.548454	0.868608	0.914812
250	400	0	0.708892	0.920744	0.920089
250	400	50	0.655269	0.886741	0.904579
250	400	100	0.611776	0.880544	0.908791
250	450	0	0.696908	0.911593	0.927021
250	450	50	0.677678	0.89304	0.906786
250	450	100	0.664114	0.866053	0.928315
250	500	0	0.713638	0.913213	0.922136
250	500	50	0.6582	0.889007	0.917586
250	500	100	0.556273	0.846681	0.906703
250	550	0	0.701547	0.89055	0.915622
250	550	50	0.709269	0.905888	0.937943
250	550	100	0.556777	0.877906	0.903174
250	600	0	0.757781	0.915409	0.908447
250	600	50	0.678032	0.910093	0.923187
250	600	100	0.566868	0.863268	0.91438
250	650	0	0.673308	0.902907	0.922675
250	650	50	0.657608	0.899957	0.909874
250	650	100	0.580795	0.875143	0.940302
250	700	0	0.670347	0.905765	0.921633
250	700	50	0.697993	0.936471	0.936603
250	700	100	0.591508	0.89214	0.931198
250	750	0	0.694766	0.916557	0.928965
250	750	50	0.643399	0.900922	0.914207
250	750	100	0.592369	0.883195	0.922292
250	800	0	0.656572	0.919305	0.91965
250	800	50	0.677746	0.91794	0.935607
250	800	100	0.598562	0.885718	0.925622
250	850	0	0.686702	0.937232	0.920322
250	850	50	0.67286	0.891689	0.920052
250	850	100	0.615372	0.880738	0.938392
250	900	0	0.687935	0.89192	0.908711
250	900	50	0.695585	0.920588	0.926929
250	900	100	0.639856	0.856296	0.917055
250	950	0	0.737726	0.921729	0.932052
250	950	50	0.659483	0.917845	0.924712
250	950	100	0.609176	0.859614	0.929971
250	1000	0	0.737357	0.909302	0.939658
250	1000	50	0.692595	0.91897	0.940167
250	1000	100	0.653188	0.894666	0.948772
300	200	0	0.761786	0.926055	0.925056
300	200	50	0.752178	0.94241	0.920511
300	250	0	0.77374	0.948406	0.921773
300	250	50	0.769986	0.9295	0.911886
300	250	100	0.740253	0.920895	0.918274
300	300	0	0.761588	0.944234	0.931923
300	300	50	0.758546	0.932105	0.91354
300	300	100	0.733281	0.929874	0.924214
300	300	150	0.669611	0.894125	0.924316
300	350	0	0.786395	0.941154	0.927997
300	350	50	0.782011	0.937273	0.93227
300	350	100	0.732197	0.905363	0.918116
300	350	150	0.635531	0.9056	0.926545
300	400	0	0.747954	0.938355	0.921964
300	400	50	0.730521	0.930115	0.929139
300	400	100	0.702092	0.908201	0.922344
300	400	150	0.63955	0.892685	0.917859
300	450	0	0.762374	0.946968	0.931654
300	450	50	0.757828	0.925122	0.921265
300	450	100	0.747857	0.909691	0.932922
300	450	150	0.64044	0.893855	0.917612
300	500	0	0.756178	0.934007	0.924708
300	500	50	0.730237	0.934739	0.916943
300	500	100	0.722692	0.922556	0.923299
300	500	150	0.614399	0.882771	0.925366
300	550	0	0.792178	0.939478	0.934774
300	550	50	0.75568	0.919298	0.919525
300	550	100	0.698728	0.908485	0.922791
300	550	150	0.629874	0.888778	0.939479
300	600	0	0.768961	0.940587	0.921373
300	600	50	0.763265	0.920137	0.928501
300	600	100	0.708796	0.920981	0.936305
300	600	150	0.622927	0.891744	0.937068
300	650	0	0.769211	0.936465	0.928487
300	650	50	0.770923	0.919168	0.92773
300	650	100	0.743676	0.902343	0.921271
300	650	150	0.610019	0.904993	0.925032
300	700	0	0.768635	0.94089	0.93093
300	700	50	0.76661	0.934278	0.933488
300	700	100	0.754933	0.941609	0.924529
300	700	150	0.580982	0.884043	0.928679
300	750	0	0.778836	0.937824	0.931269
300	750	50	0.792061	0.936084	0.92267
300	750	100	0.704938	0.927464	0.94203
300	750	150	0.640815	0.899898	0.934083
300	800	0	0.727431	0.95025	0.929786
300	800	50	0.710904	0.957177	0.945552
300	800	100	0.711383	0.931979	0.939656
300	800	150	0.59661	0.869459	0.93816
300	850	0	0.784262	0.935166	0.928885
300	850	50	0.756804	0.935255	0.937069
300	850	100	0.711706	0.92841	0.928519
300	850	150	0.669094	0.897376	0.940105
300	900	0	0.747185	0.938434	0.935237
300	900	50	0.803417	0.946086	0.94118
300	900	100	0.758544	0.923243	0.931567
300	900	150	0.617941	0.89866	0.932577
300	950	0	0.780073	0.935403	0.933921
300	950	50	0.761283	0.929867	0.930418
300	950	100	0.772296	0.91316	0.92301
300	950	150	0.649329	0.893288	0.923969
300	1000	0	0.748921	0.932591	0.924863
300	1000	50	0.781455	0.941333	0.925389
300	1000	100	0.740323	0.931253	0.948961
300	1000	150	0.648815	0.897034	0.932786
350	200	0	0.813095	0.956396	0.937277
350	200	50	0.820127	0.953938	0.940051
350	250	0	0.848795	0.949064	0.922969
350	250	50	0.79763	0.957708	0.941563
350	250	100	0.765916	0.942953	0.932317
350	300	0	0.825991	0.960776	0.941018
350	300	50	0.803456	0.951985	0.93035
350	300	100	0.783258	0.937657	0.932221
350	300	150	0.76451	0.938486	0.931512
350	350	0	0.80955	0.947093	0.927149
350	350	50	0.783035	0.957582	0.939526
350	350	100	0.782193	0.950136	0.933068
350	350	150	0.756455	0.9324	0.940043
350	350	200	0.621349	0.88845	0.932674
350	400	0	0.838409	0.945092	0.927495
350	400	50	0.814652	0.951313	0.939386
350	400	100	0.775486	0.948664	0.939835
350	400	150	0.754409	0.932785	0.929153
350	400	200	0.678787	0.889174	0.926917
350	450	0	0.791353	0.959879	0.936002
350	450	50	0.808901	0.955003	0.932309
350	450	100	0.803654	0.950156	0.935525
350	450	150	0.714821	0.926046	0.935014
350	450	200	0.653862	0.903895	0.936822
350	500	0	0.84798	0.957618	0.943878
350	500	50	0.815944	0.960058	0.947787
350	500	100	0.796992	0.962895	0.938397
350	500	150	0.764002	0.935005	0.93288
350	500	200	0.644241	0.883773	0.941148
350	550	0	0.817481	0.965348	0.936312
350	550	50	0.79798	0.963942	0.947926
350	550	100	0.784453	0.940089	0.936209
350	550	150	0.789112	0.920487	0.928866
350	550	200	0.629885	0.905142	0.946312
350	600	0	0.808648	0.957318	0.943654
350	600	50	0.809875	0.94783	0.941666
350	600	100	0.79324	0.948526	0.93374
350	600	150	0.729906	0.934383	0.939964
350	600	200	0.665739	0.898685	0.933366
350	650	0	0.814444	0.951902	0.924261
350	650	50	0.803173	0.954615	0.93958
350	650	100	0.792186	0.952518	0.941316
350	650	150	0.765313	0.942443	0.934748
350	650	200	0.687197	0.897141	0.941219
350	700	0	0.816462	0.962727	0.944436
350	700	50	0.800447	0.955577	0.940746
350	700	100	0.777983	0.943314	0.935605
350	700	150	0.737798	0.937847	0.93839
350	700	200	0.682126	0.90353	0.936304
350	750	0	0.840217	0.96303	0.9407
350	750	50	0.832638	0.961343	0.939935
350	750	100	0.808241	0.948693	0.939416
350	750	150	0.780163	0.93694	0.935741
350	750	200	0.642881	0.909457	0.942204
350	800	0	0.818861	0.965539	0.939633
350	800	50	0.812335	0.947895	0.939943
350	800	100	0.817202	0.950286	0.936662
350	800	150	0.758393	0.93359	0.940955
350	800	200	0.688057	0.904083	0.94377
350	850	0	0.831666	0.96176	0.938897
350	850	50	0.81878	0.958907	0.951351
350	850	100	0.806437	0.944358	0.946533
350	850	150	0.717079	0.93775	0.94697
350	850	200	0.645292	0.904705	0.938328
350	900	0	0.817755	0.946818	0.932914
350	900	50	0.822417	0.952723	0.932314
350	900	100	0.782399	0.957988	0.942424
350	900	150	0.742127	0.938672	0.948209
350	900	200	0.665829	0.910226	0.943999
350	950	0	0.82438	0.95598	0.929484
350	950	50	0.787297	0.950376	0.932702
350	950	100	0.762037	0.955866	0.949249
350	950	150	0.760978	0.944759	0.949984
350	950	200	0.63753	0.8982	0.926892
350	1000	0	0.825383	0.961906	0.940541
350	1000	50	0.797264	0.954986	0.941546
350	1000	100	0.79401	0.949034	0.949713
350	1000	150	0.735981	0.924054	0.938954
350	1000	200	0.649693	0.898916	0.941883
400	200	0	0.859324	0.969126	0.939932
400	200	50	0.83377	0.965961	0.941653
400	250	0	0.857474	0.974786	0.939681
400	250	50	0.843082	0.955335	0.933385
400	250	100	0.812254	0.9679	0.944891
400	300	0	0.865966	0.968821	0.943785
400	300	50	0.852125	0.963176	0.935717
400	300	100	0.816073	0.966704	0.948545
400	300	150	0.827858	0.959765	0.93992
400	350	0	0.861277	0.971581	0.942909
400	350	50	0.824298	0.963163	0.943396
400	350	100	0.850037	0.97325	0.952982
400	350	150	0.808825	0.956878	0.942009
400	350	200	0.767201	0.9424	0.947871
400	400	0	0.830203	0.963019	0.936389
400	400	50	0.850743	0.975803	0.946091
400	400	100	0.83994	0.955671	0.93804
400	400	150	0.797492	0.962259	0.94469
400	400	200	0.795993	0.944408	0.94178
400	400	250	0.662292	0.905691	0.937316
400	450	0	0.852199	0.971657	0.945093
400	450	50	0.845268	0.9705	0.945713
400	450	100	0.821962	0.962625	0.94182
400	450	150	0.834346	0.961817	0.936047
400	450	200	0.755906	0.950001	0.947158
400	450	250	0.648072	0.899902	0.932614
400	500	0	0.858033	0.974262	0.945091
400	500	50	0.849219	0.971511	0.94427
400	500	100	0.816949	0.965988	0.936206
400	500	150	0.821018	0.95885	0.933291
400	500	200	0.78202	0.943354	0.941921
400	500	250	0.719647	0.919367	0.949223
400	550	0	0.874235	0.962559	0.939646
400	550	50	0.847736	0.960289	0.938215
400	550	100	0.848063	0.955897	0.943266
400	550	150	0.817763	0.953021	0.943279
400	550	200	0.794988	0.946074	0.947712
400	550	250	0.661087	0.920485	0.947118
400	600	0	0.853714	0.969421	0.933682
400	600	50	0.847082	0.970708	0.949924
400	600	100	0.835528	0.956093	0.932462
400	600	150	0.818435	0.95973	0.948391
400	600	200	0.77873	0.954109	0.94052
400	600	250	0.666602	0.907531	0.947421
400	650	0	0.871753	0.965841	0.940598
400	650	50	0.830999	0.967251	0.947331
400	650	100	0.837569	0.958237	0.947769
400	650	150	0.811434	0.952466	0.950238
400	650	200	0.77057	0.946557	0.941059
400	650	250	0.685089	0.909291	0.94464
400	700	0	0.883402	0.968711	0.93909
400	700	50	0.869583	0.971189	0.94975
400	700	100	0.853272	0.961325	0.942158
400	700	150	0.822382	0.963351	0.947863
400	700	200	0.765329	0.942271	0.946858
400	700	250	0.692437	0.896458	0.940729
400	750	0	0.852545	0.967011	0.944068
400	750	50	0.856362	0.970478	0.934886
400	750	100	0.842298	0.965261	0.944438
400	750	150	0.807482	0.952919	0.946463
400	750	200	0.762736	0.944113	0.933351
400	750	250	0.691304	0.895131	0.943572
400	800	0	0.850109	0.960871	0.938385
400	800	50	0.851496	0.972393	0.954358
400	800	100	0.83567	0.954719	0.937637
400	800	150	0.798633	0.956954	0.945254
400	800	200	0.763107	0.940591	0.944624
400	800	250	0.667604	0.917502	0.945291
400	850	0	0.858075	0.957257	0.944869
400	850	50	0.84664	0.970545	0.946012
400	850	100	0.829914	0.958313	0.944653
400	850	150	0.829089	0.953667	0.936706
400	850	200	0.778517	0.937149	0.944474
400	850	250	0.675685	0.915171	0.946285
400	900	0	0.878896	0.965161	0.947044
400	900	50	0.841394	0.962409	0.94195
400	900	100	0.841901	0.947911	0.940544
400	900	150	0.798685	0.948599	0.940626
400	900	200	0.762911	0.947261	0.951231
400	900	250	0.674879	0.915093	0.954433
400	950	0	0.849759	0.969432	0.940353
400	950	50	0.830496	0.963588	0.948131
400	950	100	0.828746	0.967947	0.942646
400	950	150	0.84792	0.953625	0.949446
400	950	200	0.787913	0.933281	0.950022
400	950	250	0.699097	0.892721	0.934712
400	1000	0	0.876892	0.960896	0.946632
400	1000	50	0.845563	0.963222	0.94226
400	1000	100	0.840034	0.95541	0.940975
400	1000	150	0.809564	0.96159	0.948793
400	1000	200	0.758	0.938417	0.949908
400	1000	250	0.669527	0.90182	0.946556
450	200	0	0.867334	0.974201	0.945268
450	200	50	0.867998	0.970801	0.94437
450	250	0	0.881803	0.971981	0.947281
450	250	50	0.884767	0.973965	0.942217
450	250	100	0.861262	0.970708	0.942776
450	300	0	0.862366	0.977404	0.943398
450	300	50	0.885367	0.973666	0.940764
450	300	100	0.870009	0.977885	0.949049
450	300	150	0.852902	0.964589	0.939212
450	350	0	0.862118	0.968191	0.94641
450	350	50	0.879407	0.978331	0.947134
450	350	100	0.872363	0.966268	0.937253
450	350	150	0.871138	0.973106	0.946843
450	350	200	0.825695	0.966383	0.949082
450	400	0	0.872002	0.969509	0.944375
450	400	50	0.880935	0.976965	0.94457
450	400	100	0.869338	0.963377	0.935753
450	400	150	0.850543	0.962583	0.945282
450	400	200	0.833959	0.954035	0.941509
450	400	250	0.806055	0.948919	0.942545
450	450	0	0.865175	0.969148	0.93825
450	450	50	0.875776	0.972388	0.944983
450	450	100	0.860906	0.972872	0.951889
450	450	150	0.854208	0.963913	0.9436
450	450	200	0.824377	0.959932	0.954104
450	450	250	0.787563	0.951115	0.949276
450	450	300	0.692076	0.91363	0.949365
450	500	0	0.896133	0.972597	0.950223
450	500	50	0.869441	0.975721	0.941592
450	500	100	0.860278	0.975567	0.950167
450	500	150	0.843988	0.963565	0.943974
450	500	200	0.83877	0.962637	0.946437
450	500	250	0.790933	0.948796	0.940664
450	500	300	0.695952	0.912162	0.948017
450	550	0	0.860538	0.970507	0.953308
450	550	50	0.886956	0.970067	0.940257
450	550	100	0.875749	0.965133	0.939043
450	550	150	0.834054	0.968821	0.945672
450	550	200	0.821493	0.960946	0.944358
450	550	250	0.796485	0.946825	0.950432
450	550	300	0.694158	0.918388	0.952939
450	600	0	0.882284	0.97207	0.944361
450	600	50	0.856469	0.978871	0.951401
450	600	100	0.887496	0.967024	0.950183
450	600	150	0.839191	0.956197	0.942834
450	600	200	0.82487	0.960607	0.947899
450	600	250	0.769185	0.938628	0.951594
450	600	300	0.693783	0.91515	0.948826
450	650	0	0.874089	0.979312	0.946188
450	650	50	0.887646	0.970989	0.951932
450	650	100	0.875261	0.969135	0.944482
450	650	150	0.839566	0.965128	0.946807
450	650	200	0.824328	0.96076	0.950772
450	650	250	0.76765	0.943939	0.938669
450	650	300	0.697634	0.915321	0.954252
450	700	0	0.880145	0.974597	0.947994
450	700	50	0.872353	0.971393	0.942479
450	700	100	0.859998	0.96711	0.95169
450	700	150	0.831078	0.973012	0.956486
450	700	200	0.826801	0.957753	0.94965
450	700	250	0.790871	0.943697	0.94674
450	700	300	0.693533	0.915928	0.953058
450	750	0	0.882092	0.978765	0.957115
450	750	50	0.886932	0.979351	0.951335
450	750	100	0.851669	0.977316	0.946541
450	750	150	0.880337	0.963726	0.952348
450	750	200	0.83029	0.96036	0.94396
450	750	250	0.771052	0.945264	0.955486
450	750	300	0.677792	0.91565	0.948119
450	800	0	0.854525	0.97221	0.953186
450	800	50	0.868443	0.97524	0.950044
450	800	100	0.874163	0.968908	0.953102
450	800	150	0.875928	0.96845	0.95268
450	800	200	0.829967	0.962	0.951203
450	800	250	0.762677	0.944094	0.945916
450	800	300	0.717554	0.917953	0.95147
450	850	0	0.886327	0.970415	0.95574
450	850	50	0.881413	0.973275	0.949395
450	850	100	0.86384	0.975768	0.958013
450	850	150	0.836092	0.971737	0.955543
450	850	200	0.799766	0.95605	0.954559
450	850	250	0.762419	0.947333	0.949592
450	850	300	0.686671	0.921306	0.953857
450	900	0	0.854325	0.964815	0.948738
450	900	50	0.863536	0.974672	0.947557
450	900	100	0.873341	0.974189	0.951387
450	900	150	0.852138	0.969243	0.954743
450	900	200	0.818845	0.956729	0.939213
450	900	250	0.769417	0.947259	0.945301
450	900	300	0.701624	0.923148	0.946332
450	950	0	0.898258	0.971012	0.949998
450	950	50	0.873039	0.978357	0.956521
450	950	100	0.854068	0.978184	0.954054
450	950	150	0.851053	0.969188	0.95366
450	950	200	0.807167	0.967655	0.95174
450	950	250	0.789177	0.945521	0.947838
450	950	300	0.682974	0.916882	0.957455
450	1000	0	0.880872	0.977286	0.951607
450	1000	50	0.878728	0.974199	0.952345
450	1000	100	0.871219	0.964609	0.947111
450	1000	150	0.851329	0.964605	0.951676
450	1000	200	0.827521	0.954861	0.945887
450	1000	250	0.748943	0.949803	0.94727
450	1000	300	0.695936	0.905958	0.954799
500	200	0	0.892215	0.980356	0.955729
500	200	50	0.911489	0.976507	0.945471
500	250	0	0.906242	0.97638	0.944668
500	250	50	0.899614	0.983137	0.954104
500	250	100	0.881606	0.972397	0.948657
500	300	0	0.888408	0.977079	0.953409
500	300	50	0.910594	0.976845	0.950701
500	300	100	0.890375	0.98076	0.957182
500	300	150	0.879936	0.971047	0.952163
500	350	0	0.89023	0.980969	0.951042
500	350	50	0.899929	0.983196	0.954326
500	350	100	0.883114	0.973132	0.954229
500	350	150	0.866548	0.97244	0.945851
500	350	200	0.866029	0.972334	0.950797
500	400	0	0.895032	0.977728	0.946523
500	400	50	0.885484	0.980547	0.955707
500	400	100	0.859683	0.972578	0.951345
500	400	150	0.875076	0.97617	0.953678
500	400	200	0.875212	0.968177	0.951286
500	400	250	0.828979	0.959329	0.948913
500	450	0	0.897276	0.980478	0.952958
500	450	50	0.914638	0.978037	0.954358
500	450	100	0.887317	0.979827	0.949123
500	450	150	0.896296	0.978854	0.953326
500	450	200	0.86308	0.962815	0.94176
500	450	250	0.849161	0.961183	0.953998
500	450	300	0.798684	0.945187	0.947358
500	500	0	0.893551	0.977219	0.951761
500	500	50	0.898884	0.976568	0.953602
500	500	100	0.898391	0.980646	0.952668
500	500	150	0.87494	0.971958	0.945682
500	500	200	0.868011	0.967072	0.957388
500	500	250	0.834893	0.967756	0.959907
500	500	300	0.799469	0.955353	0.954884
500	500	350	0.701836	0.913764	0.95248
500	550	0	0.884994	0.983506	0.950307
500	550	50	0.904015	0.97587	0.951297
500	550	100	0.896776	0.976717	0.950086
500	550	150	0.84944	0.97427	0.946167
500	550	200	0.86549	0.965947	0.951927
500	550	250	0.829937	0.960316	0.951528
500	550	300	0.789481	0.949841	0.951375
500	550	350	0.67893	0.918937	0.943155
500	600	0	0.897692	0.984421	0.952641
500	600	50	0.891075	0.98175	0.955401
500	600	100	0.890245	0.973363	0.955268
500	600	150	0.86228	0.966485	0.952673
500	600	200	0.871899	0.975843	0.960025
500	600	250	0.842175	0.963243	0.951643
500	600	300	0.803598	0.940391	0.948878
500	600	350	0.696989	0.906	0.956516
500	650	0	0.896073	0.979581	0.956634
500	650	50	0.905135	0.979481	0.954756
500	650	100	0.892787	0.969981	0.952974
500	650	150	0.88936	0.97558	0.952617
500	650	200	0.860951	0.967441	0.954508
500	650	250	0.841275	0.95859	0.954811
500	650	300	0.811147	0.953386	0.951608
500	650	350	0.689299	0.914013	0.952557
500	700	0	0.904313	0.978507	0.953418
500	700	50	0.892769	0.982177	0.959258
500	700	100	0.880709	0.979683	0.951052
500	700	150	0.879017	0.978346	0.952814
500	700	200	0.869894	0.967208	0.956348
500	700	250	0.835792	0.962055	0.956763
500	700	300	0.806285	0.944613	0.952908
500	700	350	0.701685	0.921336	0.951777
500	750	0	0.894017	0.980374	0.953251
500	750	50	0.900054	0.974656	0.954392
500	750	100	0.881957	0.983091	0.951738
500	750	150	0.881061	0.973385	0.949092
500	750	200	0.868991	0.965933	0.952879
500	750	250	0.849688	0.962155	0.945142
500	750	300	0.782795	0.951742	0.956761
500	750	350	0.699324	0.918105	0.960478
500	800	0	0.896214	0.980864	0.94703
500	800	50	0.899576	0.977058	0.955599
500	800	100	0.885711	0.976538	0.952344
500	800	150	0.870858	0.980207	0.957282
500	800	200	0.850919	0.965953	0.955469
500	800	250	0.848984	0.967238	0.957159
500	800	300	0.779788	0.947615	0.951629
500	800	350	0.671515	0.923394	0.948729
500	850	0	0.913159	0.975688	0.953221
500	850	50	0.906907	0.977776	0.953458
500	850	100	0.878452	0.97681	0.948273
500	850	150	0.902856	0.974759	0.960421
500	850	200	0.852439	0.970143	0.955029
500	850	250	0.83558	0.961602	0.956093
500	850	300	0.778684	0.951675	0.9548
500	850	350	0.693792	0.916812	0.952196
500	900	0	0.901805	0.981125	0.95131
500	900	50	0.908962	0.977288	0.957455
500	900	100	0.872036	0.979477	0.954777
500	900	150	0.86734	0.976266	0.956718
500	900	200	0.855803	0.966888	0.952725
500	900	250	0.840399	0.961044	0.952289
500	900	300	0.771838	0.947324	0.953716
500	900	350	0.729418	0.907827	0.948532
500	950	0	0.88787	0.981167	0.948974
500	950	50	0.89312	0.981551	0.958346
500	950	100	0.88622	0.970776	0.952055
500	950	150	0.87564	0.977136	0.960925
500	950	200	0.866568	0.969273	0.945267
500	950	250	0.836905	0.960085	0.949877
500	950	300	0.806637	0.95423	0.956226
500	950	350	0.689311	0.911641	0.955569
500	1000	0	0.895906	0.976985	0.959192
500	1000	50	0.894923	0.976564	0.954279
500	1000	100	0.912456	0.976382	0.956459
500	1000	150	0.884894	0.982474	0.955339
500	1000	200	0.870146	0.968933	0.95198
500	1000	250	0.845522	0.964814	0.961503
500	1000	300	0.785397	0.955333	0.952396
500	1000	350	0.71538	0.916597	0.956666
550	200	0	0.9248	0.984417	0.953859
550	200	50	0.910264	0.984379	0.953991
550	250	0	0.914868	0.985427	0.962166
550	250	50	0.921517	0.980911	0.952896
550	250	100	0.905268	0.984219	0.956699
550	300	0	0.920448	0.987942	0.959877
550	300	50	0.922483	0.987664	0.958957
550	300	100	0.917783	0.981	0.955205
550	300	150	0.903834	0.982585	0.956581
550	350	0	0.903572	0.980931	0.947484
550	350	50	0.915442	0.979982	0.957759
550	350	100	0.924811	0.981654	0.951619
550	350	150	0.894877	0.983907	0.961079
550	350	200	0.906596	0.97076	0.948405
550	400	0	0.909474	0.984762	0.960016
550	400	50	0.903084	0.98288	0.95155
550	400	100	0.906405	0.980433	0.960439
550	400	150	0.905266	0.974827	0.952273
550	400	200	0.900898	0.976251	0.959073
550	400	250	0.877124	0.972248	0.950109
550	450	0	0.914624	0.985087	0.957135
550	450	50	0.923793	0.986768	0.95603
550	450	100	0.902107	0.983942	0.955951
550	450	150	0.898924	0.983171	0.951002
550	450	200	0.904084	0.983047	0.957926
550	450	250	0.87837	0.970563	0.955023
550	450	300	0.861772	0.960821	0.950665
550	500	0	0.915143	0.982193	0.952953
550	500	50	0.905314	0.988751	0.962732
550	500	100	0.904643	0.980081	0.954408
550	500	150	0.903932	0.984481	0.961805
550	500	200	0.889674	0.980169	0.957561
550	500	250	0.873684	0.975609	0.95953
550	500	300	0.85131	0.964987	0.955138
550	500	350	0.764144	0.948955	0.952732
550	550	0	0.912021	0.982543	0.955392
550	550	50	0.924427	0.984874	0.956512
550	550	100	0.925935	0.983318	0.957606
550	550	150	0.914994	0.979003	0.950046
550	550	200	0.88688	0.978906	0.950613
550	550	250	0.869888	0.974554	0.958496
550	550	300	0.84953	0.966921	0.961803
550	550	350	0.80647	0.947053	0.956065
550	550	400	0.70275	0.914369	0.955712
550	600	0	0.922158	0.983011	0.953427
550	600	50	0.915813	0.987542	0.96318
550	600	100	0.908974	0.981849	0.958139
550	600	150	0.914729	0.980232	0.961247
550	600	200	0.904102	0.975103	0.953634
550	600	250	0.875805	0.971652	0.954081
550	600	300	0.849414	0.96967	0.953382
550	600	350	0.795793	0.953715	0.957622
550	600	400	0.717637	0.914407	0.954307
550	650	0	0.909458	0.983196	0.958433
550	650	50	0.905545	0.981052	0.955496
550	650	100	0.91009	0.981142	0.955315
550	650	150	0.904774	0.981855	0.954636
550	650	200	0.880905	0.984172	0.960303
550	650	250	0.873243	0.97068	0.953151
550	650	300	0.848258	0.96815	0.961589
550	650	350	0.785253	0.953569	0.95887
550	650	400	0.732261	0.909944	0.952603
550	700	0	0.909159	0.980998	0.955473
550	700	50	0.903963	0.981145	0.957541
550	700	100	0.902045	0.985868	0.962234
550	700	150	0.880605	0.977416	0.949467
550	700	200	0.893287	0.980232	0.957229
550	700	250	0.886636	0.972103	0.962254
550	700	300	0.856536	0.962398	0.951148
550	700	350	0.79104	0.954097	0.959504
550	700	400	0.713001	0.911047	0.955377
550	750	0	0.911353	0.983051	0.958069
550	750	50	0.921475	0.9837	0.960468
550	750	100	0.901812	0.985359	0.960707
550	750	150	0.905891	0.975546	0.95805
550	750	200	0.900925	0.978166	0.958292
550	750	250	0.876942	0.972083	0.95509
550	750	300	0.84764	0.962701	0.949632
550	750	350	0.810529	0.956626	0.959235
550	750	400	0.709545	0.924528	0.960378
550	800	0	0.910556	0.982682	0.953818
550	800	50	0.896132	0.985226	0.960208
550	800	100	0.902393	0.981753	0.961195
550	800	150	0.899111	0.983281	0.95462
550	800	200	0.891887	0.972683	0.950479
550	800	250	0.882968	0.972977	0.954835
550	800	300	0.843175	0.970521	0.958515
550	800	350	0.787814	0.948752	0.957116
550	800	400	0.723552	0.909706	0.95483
550	850	0	0.906973	0.987061	0.959931
550	850	50	0.914438	0.980692	0.954069
550	850	100	0.88814	0.982985	0.955638
550	850	150	0.895985	0.981663	0.960213
550	850	200	0.887829	0.981022	0.961421
550	850	250	0.869788	0.967996	0.954371
550	850	300	0.84733	0.965375	0.950364
550	850	350	0.785537	0.945485	0.95509
550	850	400	0.721044	0.918471	0.957133
550	900	0	0.918675	0.98005	0.960057
550	900	50	0.915473	0.981602	0.960107
550	900	100	0.921657	0.977624	0.95107
550	900	150	0.913722	0.98116	0.959909
550	900	200	0.882555	0.976513	0.958497
550	900	250	0.872822	0.9692	0.955406
550	900	300	0.861849	0.970792	0.962207
550	900	350	0.797959	0.950644	0.956055
550	900	400	0.70539	0.915214	0.955924
550	950	0	0.921946	0.983964	0.959806
550	950	50	0.917305	0.985257	0.962143
550	950	100	0.905034	0.986094	0.960535
550	950	150	0.894347	0.985482	0.9635
550	950	200	0.896731	0.977887	0.962559
550	950	250	0.871164	0.969702	0.959872
550	950	300	0.838508	0.967709	0.958767
550	950	350	0.777811	0.952584	0.961445
550	950	400	0.72678	0.926051	0.96194
550	1000	0	0.904076	0.98415	0.957175
550	1000	50	0.923165	0.983978	0.960291
550	1000	100	0.916008	0.982649	0.958075
550	1000	150	0.905675	0.9848	0.958303
550	1000	200	0.893509	0.977674	0.960806
550	1000	250	0.860378	0.977646	0.958866
550	1000	300	0.853901	0.959705	0.955415
550	1000	350	0.790759	0.951185	0.956195
550	1000	400	0.725086	0.920409	0.95961
600	200	0	0.920281	0.983111	0.950081
600	200	50	0.927393	0.987055	0.949645
600	250	0	0.91502	0.987939	0.959789
600	250	50	0.926889	0.984959	0.959768
600	250	100	0.924004	0.987165	0.957195
600	300	0	0.920124	0.98582	0.958556
600	300	50	0.928262	0.984903	0.959335
600	300	100	0.918744	0.985535	0.9567
600	300	150	0.918336	0.98501	0.957419
600	350	0	0.92483	0.984174	0.954281
600	350	50	0.923146	0.990924	0.962425
600	350	100	0.923228	0.990061	0.962342
600	350	150	0.91789	0.985888	0.960731
600	350	200	0.902885	0.984221	0.956039
600	400	0	0.92443	0.987693	0.956036
600	400	50	0.924334	0.985413	0.952648
600	400	100	0.926545	0.987326	0.958324
600	400	150	0.901795	0.985245	0.957555
600	400	200	0.91681	0.98282	0.958299
600	400	250	0.902608	0.977439	0.95234
600	450	0	0.930474	0.988043	0.955112
600	450	50	0.932169	0.988348	0.962703
600	450	100	0.924445	0.983478	0.956863
600	450	150	0.90657	0.979193	0.952431
600	450	200	0.905578	0.980603	0.956586
600	450	250	0.889067	0.980452	0.96083
600	450	300	0.871485	0.974936	0.963548
600	500	0	0.930394	0.984402	0.959486
600	500	50	0.919469	0.982716	0.958993
600	500	100	0.923808	0.98471	0.957423
600	500	150	0.920549	0.987972	0.955524
600	500	200	0.90538	0.985408	0.963313
600	500	250	0.893728	0.975794	0.957743
600	500	300	0.884738	0.975606	0.95627
600	500	350	0.848002	0.970347	0.962739
600	550	0	0.924398	0.985605	0.959998
600	550	50	0.91911	0.983747	0.958371
600	550	100	0.920637	0.985872	0.960377
600	550	150	0.921139	0.9855	0.962208
600	550	200	0.904905	0.98307	0.959009
600	550	250	0.89093	0.9762	0.957079
600	550	300	0.870959	0.974148	0.95711
600	550	350	0.838127	0.966665	0.957174
600	550	400	0.809049	0.954878	0.962154
600	600	0	0.933283	0.98541	0.960245
600	600	50	0.92043	0.985671	0.958022
600	600	100	0.921553	0.986138	0.958977
600	600	150	0.918307	0.986258	0.960818
600	600	200	0.917374	0.986445	0.956755
600	600	250	0.894368	0.980145	0.959425
600	600	300	0.877584	0.978312	0.956086
600	600	350	0.854173	0.97251	0.964792
600	600	400	0.811123	0.951262	0.960438
600	600	450	0.697894	0.921732	0.965427
600	650	0	0.921237	0.986987	0.959222
600	650	50	0.927539	0.986699	0.964218
600	650	100	0.927631	0.98781	0.959172
600	650	150	0.925902	0.982294	0.962291
600	650	200	0.905246	0.984223	0.952661
600	650	250	0.882161	0.971505	0.95497
600	650	300	0.890211	0.975264	0.956672
600	650	350	0.850871	0.959304	0.953309
600	650	400	0.8191	0.954636	0.962305
600	650	450	0.734673	0.924206	0.960529
600	700	0	0.921543	0.989488	0.963609
600	700	50	0.925611	0.985681	0.960789
600	700	100	0.914709	0.985772	0.958275
600	700	150	0.913636	0.982591	0.963227
600	700	200	0.91072	0.979914	0.959878
600	700	250	0.910928	0.979775	0.953896
600	700	300	0.886102	0.974499	0.958955
600	700	350	0.839959	0.971956	0.961835
600	700	400	0.815302	0.949699	0.955534
600	700	450	0.70452	0.924174	0.963226
600	750	0	0.921556	0.989392	0.960611
600	750	50	0.930341	0.982966	0.958012
600	750	100	0.916695	0.983971	0.961505
600	750	150	0.916336	0.980234	0.959205
600	750	200	0.901564	0.981927	0.961821
600	750	250	0.884064	0.977214	0.955127
600	750	300	0.881525	0.976433	0.95902
600	750	350	0.846451	0.970671	0.963873
600	750	400	0.815865	0.960245	0.965799
600	750	450	0.704742	0.929352	0.966074
600	800	0	0.936659	0.985827	0.961818
600	800	50	0.924285	0.985989	0.957387
600	800	100	0.925459	0.984218	0.962711
600	800	150	0.922609	0.981121	0.960643
600	800	200	0.910443	0.982271	0.964959
600	800	250	0.891782	0.979518	0.967353
600	800	300	0.86153	0.975805	0.965837
600	800	350	0.842667	0.963634	0.960814
600	800	400	0.808381	0.955886	0.964883
600	800	450	0.718147	0.926317	0.958486
600	850	0	0.917717	0.985243	0.959953
600	850	50	0.926817	0.984642	0.958728
600	850	100	0.931759	0.984449	0.965871
600	850	150	0.92074	0.986661	0.962976
600	850	200	0.917317	0.979658	0.961853
600	850	250	0.889682	0.980955	0.962797
600	850	300	0.874232	0.975854	0.959179
600	850	350	0.85248	0.970272	0.96554
600	850	400	0.800402	0.949463	0.953949
600	850	450	0.737526	0.918377	0.956255
600	900	0	0.92391	0.989049	0.966563
600	900	50	0.940085	0.984401	0.959236
600	900	100	0.911685	0.987961	0.964321
600	900	150	0.925154	0.983989	0.955741
600	900	200	0.909084	0.983161	0.965503
600	900	250	0.894335	0.983123	0.967061
600	900	300	0.882706	0.974757	0.963597
600	900	350	0.85941	0.97057	0.960757
600	900	400	0.802843	0.954874	0.96245
600	900	450	0.726779	0.926294	0.964265
600	950	0	0.930424	0.986188	0.959861
600	950	50	0.9346	0.986809	0.96005
600	950	100	0.926369	0.979808	0.957717
600	950	150	0.916319	0.986357	0.964985
600	950	200	0.900531	0.984269	0.962286
600	950	250	0.897402	0.981371	0.958738
600	950	300	0.897443	0.97469	0.962363
600	950	350	0.847151	0.973726	0.963463
600	950	400	0.78328	0.945612	0.962172
600	950	450	0.729489	0.921954	0.959162
600	1000	0	0.926535	0.982633	0.959384
600	1000	50	0.932327	0.984243	0.966777
600	1000	100	0.926441	0.982961	0.957875
600	1000	150	0.906111	0.98466	0.956318
600	1000	200	0.9074	0.982676	0.959704
600	1000	250	0.892642	0.982278	0.966932
600	1000	300	0.892015	0.975711	0.960659
600	1000	350	0.835785	0.96576	0.960905
600	1000	400	0.806646	0.955308	0.965633
600	1000	450	0.719109	0.922669	0.967111
650	200	0	0.924447	0.988173	0.964638
650	200	50	0.931551	0.988583	0.961379
650	250	0	0.929656	0.991256	0.963791
650	250	50	0.934626	0.98935	0.961857
650	250	100	0.93212	0.986866	0.960045
650	300	0	0.947196	0.990106	0.964473
650	300	50	0.928379	0.988813	0.959496
650	300	100	0.933651	0.986914	0.958325
650	300	150	0.93503	0.989168	0.964507
650	350	0	0.941233	0.989276	0.966283
650	350	50	0.933107	0.989721	0.964207
650	350	100	0.932058	0.985283	0.959432
650	350	150	0.929743	0.989841	0.961639
650	350	200	0.925191	0.986504	0.956532
650	400	0	0.930344	0.988562	0.961891
650	400	50	0.924317	0.987834	0.960591
650	400	100	0.935881	0.988096	0.962209
650	400	150	0.923924	0.982485	0.960031
650	400	200	0.929146	0.989374	0.962172
650	400	250	0.920855	0.983552	0.959289
650	450	0	0.926155	0.990649	0.960573
650	450	50	0.937138	0.985334	0.959404
650	450	100	0.9331	0.986376	0.960696
650	450	150	0.933001	0.986065	0.955667
650	450	200	0.930913	0.98294	0.956679
650	450	250	0.895473	0.983186	0.960212
650	450	300	0.913488	0.98513	0.965632
650	500	0	0.934698	0.983848	0.958964
650	500	50	0.932409	0.990141	0.964205
650	500	100	0.928942	0.986289	0.960589
650	500	150	0.92477	0.986024	0.962019
650	500	200	0.914373	0.982481	0.960663
650	500	250	0.912292	0.982771	0.95475
650	500	300	0.897281	0.978566	0.959751
650	500	350	0.869083	0.977663	0.965476
650	550	0	0.940796	0.988437	0.961125
650	550	50	0.9333	0.98684	0.962168
650	550	100	0.939066	0.985391	0.957686
650	550	150	0.930799	0.985722	0.962758
650	550	200	0.924637	0.987086	0.963255
650	550	250	0.914977	0.980836	0.959369
650	550	300	0.89931	0.98365	0.963357
650	550	350	0.884104	0.979205	0.96072
650	550	400	0.847382	0.971273	0.959043
650	600	0	0.946389	0.988777	0.964008
650	600	50	0.92273	0.988588	0.961362
650	600	100	0.933562	0.988512	0.963216
650	600	150	0.929522	0.984024	0.962429
650	600	200	0.919938	0.986908	0.964616
650	600	250	0.920989	0.982603	0.959789
650	600	300	0.90174	0.980063	0.964122
650	600	350	0.877916	0.973924	0.962234
650	600	400	0.845538	0.967093	0.964421
650	600	450	0.824591	0.95752	0.966163
650	650	0	0.931358	0.988069	0.959031
650	650	50	0.944658	0.989515	0.966744
650	650	100	0.929351	0.988693	0.960926
650	650	150	0.928506	0.985417	0.963082
650	650	200	0.93271	0.988615	0.962939
650	650	250	0.905526	0.982418	0.962925
650	650	300	0.902791	0.980051	0.961677
650	650	350	0.885745	0.975926	0.960483
650	650	400	0.844998	0.972927	0.966403
650	650	450	0.810739	0.960045	0.968557
650	650	500	0.723379	0.928378	0.962887
650	700	0	0.941379	0.985928	0.961909
650	700	50	0.932717	0.986881	0.95983
650	700	100	0.931227	0.987571	0.966955
650	700	150	0.9202	0.988461	0.96517
650	700	200	0.921517	0.981412	0.959785
650	700	250	0.917771	0.985527	0.965428
650	700	300	0.898149	0.98102	0.967547
650	700	350	0.885449	0.980212	0.959753
650	700	400	0.848939	0.963585	0.964857
650	700	450	0.804731	0.957112	0.965856
650	700	500	0.722522	0.922063	0.965051
650	750	0	0.924389	0.986861	0.959674
650	750	50	0.932901	0.988824	0.956367
650	750	100	0.923882	0.986316	0.963133
650	750	150	0.930065	0.987434	0.967653
650	750	200	0.92469	0.983964	0.968818
650	750	250	0.918025	0.985649	0.962207
650	750	300	0.898223	0.979867	0.963383
650	750	350	0.888918	0.977284	0.964316
650	750	400	0.854383	0.97036	0.963445
650	750	450	0.804156	0.955087	0.963363
650	750	500	0.716182	0.92509	0.95902
650	800	0	0.927912	0.986863	0.960663
650	800	50	0.932176	0.988291	0.962672
650	800	100	0.938533	0.985556	0.960093
650	800	150	0.924234	0.988408	0.961381
650	800	200	0.915485	0.983832	0.966758
650	800	250	0.918581	0.983016	0.957089
650	800	300	0.892017	0.981383	0.96393
650	800	350	0.882315	0.980153	0.967528
650	800	400	0.856339	0.967077	0.957729
650	800	450	0.788595	0.954646	0.965206
650	800	500	0.725467	0.920224	0.965714
650	850	0	0.940892	0.98794	0.95847
650	850	50	0.928843	0.987437	0.962298
650	850	100	0.939185	0.984583	0.964083
650	850	150	0.923792	0.990653	0.962245
650	850	200	0.914785	0.985023	0.963237
650	850	250	0.914103	0.985737	0.966121
650	850	300	0.901151	0.982112	0.966893
650	850	350	0.88104	0.973395	0.966115
650	850	400	0.858085	0.964766	0.961969
650	850	450	0.81289	0.952402	0.95894
650	850	500	0.731389	0.917047	0.962198
650	900	0	0.93431	0.989211	0.964574
650	900	50	0.938917	0.989064	0.96425
650	900	100	0.937235	0.983863	0.96495
650	900	150	0.930251	0.985267	0.965347
650	900	200	0.923531	0.983732	0.957278
650	900	250	0.91567	0.981823	0.959621
650	900	300	0.900332	0.981595	0.964224
650	900	350	0.890627	0.978267	0.967253
650	900	400	0.865862	0.96742	0.965816
650	900	450	0.806903	0.951962	0.962053
650	900	500	0.716641	0.925695	0.966683
650	950	0	0.929149	0.987792	0.963966
650	950	50	0.93768	0.987473	0.964963
650	950	100	0.93594	0.987667	0.96321
650	950	150	0.921861	0.986178	0.964881
650	950	200	0.923049	0.984486	0.964737
650	950	250	0.9143	0.988113	0.966628
650	950	300	0.904261	0.984517	0.966068
650	950	350	0.87692	0.975449	0.965798
650	950	400	0.867884	0.967827	0.964687
650	950	450	0.816366	0.957317	0.962011
650	950	500	0.7044	0.915729	0.960219
650	1000	0	0.942058	0.986582	0.966562
650	1000	50	0.920687	0.98994	0.964447
650	1000	100	0.930121	0.988338	0.966266
650	1000	150	0.932996	0.984932	0.960491
650	1000	200	0.922898	0.98349	0.962989
650	1000	250	0.903531	0.984706	0.961084
650	1000	300	0.909742	0.975634	0.959832
650	1000	350	0.870172	0.97527	0.964381
650	1000	400	0.865069	0.962946	0.959457
650	1000	450	0.809105	0.950677	0.962363
650	1000	500	0.703571	0.922271	0.967677
700	200	0	0.93648	0.99205	0.967676
700	200	50	0.942144	0.990335	0.964126
700	250	0	0.938844	0.9886	0.963121
700	250	50	0.944131	0.988241	0.962825
700	250	100	0.944233	0.991235	0.960571
700	300	0	0.944151	0.989823	0.964453
700	300	50	0.940046	0.990453	0.963042
700	300	100	0.95077	0.990883	0.968534
700	300	150	0.941531	0.988538	0.968612
700	350	0	0.935171	0.988113	0.961021
700	350	50	0.928248	0.989485	0.964526
700	350	100	0.943285	0.989309	0.963672
700	350	150	0.937196	0.988355	0.961774
700	350	200	0.932475	0.986974	0.959119
700	400	0	0.949126	0.991068	0.963358
700	400	50	0.934733	0.987865	0.959119
700	400	100	0.942308	0.988765	0.965518
700	400	150	0.93376	0.989414	0.956631
700	400	200	0.930801	0.989222	0.962812
700	400	250	0.9148	0.986817	0.961301
700	450	0	0.943668	0.988993	0.967167
700	450	50	0.950146	0.988204	0.96204
700	450	100	0.946389	0.988926	0.961006
700	450	150	0.945548	0.990084	0.9628
700	450	200	0.930151	0.988333	0.962615
700	450	250	0.930218	0.98459	0.960429
700	450	300	0.921166	0.985227	0.963888
700	500	0	0.945666	0.989605	0.966464
700	500	50	0.937993	0.990612	0.967016
700	500	100	0.940657	0.989046	0.964366
700	500	150	0.940271	0.986699	0.960554
700	500	200	0.925624	0.988051	0.965514
700	500	250	0.923441	0.986136	0.961854
700	500	300	0.926998	0.981449	0.958201
700	500	350	0.908317	0.983393	0.96835
700	550	0	0.925219	0.990637	0.962073
700	550	50	0.932605	0.988691	0.967926
700	550	100	0.937779	0.989035	0.962392
700	550	150	0.933106	0.987832	0.963085
700	550	200	0.919594	0.988603	0.963005
700	550	250	0.91763	0.984068	0.96279
700	550	300	0.91143	0.984926	0.96184
700	550	350	0.909251	0.978344	0.956
700	550	400	0.886727	0.975073	0.966072
700	600	0	0.954579	0.989013	0.952273
700	600	50	0.942903	0.988315	0.967261
700	600	100	0.941439	0.988221	0.962491
700	600	150	0.928248	0.987722	0.962122
700	600	200	0.931359	0.985717	0.960845
700	600	250	0.918649	0.988887	0.96231
700	600	300	0.919971	0.983416	0.961153
700	600	350	0.901633	0.977891	0.962085
700	600	400	0.896612	0.973108	0.960514
700	600	450	0.866048	0.972558	0.966591
700	650	0	0.935585	0.992319	0.965186
700	650	50	0.943991	0.988139	0.963692
700	650	100	0.937319	0.991473	0.969626
700	650	150	0.932735	0.988823	0.965552
700	650	200	0.935694	0.986436	0.966389
700	650	250	0.930628	0.985451	0.959548
700	650	300	0.920587	0.983667	0.965801
700	650	350	0.904009	0.986868	0.974129
700	650	400	0.892669	0.974522	0.961373
700	650	450	0.865373	0.972323	0.96336
700	650	500	0.808017	0.955083	0.962662
700	700	0	0.937727	0.990156	0.964674
700	700	50	0.947667	0.991076	0.96539
700	700	100	0.947113	0.990347	0.965129
700	700	150	0.934195	0.98637	0.961899
700	700	200	0.935977	0.98467	0.962932
700	700	250	0.926617	0.984534	0.965342
700	700	300	0.920648	0.982926	0.964175
700	700	350	0.903733	0.982766	0.964866
700	700	400	0.884454	0.974439	0.965081
700	700	450	0.860017	0.971428	0.967865
700	700	500	0.803717	0.951959	0.956395
700	700	550	0.73251	0.926056	0.963674
700	750	0	0.946603	0.990221	0.966027
700	750	50	0.949772	0.991144	0.967304
700	750	100	0.941009	0.98884	0.966908
700	750	150	0.940774	0.986507	0.95908
700	750	200	0.932185	0.985888	0.95991
700	750	250	0.93135	0.984259	0.957342
700	750	300	0.916997	0.984936	0.964781
700	750	350	0.904239	0.981	0.964776
700	750	400	0.885058	0.97857	0.961958
700	750	450	0.858218	0.973474	0.965308
700	750	500	0.7992	0.955868	0.964825
700	750	550	0.727877	0.919928	0.964639
700	800	0	0.942037	0.989233	0.964395
700	800	50	0.943934	0.989388	0.966397
700	800	100	0.949197	0.987507	0.962666
700	800	150	0.944759	0.98761	0.968112
700	800	200	0.924893	0.987925	0.966472
700	800	250	0.932819	0.986152	0.964587
700	800	300	0.905684	0.985747	0.966455
700	800	350	0.908162	0.985242	0.967868
700	800	400	0.881819	0.981706	0.967947
700	800	450	0.848208	0.969209	0.965301
700	800	500	0.827249	0.956693	0.963657
700	800	550	0.735943	0.92536	0.966652
700	850	0	0.949628	0.986079	0.964438
700	850	50	0.940377	0.992036	0.965688
700	850	100	0.939847	0.987419	0.96461
700	850	150	0.942203	0.991047	0.965235
700	850	200	0.929829	0.989622	0.967001
700	850	250	0.932431	0.98586	0.963006
700	850	300	0.909733	0.981376	0.96572
700	850	350	0.902482	0.981783	0.966174
700	850	400	0.892573	0.980726	0.966415
700	850	450	0.867323	0.971262	0.96572
700	850	500	0.826262	0.952763	0.967252
700	850	550	0.730138	0.922802	0.964446
700	900	0	0.937895	0.988993	0.96559
700	900	50	0.948952	0.985853	0.966368
700	900	100	0.937876	0.989227	0.966388
700	900	150	0.938865	0.988408	0.959841
700	900	200	0.937644	0.986063	0.96285
700	900	250	0.932341	0.982945	0.965807
700	900	300	0.926151	0.985029	0.971549
700	900	350	0.898308	0.988058	0.973149
700	900	400	0.887747	0.976776	0.968879
700	900	450	0.868711	0.971445	0.965345
700	900	500	0.806243	0.95175	0.961147
700	900	550	0.718179	0.91919	0.963299
700	950	0	0.941088	0.98817	0.96734
700	950	50	0.940771	0.990646	0.965661
700	950	100	0.928485	0.990218	0.967075
700	950	150	0.940159	0.989358	0.968507
700	950	200	0.931841	0.991516	0.966703
700	950	250	0.930987	0.984997	0.968519
700	950	300	0.916723	0.981155	0.964683
700	950	350	0.899507	0.978391	0.96208
700	950	400	0.888983	0.974952	0.968862
700	950	450	0.862411	0.970528	0.963993
700	950	500	0.806112	0.956797	0.96374
700	950	550	0.700671	0.919217	0.959973
700	1000	0	0.932765	0.990715	0.969137
700	1000	50	0.946151	0.98834	0.961353
700	1000	100	0.951674	0.988101	0.967251
700	1000	150	0.933661	0.9876	0.9618
700	1000	200	0.922671	0.989194	0.967021
700	1000	250	0.922083	0.984942	0.962037
700	1000	300	0.927036	0.98329	0.967175
700	1000	350	0.897642	0.985115	0.966689
700	1000	400	0.886964	0.980044	0.965187
700	1000	450	0.859334	0.971079	0.966742
700	1000	500	0.808908	0.954498	0.968788
700	1000	550	0.721576	0.927289	0.967042
750	200	0	0.952683	0.991335	0.968854
750	200	50	0.948606	0.990563	0.964068
750	250	0	0.952871	0.989945	0.963328
750	250	50	0.955277	0.991342	0.962919
750	250	100	0.940609	0.992691	0.965074
750	300	0	0.955153	0.988529	0.962889
750	300	50	0.940448	0.990072	0.961732
750	300	100	0.947324	0.989603	0.964374
750	300	150	0.939663	0.990495	0.966338
750	350	0	0.949351	0.991672	0.964916
750	350	50	0.949246	0.991082	0.966908
750	350	100	0.945344	0.990624	0.966003
750	350	150	0.938439	0.990568	0.962024
750	350	200	0.936559	0.98808	0.964857
750	400	0	0.954147	0.989774	0.962227
750	400	50	0.939095	0.990967	0.965192
750	400	100	0.949069	0.991187	0.967102
750	400	150	0.94285	0.992026	0.966246
750	400	200	0.944951	0.989042	0.965027
750	400	250	0.936227	0.988556	0.96551
750	450	0	0.941402	0.991482	0.963235
750	450	50	0.950497	0.991876	0.966419
750	450	100	0.945656	0.989088	0.967249
750	450	150	0.939284	0.987668	0.967662
750	450	200	0.939487	0.98983	0.96626
750	450	250	0.946432	0.989693	0.963587
750	450	300	0.932073	0.987896	0.965774
750	500	0	0.950448	0.991133	0.964597
750	500	50	0.952823	0.990986	0.965258
750	500	100	0.950519	0.988945	0.960988
750	500	150	0.945568	0.987518	0.965456
750	500	200	0.949698	0.989012	0.965808
750	500	250	0.925813	0.988608	0.966401
750	500	300	0.929527	0.988208	0.964418
750	500	350	0.923691	0.983632	0.961725
750	550	0	0.950544	0.98866	0.96675
750	550	50	0.954129	0.990194	0.968618
750	550	100	0.945349	0.991283	0.967049
750	550	150	0.943339	0.989257	0.964516
750	550	200	0.945626	0.986827	0.958553
750	550	250	0.937849	0.98736	0.966412
750	550	300	0.926916	0.985662	0.963769
750	550	350	0.91357	0.985603	0.969043
750	550	400	0.901186	0.984439	0.968359
750	600	0	0.948964	0.991111	0.966023
750	600	50	0.954009	0.990781	0.964901
750	600	100	0.953627	0.994	0.965648
750	600	150	0.934887	0.990269	0.959879
750	600	200	0.934162	0.987893	0.96108
750	600	250	0.939722	0.988907	0.966088
750	600	300	0.936086	0.986807	0.96531
750	600	350	0.926527	0.987811	0.96676
750	600	400	0.904609	0.982696	0.968316
750	600	450	0.900982	0.980538	0.963688
750	650	0	0.94608	0.991029	0.964355
750	650	50	0.946723	0.991088	0.964856
750	650	100	0.954649	0.986573	0.9641
750	650	150	0.942877	0.988274	0.961676
750	650	200	0.933368	0.988071	0.963657
750	650	250	0.936701	0.990078	0.968903
750	650	300	0.932117	0.986427	0.967913
750	650	350	0.926839	0.983549	0.967792
750	650	400	0.905138	0.982984	0.965794
750	650	450	0.900579	0.97424	0.96422
750	650	500	0.8778	0.970235	0.96716
750	700	0	0.942339	0.992593	0.969415
750	700	50	0.955338	0.990948	0.967368
750	700	100	0.950482	0.990695	0.966402
750	700	150	0.936958	0.991188	0.965174
750	700	200	0.947316	0.991285	0.971797
750	700	250	0.947038	0.984765	0.963461
750	700	300	0.917939	0.986012	0.967157
750	700	350	0.922862	0.984286	0.964284
750	700	400	0.921055	0.980596	0.963982
750	700	450	0.889468	0.978401	0.964525
750	700	500	0.856587	0.96374	0.962975
750	700	550	0.813279	0.951873	0.966077
750	750	0	0.937827	0.989197	0.967129
750	750	50	0.95158	0.988463	0.964782
750	750	100	0.951449	0.990823	0.964323
750	750	150	0.942949	0.993103	0.967919
750	750	200	0.944073	0.989985	0.967863
750	750	250	0.937653	0.988277	0.967441
750	750	300	0.928552	0.987872	0.967781
750	750	350	0.92579	0.985487	0.966806
750	750	400	0.915644	0.982901	0.963526
750	750	450	0.883087	0.976408	0.965834
750	750	500	0.864731	0.96986	0.96775
750	750	550	0.814078	0.955676	0.964362
750	750	600	0.735575	0.921723	0.963587
750	800	0	0.939565	0.989748	0.968617
750	800	50	0.948534	0.990877	0.967683
750	800	100	0.947071	0.99224	0.96686
750	800	150	0.950598	0.990921	0.971066
750	800	200	0.94008	0.987838	0.966264
750	800	250	0.93838	0.987902	0.964641
750	800	300	0.918238	0.988837	0.971417
750	800	350	0.909978	0.984724	0.963181
750	800	400	0.908554	0.982654	0.966941
750	800	450	0.891762	0.975182	0.963881
750	800	500	0.860635	0.969337	0.961183
750	800	550	0.827981	0.949875	0.964477
750	800	600	0.734122	0.923128	0.968161
750	850	0	0.944257	0.991368	0.970265
750	850	50	0.938352	0.989632	0.966086
750	850	100	0.948887	0.991575	0.969107
750	850	150	0.941569	0.987984	0.965682
750	850	200	0.944369	0.990909	0.966833
750	850	250	0.92627	0.987903	0.966255
750	850	300	0.937706	0.989687	0.968242
750	850	350	0.925535	0.985555	0.971479
750	850	400	0.906641	0.980971	0.967711
750	850	450	0.889766	0.977399	0.966753
750	850	500	0.874449	0.970276	0.968793
750	850	550	0.806826	0.954572	0.966358
750	850	600	0.720163	0.928503	0.967175
750	900	0	0.950198	0.992596	0.966329
750	900	50	0.952296	0.991541	0.970063
750	900	100	0.94911	0.989934	0.96701
750	900	150	0.953447	0.989081	0.9639
750	900	200	0.92956	0.98943	0.965139
750	900	250	0.940116	0.989249	0.967838
750	900	300	0.934495	0.986829	0.96747
750	900	350	0.923055	0.985631	0.963838
750	900	400	0.906964	0.980191	0.964938
750	900	450	0.880804	0.979479	0.969369
750	900	500	0.866739	0.971099	0.969339
750	900	550	0.821394	0.958618	0.969514
750	900	600	0.727882	0.936834	0.969941
750	950	0	0.945433	0.99014	0.966518
750	950	50	0.947947	0.991242	0.967207
750	950	100	0.946334	0.991309	0.964272
750	950	150	0.947325	0.990087	0.964369
750	950	200	0.949062	0.988484	0.969022
750	950	250	0.935538	0.991104	0.971058
750	950	300	0.921503	0.986491	0.966764
750	950	350	0.919655	0.989376	0.970334
750	950	400	0.902182	0.98275	0.969078
750	950	450	0.88365	0.977795	0.969115
750	950	500	0.864994	0.970221	0.967319
750	950	550	0.818725	0.949591	0.96382
750	950	600	0.740718	0.926713	0.96695
750	1000	0	0.950204	0.989845	0.969261
750	1000	50	0.955112	0.992438	0.966527
750	1000	100	0.951242	0.990805	0.97229
750	1000	150	0.944291	0.991299	0.967588
750	1000	200	0.948598	0.99108	0.970028
750	1000	250	0.937021	0.989758	0.96972
750	1000	300	0.927107	0.988467	0.969092
750	1000	350	0.918962	0.983084	0.962603
750	1000	400	0.910681	0.983569	0.968569
750	1000	450	0.889228	0.975528	0.967666
750	1000	500	0.863933	0.970601	0.969927
750	1000	550	0.812491	0.953107	0.966549
750	1000	600	0.731715	0.921213	0.962715
800	200	0	0.950647	0.992785	0.969588
800	200	50	0.953845	0.991492	0.963498
800	250	0	0.954986	0.991365	0.966062
800	250	50	0.954254	0.991433	0.964924
800	250	100	0.952711	0.992264	0.968215
800	300	0	0.952072	0.993677	0.968106
800	300	50	0.963308	0.99394	0.969671
800	300	100	0.953547	0.990597	0.965378
800	300	150	0.952838	0.991294	0.966431
800	350	0	0.951284	0.992356	0.964283
800	350	50	0.957121	0.992972	0.966828
800	350	100	0.952195	0.990295	0.969753
800	350	150	0.955653	0.991158	0.966787
800	350	200	0.94192	0.991622	0.965653
800	400	0	0.959195	0.992146	0.968064
800	400	50	0.947866	0.991858	0.966881
800	400	100	0.949498	0.992139	0.966515
800	400	150	0.944926	0.991929	0.964834
800	400	200	0.943602	0.990709	0.965532
800	400	250	0.945771	0.991393	0.96824
800	450	0	0.957046	0.991881	0.960643
800	450	50	0.95697	0.993384	0.968312
800	450	100	0.945099	0.992124	0.964243
800	450	150	0.953296	0.992781	0.966263
800	450	200	0.946904	0.990058	0.967092
800	450	250	0.930716	0.989342	0.967313
800	450	300	0.938564	0.990576	0.967368
800	500	0	0.960999	0.993376	0.968606
800	500	50	0.956459	0.992718	0.967593
800	500	100	0.950365	0.990081	0.965963
800	500	150	0.944795	0.989124	0.963521
800	500	200	0.940939	0.990674	0.969905
800	500	250	0.948204	0.988441	0.963291
800	500	300	0.93188	0.98681	0.966868
800	500	350	0.927229	0.988579	0.96908
800	550	0	0.945814	0.992075	0.967051
800	550	50	0.955345	0.992412	0.97033
800	550	100	0.945306	0.993697	0.969036
800	550	150	0.94674	0.99068	0.967883
800	550	200	0.9478	0.992665	0.967616
800	550	250	0.943435	0.988	0.965618
800	550	300	0.935259	0.987497	0.965233
800	550	350	0.944734	0.988692	0.968968
800	550	400	0.915852	0.989125	0.970954
800	600	0	0.957652	0.993661	0.964849
800	600	50	0.952324	0.993959	0.96984
800	600	100	0.954571	0.989986	0.965335
800	600	150	0.953867	0.99141	0.968358
800	600	200	0.955024	0.990825	0.968823
800	600	250	0.952528	0.992357	0.970734
800	600	300	0.93833	0.987843	0.968061
800	600	350	0.931858	0.990012	0.969671
800	600	400	0.928911	0.986437	0.969242
800	600	450	0.90499	0.983436	0.969105
800	650	0	0.963834	0.990934	0.967148
800	650	50	0.94719	0.995666	0.970196
800	650	100	0.949474	0.992309	0.967485
800	650	150	0.946271	0.991329	0.962566
800	650	200	0.944625	0.989119	0.965653
800	650	250	0.94534	0.992225	0.966669
800	650	300	0.943713	0.98865	0.966732
800	650	350	0.931307	0.990001	0.96964
800	650	400	0.928389	0.98767	0.968867
800	650	450	0.91304	0.981671	0.961316
800	650	500	0.893071	0.979905	0.968895
800	700	0	0.959861	0.99124	0.965785
800	700	50	0.957996	0.990897	0.966937
800	700	100	0.954705	0.989487	0.962468
800	700	150	0.94863	0.991875	0.969883
800	700	200	0.958631	0.991912	0.968767
800	700	250	0.941634	0.990566	0.967916
800	700	300	0.937898	0.988313	0.966926
800	700	350	0.936757	0.989345	0.969589
800	700	400	0.930155	0.987226	0.965441
800	700	450	0.922233	0.983083	0.969155
800	700	500	0.896117	0.978407	0.968112
800	700	550	0.861836	0.970255	0.965052
800	750	0	0.957325	0.991802	0.96221
800	750	50	0.952718	0.992116	0.965065
800	750	100	0.950294	0.99331	0.965059
800	750	150	0.950604	0.99283	0.969694
800	750	200	0.942125	0.991778	0.967855
800	750	250	0.945111	0.99004	0.970618
800	750	300	0.934203	0.989092	0.972512
800	750	350	0.932474	0.987678	0.967108
800	750	400	0.915444	0.985817	0.970396
800	750	450	0.911474	0.981837	0.96423
800	750	500	0.89532	0.979676	0.967081
800	750	550	0.863193	0.971322	0.97064
800	750	600	0.804308	0.960091	0.972534
800	800	0	0.956237	0.992504	0.96918
800	800	50	0.954107	0.991139	0.967305
800	800	100	0.943444	0.991939	0.968927
800	800	150	0.940139	0.992387	0.971617
800	800	200	0.953539	0.99048	0.969204
800	800	250	0.950658	0.989866	0.967578
800	800	300	0.937502	0.990584	0.968229
800	800	350	0.933995	0.986917	0.966825
800	800	400	0.924966	0.984861	0.967033
800	800	450	0.906434	0.981122	0.970378
800	800	500	0.900329	0.976379	0.96824
800	800	550	0.878368	0.975288	0.968716
800	800	600	0.803325	0.960338	0.972284
800	800	650	0.73982	0.932862	0.966781
800	850	0	0.948181	0.994417	0.9749
800	850	50	0.956315	0.993391	0.96937
800	850	100	0.956753	0.993344	0.969775
800	850	150	0.947875	0.990737	0.968086
800	850	200	0.95187	0.991485	0.967688
800	850	250	0.94125	0.987768	0.969765
800	850	300	0.941338	0.987755	0.96705
800	850	350	0.930342	0.986403	0.966576
800	850	400	0.918632	0.987005	0.971784
800	850	450	0.914924	0.982629	0.971043
800	850	500	0.901169	0.981682	0.971261
800	850	550	0.860764	0.974865	0.972492
800	850	600	0.81412	0.955502	0.966946
800	850	650	0.739906	0.928939	0.965972
800	900	0	0.955312	0.99259	0.968183
800	900	50	0.954942	0.99079	0.969463
800	900	100	0.951579	0.993356	0.967605
800	900	150	0.95177	0.992324	0.969587
800	900	200	0.951424	0.989852	0.967883
800	900	250	0.940299	0.990454	0.971307
800	900	300	0.932921	0.990069	0.969306
800	900	350	0.943921	0.988322	0.968691
800	900	400	0.933791	0.985978	0.969956
800	900	450	0.908584	0.983496	0.96817
800	900	500	0.891231	0.977946	0.96877
800	900	550	0.875211	0.971822	0.966329
800	900	600	0.823918	0.959017	0.967753
800	900	650	0.720655	0.92975	0.968469
800	950	0	0.954091	0.991928	0.968994
800	950	50	0.951757	0.993521	0.966302
800	950	100	0.959462	0.992446	0.965937
800	950	150	0.948186	0.991235	0.966121
800	950	200	0.943613	0.990345	0.965996
800	950	250	0.949607	0.988718	0.968684
800	950	300	0.93638	0.989211	0.9651
800	950	350	0.929735	0.988123	0.970022
800	950	400	0.921298	0.987402	0.968925
800	950	450	0.920208	0.98182	0.970023
800	950	500	0.886867	0.976669	0.971208
800	950	550	0.867544	0.969647	0.965553
800	950	600	0.818433	0.954453	0.967834
800	950	650	0.730777	0.932599	0.969948
800	1000	0	0.95724	0.994022	0.973949
800	1000	50	0.955745	0.991356	0.967273
800	1000	100	0.949833	0.991498	0.967695
800	1000	150	0.942332	0.99252	0.971792
800	1000	200	0.955629	0.990169	0.969238
800	1000	250	0.939055	0.98718	0.968365
800	1000	300	0.946906	0.988334	0.967747
800	1000	350	0.919985	0.987707	0.967586
800	1000	400	0.923867	0.986693	0.966064
800	1000	450	0.909721	0.984182	0.969577
800	1000	500	0.889027	0.983041	0.972095
800	1000	550	0.864947	0.967184	0.966147
800	1000	600	0.805454	0.957148	0.970972
800	1000	650	0.728729	0.916354	0.968338
850	200	0	0.961602	0.993477	0.968721
850	200	50	0.957106	0.994532	0.968561
850	250	0	0.958063	0.993013	0.965665
850	250	50	0.959247	0.993671	0.967134
850	250	100	0.958654	0.992999	0.967726
850	300	0	0.95229	0.991248	0.966382
850	300	50	0.955649	0.99293	0.967626
850	300	100	0.957606	0.992157	0.968911
850	300	150	0.959365	0.992608	0.963583
850	350	0	0.957273	0.994003	0.967944
850	350	50	0.960595	0.993356	0.969554
850	350	100	0.964961	0.993113	0.968496
850	350	150	0.948406	0.993215	0.967007
850	350	200	0.950137	0.991551	0.968463
850	400	0	0.965564	0.99213	0.967532
850	400	50	0.954759	0.994038	0.968798
850	400	100	0.957239	0.992886	0.965901
850	400	150	0.956191	0.99171	0.966492
850	400	200	0.956174	0.991232	0.96533
850	400	250	0.942983	0.99098	0.966203
850	450	0	0.957068	0.991039	0.968487
850	450	50	0.953287	0.993117	0.966895
850	450	100	0.957868	0.992399	0.970282
850	450	150	0.956825	0.993951	0.973129
850	450	200	0.95068	0.991816	0.969393
850	450	250	0.951243	0.990113	0.967355
850	450	300	0.942141	0.989476	0.967363
850	500	0	0.954415	0.994106	0.971577
850	500	50	0.965619	0.992762	0.969811
850	500	100	0.96412	0.992826	0.968717
850	500	150	0.951223	0.993516	0.96792
850	500	200	0.950186	0.992666	0.967763
850	500	250	0.949262	0.992047	0.968224
850	500	300	0.947614	0.990873	0.972037
850	500	350	0.937831	0.991405	0.969699
850	550	0	0.954623	0.992788	0.970425
850	550	50	0.953981	0.992367	0.970061
850	550	100	0.951512	0.993605	0.967892
850	550	150	0.955031	0.991342	0.96909
850	550	200	0.94991	0.993374	0.970373
850	550	250	0.951182	0.990364	0.967848
850	550	300	0.94363	0.991752	0.969158
850	550	350	0.942201	0.989949	0.963453
850	550	400	0.92691	0.989185	0.970131
850	600	0	0.954694	0.993364	0.966759
850	600	50	0.958349	0.991669	0.967743
850	600	100	0.957239	0.990634	0.965791
850	600	150	0.956749	0.993996	0.9696
850	600	200	0.954852	0.992815	0.971268
850	600	250	0.950097	0.992453	0.97008
850	600	300	0.947625	0.989639	0.969127
850	600	350	0.93604	0.989443	0.971114
850	600	400	0.940309	0.987542	0.968546
850	600	450	0.917864	0.988244	0.972994
850	650	0	0.953795	0.993874	0.97086
850	650	50	0.958621	0.994097	0.969542
850	650	100	0.94884	0.993428	0.966558
850	650	150	0.957277	0.991471	0.96894
850	650	200	0.955312	0.992337	0.970701
850	650	250	0.954568	0.991985	0.970072
850	650	300	0.951149	0.990865	0.969306
850	650	350	0.941489	0.991095	0.971008
850	650	400	0.940762	0.989882	0.969132
850	650	450	0.921576	0.986523	0.972222
850	650	500	0.912417	0.984434	0.972081
850	700	0	0.962152	0.991862	0.967168
850	700	50	0.942138	0.993036	0.970683
850	700	100	0.954535	0.992355	0.9666
850	700	150	0.952623	0.991258	0.966965
850	700	200	0.959407	0.993459	0.969713
850	700	250	0.961863	0.99192	0.972881
850	700	300	0.952657	0.991318	0.973147
850	700	350	0.933228	0.989729	0.967675
850	700	400	0.936534	0.990729	0.972598
850	700	450	0.931644	0.984488	0.965897
850	700	500	0.921826	0.983423	0.970104
850	700	550	0.906045	0.978618	0.971294
850	750	0	0.956886	0.992966	0.968678
850	750	50	0.960168	0.994045	0.97038
850	750	100	0.957207	0.993107	0.971716
850	750	150	0.959978	0.994956	0.969388
850	750	200	0.957401	0.994665	0.96955
850	750	250	0.951958	0.990215	0.967536
850	750	300	0.953441	0.991114	0.970322
850	750	350	0.941175	0.991534	0.969619
850	750	400	0.921779	0.98572	0.968225
850	750	450	0.922704	0.987663	0.971325
850	750	500	0.909406	0.982556	0.967767
850	750	550	0.896959	0.979946	0.973278
850	750	600	0.859189	0.976701	0.971364
850	800	0	0.959633	0.991771	0.970798
850	800	50	0.95967	0.993278	0.97134
850	800	100	0.961353	0.991792	0.96876
850	800	150	0.959268	0.990554	0.964766
850	800	200	0.955472	0.992539	0.967629
850	800	250	0.948835	0.99101	0.970347
850	800	300	0.945557	0.991838	0.970433
850	800	350	0.940453	0.991099	0.971748
850	800	400	0.934372	0.987711	0.968976
850	800	450	0.922666	0.985846	0.967329
850	800	500	0.912466	0.985325	0.968786
850	800	550	0.89716	0.977986	0.967225
850	800	600	0.876632	0.968531	0.968361
850	800	650	0.816858	0.957691	0.96821
850	850	0	0.96116	0.991389	0.968262
850	850	50	0.962793	0.992744	0.966194
850	850	100	0.954512	0.993111	0.969564
850	850	150	0.95776	0.990367	0.965195
850	850	200	0.955347	0.991951	0.970281
850	850	250	0.947876	0.991922	0.973092
850	850	300	0.951993	0.991346	0.970882
850	850	350	0.942908	0.988824	0.968711
850	850	400	0.936883	0.987865	0.96931
850	850	450	0.934705	0.982669	0.968316
850	850	500	0.919002	0.983924	0.969664
850	850	550	0.905456	0.980189	0.971366
850	850	600	0.861709	0.971458	0.971725
850	850	650	0.830594	0.95605	0.968931
850	850	700	0.73124	0.926496	0.968606
850	900	0	0.958598	0.994533	0.972437
850	900	50	0.962435	0.992708	0.968642
850	900	100	0.95612	0.993949	0.968498
850	900	150	0.959287	0.992994	0.972271
850	900	200	0.953148	0.994366	0.971768
850	900	250	0.953804	0.992381	0.966163
850	900	300	0.942709	0.992164	0.972433
850	900	350	0.945093	0.992299	0.973002
850	900	400	0.935484	0.990114	0.969462
850	900	450	0.92727	0.98728	0.972252
850	900	500	0.905879	0.981552	0.971608
850	900	550	0.889773	0.977585	0.969967
850	900	600	0.8606	0.969013	0.965804
850	900	650	0.81656	0.959492	0.969768
850	900	700	0.71889	0.925405	0.969208
850	950	0	0.956465	0.992615	0.972526
850	950	50	0.955881	0.992652	0.970389
850	950	100	0.952324	0.992094	0.97174
850	950	150	0.948537	0.993552	0.97344
850	950	200	0.955015	0.993758	0.970264
850	950	250	0.959787	0.992862	0.970669
850	950	300	0.939644	0.993355	0.972216
850	950	350	0.948059	0.9874	0.971662
850	950	400	0.936242	0.989609	0.97066
850	950	450	0.935302	0.987508	0.971275
850	950	500	0.910662	0.982533	0.966383
850	950	550	0.891604	0.974865	0.968777
850	950	600	0.875973	0.969351	0.970179
850	950	650	0.830364	0.956445	0.97111
850	950	700	0.724136	0.927782	0.970844
850	1000	0	0.958069	0.992007	0.969772
850	1000	50	0.953188	0.994486	0.971866
850	1000	100	0.960504	0.993036	0.972807
850	1000	150	0.958197	0.990405	0.968026
850	1000	200	0.954675	0.991683	0.967663
850	1000	250	0.94616	0.992939	0.973068
850	1000	300	0.940546	0.988946	0.969774
850	1000	350	0.942965	0.987705	0.966885
850	1000	400	0.93204	0.987158	0.965783
850	1000	450	0.925908	0.98542	0.969375
850	1000	500	0.911799	0.980428	0.970741
850	1000	550	0.904383	0.975484	0.965331
850	1000	600	0.85112	0.972999	0.971408
850	1000	650	0.822772	0.960485	0.971149
850	1000	700	0.743657	0.929357	0.968762
900	200	0	0.963552	0.993726	0.967952
900	200	50	0.96619	0.993686	0.969306
900	250	0	0.961377	0.994763	0.971425
900	250	50	0.956861	0.995148	0.972756
900	250	100	0.963509	0.99368	0.966735
900	300	0	0.963143	0.992101	0.967865
900	300	50	0.962006	0.994173	0.970127
900	300	100	0.966628	0.993842	0.969209
900	300	150	0.957336	0.992224	0.970738
900	350	0	0.959971	0.994082	0.970411
900	350	50	0.957094	0.99418	0.968549
900	350	100	0.959128	0.994104	0.971526
900	350	150	0.958995	0.993501	0.967628
900	350	200	0.954817	0.993859	0.972294
900	400	0	0.95754	0.993339	0.969807
900	400	50	0.963847	0.992817	0.967985
900	400	100	0.965885	0.993849	0.970997
900	400	150	0.958042	0.99359	0.967894
900	400	200	0.961206	0.993953	0.971913
900	400	250	0.955341	0.991963	0.96788
900	450	0	0.962808	0.992502	0.968781
900	450	50	0.963994	0.993704	0.968854
900	450	100	0.959054	0.993907	0.969348
900	450	150	0.967753	0.993915	0.973806
900	450	200	0.955234	0.992782	0.969236
900	450	250	0.9519	0.99283	0.970493
900	450	300	0.95122	0.991819	0.969479
900	500	0	0.958742	0.99213	0.968526
900	500	50	0.962812	0.992224	0.966387
900	500	100	0.961467	0.994417	0.972347
900	500	150	0.96207	0.992117	0.968382
900	500	200	0.956229	0.992945	0.970816
900	500	250	0.956371	0.992527	0.969031
900	500	300	0.951687	0.990603	0.968834
900	500	350	0.950328	0.991293	0.971782
900	550	0	0.962047	0.994608	0.970516
900	550	50	0.965354	0.993417	0.97199
900	550	100	0.966023	0.992671	0.967795
900	550	150	0.967746	0.993753	0.970468
900	550	200	0.952242	0.994779	0.973385
900	550	250	0.954201	0.993984	0.968106
900	550	300	0.956319	0.991944	0.96727
900	550	350	0.951162	0.991812	0.969889
900	550	400	0.955199	0.989831	0.968557
900	600	0	0.959878	0.994422	0.971101
900	600	50	0.957275	0.993387	0.97311
900	600	100	0.955937	0.992222	0.970969
900	600	150	0.963896	0.994796	0.971776
900	600	200	0.952574	0.994308	0.971075
900	600	250	0.962041	0.993016	0.971613
900	600	300	0.955437	0.993323	0.972202
900	600	350	0.946493	0.991029	0.970451
900	600	400	0.935752	0.991682	0.970824
900	600	450	0.940886	0.990339	0.970756
900	650	0	0.963207	0.991431	0.969097
900	650	50	0.9616	0.993267	0.972114
900	650	100	0.962729	0.993458	0.969361
900	650	150	0.956667	0.993136	0.96965
900	650	200	0.955413	0.993346	0.967573
900	650	250	0.950124	0.993251	0.968695
900	650	300	0.950549	0.993169	0.973757
900	650	350	0.952894	0.990726	0.969929
900	650	400	0.942	0.991055	0.97068
900	650	450	0.938438	0.990097	0.973273
900	650	500	0.932243	0.987718	0.97091
900	700	0	0.956927	0.995551	0.975077
900	700	50	0.963009	0.995258	0.97275
900	700	100	0.961914	0.993407	0.971896
900	700	150	0.959448	0.992912	0.966499
900	700	200	0.953471	0.994044	0.972934
900	700	250	0.95634	0.990872	0.970876
900	700	300	0.951692	0.990118	0.96976
900	700	350	0.946518	0.992945	0.973512
900	700	400	0.933603	0.989141	0.968663
900	700	450	0.930626	0.990234	0.971702
900	700	500	0.925245	0.988084	0.969973
900	700	550	0.913916	0.981968	0.968866
900	750	0	0.964539	0.993346	0.974384
900	750	50	0.957283	0.992988	0.968069
900	750	100	0.968165	0.992063	0.970653
900	750	150	0.958622	0.992528	0.968614
900	750	200	0.954901	0.99283	0.970552
900	750	250	0.957924	0.993495	0.971527
900	750	300	0.951186	0.993766	0.970596
900	750	350	0.944833	0.992188	0.971803
900	750	400	0.940949	0.988622	0.968708
900	750	450	0.932262	0.989159	0.971656
900	750	500	0.934742	0.984474	0.971186
900	750	550	0.923739	0.984061	0.970108
900	750	600	0.891744	0.976248	0.968632
900	800	0	0.96295	0.994474	0.97181
900	800	50	0.960734	0.994078	0.97229
900	800	100	0.966493	0.994933	0.973834
900	800	150	0.961393	0.994893	0.972293
900	800	200	0.959986	0.993487	0.972224
900	800	250	0.960334	0.99094	0.969599
900	800	300	0.95869	0.992738	0.970444
900	800	350	0.941647	0.990599	0.970848
900	800	400	0.936086	0.989544	0.972223
900	800	450	0.93188	0.987174	0.968889
900	800	500	0.925427	0.984768	0.970095
900	800	550	0.917827	0.985185	0.968997
900	800	600	0.885132	0.980593	0.971801
900	800	650	0.873699	0.972017	0.97407
900	850	0	0.960236	0.993478	0.971109
900	850	50	0.959464	0.993339	0.971269
900	850	100	0.967821	0.994085	0.968826
900	850	150	0.958286	0.992941	0.968021
900	850	200	0.951415	0.993526	0.972271
900	850	250	0.955981	0.990902	0.966798
900	850	300	0.949808	0.99321	0.973041
900	850	350	0.94987	0.989852	0.968761
900	850	400	0.940327	0.989958	0.974727
900	850	450	0.928253	0.990613	0.974147
900	850	500	0.926483	0.986221	0.975659
900	850	550	0.912741	0.984472	0.973524
900	850	600	0.895793	0.982025	0.974434
900	850	650	0.864471	0.975541	0.9731
900	850	700	0.82	0.952926	0.968424
900	900	0	0.957865	0.993974	0.973319
900	900	50	0.956935	0.994285	0.972219
900	900	100	0.959683	0.994471	0.97414
900	900	150	0.952309	0.9922	0.974518
900	900	200	0.959377	0.993909	0.97104
900	900	250	0.959364	0.990971	0.966996
900	900	300	0.954385	0.992604	0.970083
900	900	350	0.944159	0.990835	0.972693
900	900	400	0.940497	0.991314	0.972913
900	900	450	0.943977	0.989737	0.971625
900	900	500	0.930879	0.986865	0.97005
900	900	550	0.905366	0.986077	0.973206
900	900	600	0.887638	0.977939	0.971108
900	900	650	0.871358	0.972842	0.972754
900	900	700	0.810032	0.96057	0.972756
900	900	750	0.737504	0.930899	0.972272
900	950	0	0.961313	0.993133	0.97312
900	950	50	0.969431	0.993064	0.968396
900	950	100	0.963099	0.994581	0.971595
900	950	150	0.953086	0.992307	0.967979
900	950	200	0.963129	0.992339	0.970427
900	950	250	0.953575	0.993607	0.97364
900	950	300	0.956428	0.99092	0.972806
900	950	350	0.953436	0.991083	0.970748
900	950	400	0.946722	0.989882	0.97261
900	950	450	0.931984	0.986806	0.972342
900	950	500	0.932141	0.985163	0.969785
900	950	550	0.92216	0.979718	0.967332
900	950	600	0.905879	0.979519	0.971439
900	950	650	0.876896	0.973347	0.97195
900	950	700	0.817326	0.961062	0.969346
900	950	750	0.730259	0.925946	0.970195
900	1000	0	0.961052	0.994034	0.971143
900	1000	50	0.953279	0.993573	0.973336
900	1000	100	0.952282	0.995	0.975331
900	1000	150	0.950486	0.995387	0.973032
900	1000	200	0.96145	0.991825	0.969196
900	1000	250	0.951537	0.991627	0.972991
900	1000	300	0.95493	0.99223	0.974702
900	1000	350	0.947991	0.991377	0.974848
900	1000	400	0.95028	0.990679	0.97198
900	1000	450	0.941171	0.989878	0.972381
900	1000	500	0.931894	0.98517	0.972394
900	1000	550	0.907084	0.984368	0.969521
900	1000	600	0.891998	0.978381	0.969912
900	1000	650	0.871828	0.972705	0.971375
900	1000	700	0.824536	0.958779	0.970099
900	1000	750	0.724739	0.926201	0.971566
950	200	0	0.965902	0.995886	0.968991
950	200	50	0.968212	0.99358	0.970044
950	250	0	0.96718	0.994405	0.971219
950	250	50	0.968224	0.99497	0.970771
950	250	100	0.966786	0.995636	0.972402
950	300	0	0.965703	0.994386	0.970674
950	300	50	0.963741	0.992945	0.969484
950	300	100	0.967275	0.994544	0.969156
950	300	150	0.964987	0.993918	0.970497
950	350	0	0.967376	0.995391	0.970463
950	350	50	0.96568	0.994794	0.969111
950	350	100	0.964222	0.993993	0.972927
950	350	150	0.966606	0.99301	0.969744
950	350	200	0.967752	0.992119	0.972684
950	400	0	0.962755	0.993317	0.971429
950	400	50	0.968149	0.994898	0.96881
950	400	100	0.957861	0.995049	0.968096
950	400	150	0.963067	0.99524	0.971847
950	400	200	0.964208	0.994685	0.9733
950	400	250	0.962842	0.992021	0.968239
950	450	0	0.963161	0.994828	0.969445
950	450	50	0.964871	0.994689	0.974447
950	450	100	0.965175	0.993098	0.969178
950	450	150	0.965818	0.995348	0.972919
950	450	200	0.961188	0.99508	0.970207
950	450	250	0.966997	0.993798	0.970523
950	450	300	0.957669	0.993292	0.970287
950	500	0	0.962361	0.994459	0.971051
950	500	50	0.969585	0.994849	0.970868
950	500	100	0.963265	0.995076	0.972992
950	500	150	0.960542	0.993052	0.968369
950	500	200	0.965595	0.994577	0.96819
950	500	250	0.967544	0.991487	0.964359
950	500	300	0.960733	0.993088	0.970475
950	500	350	0.953072	0.991329	0.969303
950	550	0	0.964469	0.994333	0.968273
950	550	50	0.96718	0.994849	0.973297
950	550	100	0.96333	0.995775	0.970395
950	550	150	0.965356	0.994099	0.969706
950	550	200	0.960606	0.993915	0.97197
950	550	250	0.963198	0.993114	0.969544
950	550	300	0.958589	0.994243	0.972789
950	550	350	0.959497	0.992316	0.970147
950	550	400	0.955455	0.991118	0.971152
950	600	0	0.964689	0.992828	0.973697
950	600	50	0.962633	0.995174	0.97527
950	600	100	0.962436	0.992823	0.970342
950	600	150	0.968002	0.994565	0.971885
950	600	200	0.965131	0.994453	0.972241
950	600	250	0.960866	0.992908	0.968681
950	600	300	0.949263	0.992269	0.971886
950	600	350	0.954729	0.992387	0.970061
950	600	400	0.949923	0.992502	0.968315
950	600	450	0.941384	0.992357	0.972646
950	650	0	0.966049	0.995674	0.972567
950	650	50	0.966638	0.993834	0.972821
950	650	100	0.966551	0.995057	0.970641
950	650	150	0.966941	0.992967	0.970303
950	650	200	0.965846	0.995271	0.969358
950	650	250	0.958779	0.992433	0.972888
950	650	300	0.959614	0.993125	0.970025
950	650	350	0.952592	0.993132	0.973738
950	650	400	0.955883	0.991646	0.968967
950	650	450	0.94409	0.990837	0.968463
950	650	500	0.944783	0.988727	0.969743
950	700	0	0.968542	0.995352	0.972732
950	700	50	0.964865	0.994346	0.971945
950	700	100	0.963058	0.996235	0.974879
950	700	150	0.966634	0.993183	0.972416
950	700	200	0.959872	0.993921	0.972001
950	700	250	0.969684	0.993306	0.970825
950	700	300	0.962099	0.993754	0.972318
950	700	350	0.959994	0.992869	0.970485
950	700	400	0.94918	0.991688	0.975696
950	700	450	0.952422	0.993023	0.974558
950	700	500	0.939188	0.990378	0.970413
950	700	550	0.93211	0.986708	0.968841
950	750	0	0.955788	0.992052	0.969374
950	750	50	0.967352	0.993953	0.972113
950	750	100	0.965315	0.994175	0.972161
950	750	150	0.961459	0.993865	0.971276
950	750	200	0.960082	0.992869	0.969341
950	750	250	0.955872	0.993475	0.971566
950	750	300	0.954282	0.992479	0.970892
950	750	350	0.960608	0.993362	0.972862
950	750	400	0.959521	0.992125	0.971632
950	750	450	0.940549	0.990037	0.970609
950	750	500	0.941303	0.990759	0.973508
950	750	550	0.938182	0.990448	0.972787
950	750	600	0.922136	0.983501	0.973032
950	800	0	0.961705	0.99394	0.97145
950	800	50	0.963483	0.995827	0.970505
950	800	100	0.965851	0.994545	0.974076
950	800	150	0.967635	0.99405	0.971906
950	800	200	0.962041	0.993639	0.972998
950	800	250	0.960099	0.992106	0.970601
950	800	300	0.961625	0.993443	0.971557
950	800	350	0.95517	0.992713	0.972361
950	800	400	0.961328	0.991899	0.969895
950	800	450	0.949688	0.993413	0.972665
950	800	500	0.939382	0.988431	0.968499
950	800	550	0.922048	0.986908	0.97324
950	800	600	0.91945	0.986267	0.9726
950	800	650	0.896591	0.980888	0.970513
950	850	0	0.964455	0.99538	0.972982
950	850	50	0.96099	0.993983	0.972268
950	850	100	0.968032	0.993656	0.971282
950	850	150	0.964529	0.99499	0.971878
950	850	200	0.959892	0.99169	0.970251
950	850	250	0.957164	0.993948	0.972257
950	850	300	0.959244	0.992915	0.972765
950	850	350	0.962144	0.990981	0.972095
950	850	400	0.949301	0.991419	0.975603
950	850	450	0.943349	0.992187	0.972343
950	850	500	0.940541	0.988944	0.972903
950	850	550	0.933878	0.984976	0.969048
950	850	600	0.908678	0.984912	0.972247
950	850	650	0.906245	0.980154	0.972939
950	850	700	0.868472	0.972939	0.972529
950	900	0	0.963554	0.995077	0.97295
950	900	50	0.962718	0.993163	0.970882
950	900	100	0.958778	0.994751	0.974867
950	900	150	0.960549	0.994703	0.972648
950	900	200	0.962865	0.993907	0.972112
950	900	250	0.954934	0.994708	0.974117
950	900	300	0.949892	0.993947	0.972335
950	900	350	0.958541	0.992268	0.972875
950	900	400	0.952737	0.990844	0.970128
950	900	450	0.941261	0.991251	0.972659
950	900	500	0.934153	0.987026	0.968242
950	900	550	0.930987	0.989892	0.976654
950	900	600	0.907112	0.985427	0.972313
950	900	650	0.901699	0.978354	0.97076
950	900	700	0.868133	0.973471	0.971928
950	900	750	0.809449	0.960256	0.971386
950	950	0	0.960884	0.994876	0.971436
950	950	50	0.969017	0.993791	0.97184
950	950	100	0.966663	0.995109	0.974686
950	950	150	0.963296	0.994788	0.972144
950	950	200	0.961248	0.993677	0.973911
950	950	250	0.959264	0.99265	0.969935
950	950	300	0.959917	0.993813	0.97296
950	950	350	0.960653	0.993477	0.970091
950	950	400	0.952784	0.992023	0.968215
950	950	450	0.945673	0.992269	0.976235
950	950	500	0.934217	0.987777	0.97126
950	950	550	0.933734	0.986426	0.971778
950	950	600	0.920054	0.985431	0.972762
950	950	650	0.897505	0.981728	0.974862
950	950	700	0.872253	0.973051	0.974264
950	950	750	0.825576	0.961839	0.975077
950	950	800	0.727632	0.928798	0.970375
950	1000	0	0.962315	0.994518	0.975004
950	1000	50	0.967166	0.99432	0.97315
950	1000	100	0.966619	0.994058	0.973684
950	1000	150	0.966836	0.993184	0.971224
950	1000	200	0.962582	0.99453	0.972038
950	1000	250	0.964286	0.993541	0.969707
950	1000	300	0.960859	0.99093	0.970792
950	1000	350	0.943555	0.991514	0.972428
950	1000	400	0.948031	0.991935	0.971497
950	1000	450	0.945932	0.990623	0.973626
950	1000	500	0.93555	0.989768	0.969752
950	1000	550	0.932443	0.989212	0.975525
950	1000	600	0.916991	0.978658	0.970842
950	1000	650	0.887574	0.975443	0.970372
950	1000	700	0.870392	0.973008	0.970597
950	1000	750	0.819832	0.957878	0.96977
950	1000	800	0.73806	0.929655	0.972071
1000	200	0	0.969017	0.995827	0.972116
1000	200	50	0.9665	0.994881	0.97175
1000	250	0	0.96875	0.994382	0.972621
1000	250	50	0.966858	0.995269	0.973295
1000	250	100	0.968201	0.99562	0.971391
1000	300	0	0.968711	0.993674	0.968397
1000	300	50	0.971813	0.993598	0.970969
1000	300	100	0.968972	0.995301	0.96973
1000	300	150	0.966917	0.994836	0.970005
1000	350	0	0.968533	0.993517	0.970587
1000	350	50	0.964381	0.993474	0.970102
1000	350	100	0.964036	0.994841	0.973109
1000	350	150	0.967309	0.995779	0.971915
1000	350	200	0.959022	0.994002	0.970338
1000	400	0	0.965341	0.994555	0.97229
1000	400	50	0.963746	0.994729	0.968439
1000	400	100	0.971955	0.995314	0.973607
1000	400	150	0.968206	0.994363	0.971347
1000	400	200	0.962829	0.995161	0.970745
1000	400	250	0.966335	0.995264	0.972409
1000	450	0	0.962362	0.99487	0.969865
1000	450	50	0.969425	0.994558	0.974933
1000	450	100	0.966482	0.993699	0.971101
1000	450	150	0.975298	0.995671	0.972532
1000	450	200	0.967567	0.995011	0.973774
1000	450	250	0.968684	0.995467	0.97223
1000	450	300	0.967639	0.994112	0.973572
1000	500	0	0.970275	0.995274	0.970203
1000	500	50	0.968167	0.99349	0.970938
1000	500	100	0.965946	0.99631	0.97162
1000	500	150	0.967278	0.99301	0.970465
1000	500	200	0.968754	0.994922	0.972103
1000	500	250	0.966857	0.994854	0.968884
1000	500	300	0.966493	0.994235	0.972512
1000	500	350	0.959644	0.993947	0.972734
1000	550	0	0.966133	0.995	0.974165
1000	550	50	0.973683	0.995279	0.974461
1000	550	100	0.96875	0.996378	0.973502
1000	550	150	0.968792	0.993744	0.970896
1000	550	200	0.967859	0.99348	0.968108
1000	550	250	0.959835	0.99467	0.974767
1000	550	300	0.955798	0.992525	0.970048
1000	550	350	0.958014	0.99372	0.969376
1000	550	400	0.955519	0.994847	0.977649
1000	600	0	0.969407	0.994962	0.973462
1000	600	50	0.971411	0.994319	0.975306
1000	600	100	0.9675	0.995925	0.971977
1000	600	150	0.967471	0.995999	0.973974
1000	600	200	0.966794	0.994361	0.975877
1000	600	250	0.965741	0.993278	0.970887
1000	600	300	0.96605	0.994584	0.971755
1000	600	350	0.958927	0.994741	0.975192
1000	600	400	0.950718	0.993178	0.971177
1000	600	450	0.953004	0.992585	0.973316
1000	650	0	0.968927	0.995389	0.972336
1000	650	50	0.968533	0.995491	0.973681
1000	650	100	0.971232	0.993203	0.970471
1000	650	150	0.966135	0.995817	0.973019
1000	650	200	0.970435	0.994773	0.970858
1000	650	250	0.960289	0.994155	0.970257
1000	650	300	0.962793	0.995514	0.971335
1000	650	350	0.962523	0.994673	0.973236
1000	650	400	0.953101	0.992708	0.97257
1000	650	450	0.953775	0.992961	0.971455
1000	650	500	0.952253	0.993469	0.972881
1000	700	0	0.964982	0.995368	0.972945
1000	700	50	0.96756	0.995318	0.971095
1000	700	100	0.969022	0.993774	0.969186
1000	700	150	0.965117	0.996469	0.974097
1000	700	200	0.961134	0.993498	0.971266
1000	700	250	0.967906	0.995122	0.971463
1000	700	300	0.963796	0.993472	0.970888
1000	700	350	0.954801	0.993051	0.9678
1000	700	400	0.961571	0.993735	0.971554
1000	700	450	0.948042	0.992786	0.974827
1000	700	500	0.95332	0.990907	0.972105
1000	700	550	0.940301	0.991205	0.975515
1000	750	0	0.970911	0.996082	0.973356
1000	750	50	0.967522	0.995659	0.975938
1000	750	100	0.965518	0.994775	0.973164
1000	750	150	0.963873	0.994754	0.97134
1000	750	200	0.963515	0.994677	0.974348
1000	750	250	0.963604	0.993774	0.970697
1000	750	300	0.960432	0.992277	0.972202
1000	750	350	0.962124	0.99194	0.96804
1000	750	400	0.955131	0.990165	0.973062
1000	750	450	0.947709	0.990923	0.972603
1000	750	500	0.952315	0.988716	0.97158
1000	750	550	0.928109	0.98892	0.972873
1000	750	600	0.932315	0.987823	0.972558
1000	800	0	0.961313	0.994896	0.974256
1000	800	50	0.963218	0.994688	0.973533
1000	800	100	0.963549	0.994635	0.970518
1000	800	150	0.965909	0.99492	0.973266
1000	800	200	0.96571	0.99324	0.970025
1000	800	250	0.967789	0.995356	0.974262
1000	800	300	0.963278	0.993943	0.971596
1000	800	350	0.959709	0.993347	0.973081
1000	800	400	0.960682	0.992373	0.97231
1000	800	450	0.948234	0.992496	0.973151
1000	800	500	0.945833	0.990224	0.972486
1000	800	550	0.940174	0.990925	0.976688
1000	800	600	0.929931	0.987584	0.970709
1000	800	650	0.924248	0.983758	0.970442
1000	850	0	0.962785	0.994948	0.97188
1000	850	50	0.963244	0.994581	0.974845
1000	850	100	0.965976	0.99403	0.972793
1000	850	150	0.966821	0.995561	0.975062
1000	850	200	0.968018	0.994286	0.973041
1000	850	250	0.961284	0.994481	0.973976
1000	850	300	0.964794	0.993976	0.976103
1000	850	350	0.95542	0.993536	0.969842
1000	850	400	0.957962	0.993499	0.975153
1000	850	450	0.958821	0.990901	0.972362
1000	850	500	0.947167	0.990153	0.972079
1000	850	550	0.941872	0.990481	0.973367
1000	850	600	0.931448	0.988223	0.974047
1000	850	650	0.915349	0.984687	0.971121
1000	850	700	0.892413	0.978884	0.972415
1000	900	0	0.970396	0.994708	0.974463
1000	900	50	0.963389	0.994621	0.975038
1000	900	100	0.972568	0.992671	0.970545
1000	900	150	0.969667	0.9959	0.971411
1000	900	200	0.969383	0.994952	0.974793
1000	900	250	0.962892	0.994665	0.973217
1000	900	300	0.965074	0.994241	0.974161
1000	900	350	0.955508	0.993198	0.972587
1000	900	400	0.961143	0.991944	0.972793
1000	900	450	0.95638	0.991983	0.970155
1000	900	500	0.943245	0.990965	0.971774
1000	900	550	0.938577	0.989128	0.97556
1000	900	600	0.930291	0.989045	0.973022
1000	900	650	0.909166	0.98621	0.971615
1000	900	700	0.908262	0.976435	0.97227
1000	900	750	0.874928	0.972833	0.973679
1000	950	0	0.963809	0.994059	0.968165
1000	950	50	0.968354	0.995606	0.974392
1000	950	100	0.969605	0.995294	0.972227
1000	950	150	0.963454	0.993782	0.973553
1000	950	200	0.962888	0.993334	0.972109
1000	950	250	0.961153	0.995267	0.971909
1000	950	300	0.965808	0.992429	0.973408
1000	950	350	0.966447	0.994396	0.976727
1000	950	400	0.960237	0.993341	0.975281
1000	950	450	0.95401	0.992857	0.974501
1000	950	500	0.943636	0.991623	0.974281
1000	950	550	0.944481	0.989432	0.968969
1000	950	600	0.927506	0.988561	0.976031
1000	950	650	0.925151	0.986119	0.975157
1000	950	700	0.897964	0.980674	0.973945
1000	950	750	0.870767	0.970542	0.969799
1000	950	800	0.824363	0.957717	0.970204
1000	1000	0	0.970991	0.995823	0.973487
1000	1000	50	0.970102	0.99463	0.974161
1000	1000	100	0.969686	0.995483	0.974094
1000	1000	150	0.966237	0.994374	0.973566
1000	1000	200	0.96089	0.99589	0.974705
1000	1000	250	0.958575	0.996661	0.974992
1000	1000	300	0.965443	0.992777	0.975488
1000	1000	350	0.95795	0.993762	0.974654
1000	1000	400	0.956677	0.991844	0.972259
1000	1000	450	0.951472	0.992822	0.974481
1000	1000	500	0.94613	0.989799	0.975296
1000	1000	550	0.944797	0.989143	0.973302
1000	1000	600	0.928436	0.987477	0.97352
1000	1000	650	0.923988	0.982729	0.972186
1000	1000	700	0.90536	0.980672	0.973333
1000	1000	750	0.880402	0.971429	0.974786
1000	1000	800	0.826486	0.963343	0.977207
1000	1000	850	0.738343	0.932828	0.974074
