 m_0     m_1/2     m_~q       m_~g           2jets            3jets                 4jets
--------------------------------------------------------------------------------------------------------------------------------------------------------------------------
20  100  242.8  268.7  201.2550  410.6780  575.9320
20  150  348.0  384.0  467.0150  734.2310  655.8100
20  200  451.0  500.0  437.3300  693.6700  572.9220
20  225  501.8  557.1  385.3490  581.7410  499.0240
20  250  552.1  613.6  383.5140  530.1230  420.6920
20  275  601.9  669.7  3.5258  10.9601  8.1983
20  300  651.4  725.4  2.7833  9.0144  6.3160
20  325  700.6  780.6  2.5585  5.8930  4.8410
20  350  749.4  835.6  2.0068  4.5755  3.5420
20  375  797.8  890.1  1.5595  3.0925  2.0346
20  400  846.0  944.4  1.0362  2.0026  1.3430
20  450  941.7  1052.0  0.7351  0.9763  0.6387
20  500  1036.3  1158.7  0.2853  0.3907  0.1928
20  550  1130.1  1264.6  0.1416  0.1530  0.0748
20  600  1223.1  1369.6  0.0641  0.0726  0.0374
20  650  1315.5  1474.0  0.0281  0.0273  0.0149
20  700  1407.1  1577.6  0.0130  0.0113  0.0060
20  750  1498.2  1680.6  0.0058  0.0053  0.0029
20  800  1588.6  1783.1  0.0031  0.0030  0.0017
20  900  1768.0  1986.1  0.0005  0.0005  0.0003
20  1000  1945.4  2186.9  0.0001  0.0001  0.0000
20  1100  2120.9  2384.5  0.0000  0.0000  0.0000
20  1200  2294.6  2579.2  0.0000  0.0000  0.0000
50  100  246.3  268.8  397.0980  653.6980  562.8860
50  150  350.6  384.2  344.4720  668.4280  615.0880
50  200  453.2  500.4  436.1950  666.7350  556.8070
50  225  503.8  557.4  435.0780  628.2620  481.8000
50  250  553.9  614.0  408.6790  517.1080  376.4050
50  275  603.7  670.1  352.7500  412.2160  293.9940
50  300  653.0  725.7  273.5780  302.3440  212.5180
50  325  702.1  780.9  197.6800  218.6390  156.8480
50  350  750.8  835.8  140.3270  148.7310  104.7010
50  375  799.2  890.4  1.7040  3.7094  2.1506
50  400  847.3  944.6  1.1377  2.0195  1.0462
50  450  942.8  1052.2  0.6567  0.9852  0.5467
50  500  1037.3  1158.9  0.3188  0.3827  0.2015
50  550  1131.1  1264.8  0.1805  0.2049  0.0938
50  600  1224.0  1369.8  0.0762  0.0819  0.0447
50  650  1316.3  1474.1  0.0352  0.0336  0.0180
50  700  1407.9  1577.8  0.0149  0.0145  0.0084
50  750  1498.9  1680.8  0.0062  0.0064  0.0034
50  800  1589.3  1783.2  0.0027  0.0026  0.0015
50  900  1768.6  1986.3  0.0005  0.0005  0.0003
50  1000  1945.9  2187.0  0.0001  0.0001  0.0000
50  1100  2121.4  2384.7  0.0000  0.0000  0.0000
50  1200  2295.1  2579.4  0.0000  0.0000  0.0000
100  100  259.9  270.8  397.7780  664.9880  602.2970
100  150  360.6  385.7  363.9750  614.6700  541.7570
100  200  461.1  501.7  387.0070  638.2500  540.9510
100  225  511.0  558.7  393.3730  586.3470  458.6240
100  250  560.5  615.1  354.6070  473.0740  378.9350
100  275  609.7  671.1  310.8410  389.3920  305.7170
100  300  658.7  726.7  258.2610  293.8410  219.1410
100  325  707.3  781.9  211.6500  227.1760  163.8970
100  350  755.7  836.8  158.5940  162.9350  114.0810
100  375  803.8  891.3  111.3330  111.4400  77.0003
100  400  851.7  945.5  76.3462  74.1346  50.8627
100  450  946.8  1053.0  35.9943  33.3342  22.4068
100  500  1041.0  1159.7  17.1450  15.5076  10.3135
100  550  1134.4  1265.4  7.8711  6.9528  4.5845
100  600  1227.1  1370.4  0.0818  0.0853  0.0427
100  650  1319.1  1474.7  0.0393  0.0377  0.0199
100  700  1410.6  1578.4  0.0188  0.0194  0.0096
100  750  1501.4  1681.3  0.0077  0.0073  0.0036
100  800  1591.7  1783.7  0.0030  0.0028  0.0016
100  900  1770.7  1986.8  0.0006  0.0005  0.0003
100  1000  1947.9  2187.5  0.0001  0.0001  0.0001
100  1100  2123.2  2385.2  0.0000  0.0000  0.0000
100  1200  2296.8  2579.8  0.0000  0.0000  0.0000
200  100  308.9  277.9  209.1270  296.5000  311.3240
200  150  397.6  393.3  283.3420  487.4840  429.8070
200  200  490.9  506.5  353.7550  545.8780  443.8840
200  225  538.2  563.1  349.0740  519.9240  430.6490
200  250  585.5  619.3  293.2880  402.0770  340.7130
200  275  632.9  675.1  254.0260  318.8500  267.9700
200  300  680.3  730.4  203.6170  249.7890  203.9870
200  325  727.6  785.5  152.7690  184.8210  147.5820
200  350  774.8  840.1  118.4520  135.5670  107.8310
200  375  821.8  894.5  90.3387  100.7520  77.7653
200  400  868.8  948.6  65.6788  69.9100  53.8078
200  450  962.2  1056.0  34.3849  34.8902  26.0278
200  500  1055.1  1162.4  17.7125  17.2874  12.5849
200  550  1147.4  1268.0  9.0242  8.2322  5.6294
200  600  1239.2  1372.9  4.0861  3.5882  2.3579
200  650  1330.4  1477.0  1.8978  1.6191  1.0502
200  700  1421.2  1580.5  0.8985  0.7671  0.4952
200  750  1511.4  1683.4  0.4312  0.3613  0.2322
200  800  1601.1  1785.7  0.2089  0.1742  0.1094
200  900  1779.2  1988.7  0.0481  0.0395  0.0247
200  1000  1955.6  2189.3  0.0002  0.0002  0.0001
200  1100  2130.4  2387.2  0.0000  0.0000  0.0000
200  1200  2303.4  2581.4  0.0000  0.0000  0.0000
300  100  377.5  283.5  53.8644  200.3190  300.1680
300  150  452.7  401.3  157.1610  309.3630  358.5530
300  200  536.5  513.7  235.6640  390.1920  368.6660
300  225  580.1  569.9  249.2190  368.0950  320.4900
300  250  624.4  625.7  213.7820  291.8600  257.5210
300  275  669.2  681.1  198.4340  249.0010  206.2920
300  300  714.3  736.1  169.9140  202.8280  166.9730
300  325  759.6  790.9  130.7890  153.6960  125.7770
300  350  805.0  845.3  99.9137  114.1240  91.0616
300  375  850.5  899.5  75.3315  83.8974  67.1181
300  400  896.0  953.4  56.1850  60.4187  47.3667
300  450  987.0  1060.4  28.9650  29.7924  22.7939
300  500  1077.9  1166.5  14.7776  14.5094  10.9008
300  550  1168.5  1271.9  7.4824  7.1453  5.2698
300  600  1258.8  1376.6  3.7288  3.4804  2.5302
300  650  1348.8  1480.6  1.8496  1.6936  1.2168
300  700  1438.4  1583.9  0.9204  0.8323  0.5944
300  750  1527.6  1686.7  0.4587  0.4013  0.2713
300  800  1616.5  1788.9  0.2078  0.1773  0.1137
300  900  1793.2  1991.6  0.0444  0.0370  0.0232
300  1000  1968.4  2192.2  0.0096  0.0078  0.0048
300  1100  2142.1  2390.2  0.0019  0.0015  0.0009
300  1200  2314.2  2584.1  0.0004  0.0003  0.0002
400  100  457.2  287.6  57.1314  137.3120  217.1600
400  150  520.5  407.4  91.3534  209.6560  248.0570
400  200  594.6  522.0  121.9570  244.0980  278.0660
400  225  634.2  577.3  133.7110  240.6090  250.5000
400  250  675.0  633.3  132.6720  199.0860  195.8680
400  275  716.6  688.6  134.8740  185.9690  171.4280
400  300  759.0  743.4  119.7990  149.6470  129.1740
400  325  801.8  797.9  91.0553  110.6150  96.0332
400  350  845.1  852.0  73.6075  84.4686  70.6103
400  375  888.6  905.9  57.6325  64.0707  51.5706
400  400  932.4  959.6  43.2807  46.1548  36.7065
400  450  1020.4  1066.3  23.7503  24.0720  18.7863
400  500  1108.7  1172.0  12.1748  12.0039  8.9434
400  550  1197.1  1277.1  6.2858  6.0055  4.4768
400  600  1285.5  1381.5  3.1596  2.9860  2.2005
400  650  1373.8  1485.2  1.5649  1.4317  1.0430
400  700  1462.0  1588.4  0.7826  0.7078  0.5106
400  750  1549.9  1691.0  0.3796  0.3423  0.2447
400  800  1637.6  1793.0  0.1880  0.1659  0.1178
400  900  1812.3  1995.5  0.0441  0.0383  0.0267
400  1000  1985.9  2196.0  0.0089  0.0074  0.0046
400  1100  2158.3  2394.1  0.0017  0.0014  0.0009
400  1200  2329.3  2587.9  0.0003  0.0002  0.0001
500  100  543.5  290.8  63.5694  152.2530  217.3960
500  150  597.0  412.3  54.8272  150.3530  203.5070
500  200  662.2  528.5  73.6207  165.6810  209.1320
500  225  697.8  585.0  78.5392  158.2070  180.1050
500  250  735.0  640.0  70.7261  131.3520  146.6780
500  275  773.4  695.7  79.8365  130.0960  134.1820
500  300  812.7  750.9  69.9251  100.3720  97.9929
500  325  852.9  805.5  57.7873  75.7625  70.7201
500  350  893.7  859.7  49.7358  60.8480  53.3899
500  375  935.1  913.5  41.6198  46.5796  39.2668
500  400  976.8  967.0  31.8840  34.4746  28.4431
500  450  1061.3  1073.3  17.8512  18.3505  14.3608
500  500  1146.6  1178.7  9.5637  9.3597  7.2092
500  550  1232.5  1283.3  4.9359  4.7394  3.5846
500  600  1318.7  1387.4  2.4961  2.3371  1.7324
500  650  1405.0  1490.9  1.2735  1.1804  0.8761
500  700  1491.4  1593.8  0.6422  0.5865  0.4304
500  750  1577.8  1696.2  0.3131  0.2818  0.2028
500  800  1664.1  1798.1  0.1546  0.1381  0.0994
500  900  1836.4  2000.3  0.0358  0.0312  0.0219
500  1000  2008.0  2200.6  0.0078  0.0068  0.0046
500  1100  2178.7  2398.7  0.0016  0.0013  0.0009
500  1200  2348.3  2593.5  0.0003  0.0002  0.0001
600  100  633.6  293.4  34.5130  122.0130  154.0380
600  150  679.3  416.4  60.9420  142.6780  183.2310
600  200  736.8  533.8  60.8501  133.8360  156.3670
600  225  768.8  591.0  55.3477  112.4970  133.9080
600  250  802.5  647.3  44.4455  85.4442  96.8092
600  275  837.7  702.5  42.8383  75.4100  81.3422
600  300  874.1  757.5  41.2780  64.3360  67.0228
600  325  911.5  812.4  32.6295  48.2365  47.6217
600  350  949.8  866.9  27.1033  36.1881  34.9189
600  375  988.8  921.0  23.5872  28.8113  26.5854
600  400  1028.4  974.6  20.4586  23.5477  20.6404
600  450  1109.0  1081.0  12.7627  13.3112  10.8452
600  500  1191.1  1186.2  6.9757  6.8914  5.3693
600  550  1274.1  1290.6  3.6546  3.5415  2.7014
600  600  1357.8  1394.3  1.8876  1.7642  1.3109
600  650  1442.0  1497.5  0.9711  0.9011  0.6675
600  700  1526.4  1600.2  0.4958  0.4553  0.3355
600  750  1611.1  1702.3  0.2484  0.2248  0.1642
600  800  1695.8  1804.0  0.1233  0.1100  0.0797
600  900  1865.3  2005.9  0.0284  0.0249  0.0175
600  1000  2034.5  2205.9  0.0063  0.0054  0.0037
600  1100  2203.3  2404.0  0.0013  0.0011  0.0007
600  1200  2371.2  2599.7  0.0002  0.0002  0.0001
700  100  726.0  295.4  52.6745  153.4460  196.3360
700  150  765.8  419.8  48.3547  128.6320  161.8300
700  200  816.6  538.4  44.6931  98.9693  121.3590
700  225  845.3  596.1  38.6350  79.4519  93.7947
700  250  875.9  652.9  31.9428  60.8146  69.4740
700  275  908.1  708.9  28.9540  50.7375  55.6230
700  300  941.7  764.1  26.0189  42.3342  44.0153
700  325  976.4  818.7  20.6565  31.6038  32.2009
700  350  1012.2  873.4  17.1466  24.2481  24.7752
700  375  1048.8  927.7  13.2491  17.3676  17.1391
700  400  1086.2  981.6  11.0440  13.7057  13.2314
700  450  1162.8  1088.4  7.4695  8.4140  7.4076
700  500  1241.4  1193.9  4.7251  4.8367  3.9671
700  550  1321.3  1298.4  2.6802  2.5957  2.0184
700  600  1403.4  1402.0  1.3960  1.3242  1.0188
700  650  1484.2  1504.9  0.7189  0.6673  0.5025
700  700  1566.5  1607.3  0.3763  0.3447  0.2563
700  750  1649.2  1709.2  0.1861  0.1688  0.1234
700  800  1732.2  1810.7  0.0924  0.0827  0.0596
700  900  1898.7  2012.2  0.0221  0.0194  0.0139
700  1000  2065.3  2212.0  0.0049  0.0042  0.0029
700  1100  2231.8  2410.0  0.0010  0.0008  0.0006
700  1200  2397.9  2605.9  0.0002  0.0001  0.0001
800  100  820.1  297.4  71.4351  153.7780  186.6040
800  150  855.0  422.7  54.4146  118.5520  132.1720
800  200  900.3  542.3  33.4401  75.2891  89.6612
800  225  926.2  600.5  29.8238  60.6031  70.6479
800  250  954.0  657.8  22.6120  44.5581  49.5005
800  275  983.5  714.3  20.5175  36.7871  39.8196
800  300  1014.4  770.1  17.3001  29.3919  31.0355
800  325  1046.6  825.2  13.6593  21.6068  22.0728
800  350  1079.9  879.5  11.0923  16.9296  16.7178
800  375  1114.2  934.0  9.0191  12.7315  12.8031
800  400  1149.4  988.1  6.8436  8.9094  8.6613
800  450  1222.0  1095.2  4.4098  5.2019  4.9216
800  500  1297.0  1201.2  2.8216  3.0747  2.7511
800  550  1373.7  1306.0  1.6997  1.7300  1.4494
800  600  1451.9  1409.8  0.9887  0.9562  0.7587
800  650  1531.2  1512.8  0.5182  0.4863  0.3730
800  700  1611.2  1614.9  0.2712  0.2488  0.1869
800  750  1691.9  1716.7  0.1350  0.1227  0.0909
800  800  1772.9  1802.6  0.0696  0.0629  0.0465
800  900  1936.2  2019.1  0.0160  0.0141  0.0101
800  1000  2100.1  2218.6  0.0036  0.0031  0.0022
800  1100  2264.2  2416.4  0.0007  0.0006  0.0004
800  1200  2428.2  2612.4  0.0001  0.0001  0.0001
900  100  915.3  299.1  58.4669  158.2180  176.3580
900  150  946.2  425.2  50.3896  99.7062  114.2440
900  200  986.9  545.7  31.6793  64.3543  73.3762
900  225  1010.4  604.4  24.1909  48.0579  54.6744
900  250  1035.7  662.1  18.5911  34.5759  38.0597
900  275  1062.7  719.1  14.3986  26.2958  27.7677
900  300  1091.2  775.3  12.4159  20.7845  21.6446
900  325  1121.0  830.9  9.4784  15.2397  15.3654
900  350  1152.1  885.8  7.5179  11.4901  11.6049
900  375  1184.2  939.8  6.0588  8.5525  8.5291
900  400  1217.3  994.2  4.7896  6.5515  6.3116
900  450  1285.9  1101.7  2.7076  3.4083  3.2798
900  500  1357.3  1207.9  1.6758  1.9417  1.8146
900  550  1430.8  1313.1  1.0273  1.1182  1.0014
900  600  1506.0  1417.2  0.6109  0.6211  0.5284
900  650  1582.6  1520.5  0.3448  0.3327  0.2640
900  700  1660.3  1622.9  0.1887  0.1764  0.1356
900  750  1738.8  1724.5  0.0157  0.0144  0.0109
900  800  1818.0  1825.7  0.0489  0.0444  0.0330
900  900  1977.7  2026.6  0.0115  0.0102  0.0074
900  1000  2138.7  2225.8  0.0026  0.0023  0.0016
900  1100  2300.2  2423.4  0.0005  0.0004  0.0003
900  1200  2461.9  2619.3  0.0000  0.0000  0.0000
1000  100  1011.2  300.5  42.8275  115.1210  121.2050
1000  150  1038.9  427.3  40.0546  83.1265  92.5976
1000  200  1075.7  548.8  25.9779  50.7467  56.5481
1000  225  1097.1  607.8  19.0159  36.2637  39.4419
1000  250  1120.2  666.0  14.1381  26.0601  27.5808
1000  275  1145.0  723.3  11.7504  19.7239  21.1449
1000  300  1171.4  779.9  9.1481  15.4786  15.9017
1000  325  1199.1  835.9  6.6613  10.8268  10.7943
1000  350  1228.0  891.2  5.4836  8.4990  8.2314
1000  375  1258.0  946.0  4.2337  6.2635  6.0735
1000  400  1289.1  1000.1  3.3468  4.7057  4.5019
1000  450  1354.0  1107.8  1.8427  2.3774  2.2733
1000  500  1421.8  1214.4  1.0497  1.2724  1.1978
1000  550  1492.0  1319.8  0.6181  0.7020  0.6411
1000  600  1564.3  1424.2  0.3735  0.3996  0.3548
1000  650  1638.2  1527.7  0.2139  0.2186  0.1873
1000  700  1713.3  1630.4  0.1218  0.1182  0.0968
1000  750  1789.6  1732.4  0.0655  0.0616  0.0481
1000  800  1866.7  1833.6  0.0334  0.0307  0.0232
1000  900  2022.9  2034.4  0.0081  0.0072  0.0053
1000  1000  2180.7  2233.4  0.0017  0.0015  0.0011
1000  1100  2339.6  2430.9  0.0003  0.0003  0.0002
1000  1200  2498.9  2626.7  0.0001  0.0001  0.0000
1100  100  1107.6  301.8  55.2560  79.8633  94.6671
1100  150  1132.8  429.5  29.4399  58.4615  67.0506
1100  200  1166.2  551.6  21.8281  40.6044  49.0128
1100  225  1185.8  611.0  14.4955  27.9260  31.1312
1100  250  1207.1  669.4  11.0784  20.4350  22.0966
1100  275  1229.9  727.1  8.8035  15.7597  16.7355
1100  300  1254.3  784.1  6.7761  12.0819  12.5261
1100  325  1280.0  840.4  5.1919  8.4077  8.4651
1100  350  1307.0  896.1  3.9455  6.1452  5.9195
1100  375  1335.1  951.2  3.0446  4.4723  4.2720
1100  400  1364.3  1005.8  2.3851  3.3815  3.1747
1100  450  1425.5  1113.5  1.3237  1.7558  1.6319
1100  500  1489.9  1220.4  0.7359  0.9018  0.8369
1100  550  1557.0  1326.2  0.4013  0.4691  0.4361
1100  600  1626.3  1430.9  0.2318  0.2569  0.2335
1100  650  1697.5  1534.6  0.1293  0.1388  0.1227
1100  700  1770.1  1637.6  0.0742  0.0757  0.0649
1100  750  1844.1  1739.8  0.0413  0.0406  0.0338
1100  800  1919.0  1841.3  0.0220  0.0207  0.0166
1100  900  2071.4  2042.3  0.0054  0.0049  0.0036
1100  1000  2226.1  2241.3  0.0012  0.0011  0.0008
1100  1100  2382.1  2438.6  0.0002  0.0002  0.0001
1100  1200  2539.0  2634.4  0.0000  0.0000  0.0000
1200  100  1204.5  303.0  44.7759  87.9852  73.6791
1200  150  1227.5  431.3  26.4595  56.3848  61.4949
1200  200  1258.1  554.1  16.9003  30.9145  35.5579
1200  225  1276.1  613.8  12.2032  23.8824  27.6010
1200  250  1295.7  672.6  8.6176  15.5582  17.3176
1200  275  1316.9  730.6  6.8127  12.2922  13.6796
1200  300  1339.5  787.9  5.3497  9.3779  9.5776
1200  325  1363.4  844.5  3.8417  6.4035  6.4113
1200  350  1388.6  900.5  2.9775  4.6845  4.5631
1200  375  1415.0  956.0  2.3103  3.4435  3.2678
1200  400  1442.4  1010.9  1.7734  2.4974  2.3470
1200  450  1500.2  1119.3  0.9601  1.2588  1.1576
1200  500  1561.4  1226.1  0.5092  0.6379  0.5911
1200  550  1625.4  1332.2  0.2722  0.3234  0.2952
1200  600  1691.8  1437.2  0.1450  0.1665  0.1487
1200  650  1760.2  1541.3  0.0825  0.0917  0.0825
1200  700  1830.3  1644.4  0.0448  0.0476  0.0426
1200  750  1901.9  1746.8  0.0248  0.0252  0.0220
1200  800  1974.7  1848.6  0.0132  0.0129  0.0108
1200  900  2123.1  2050.1  0.0034  0.0032  0.0025
1200  1000  2274.5  2249.2  0.0008  0.0007  0.0005
1200  1100  2427.7  2446.6  0.0000  0.0000  0.0000
1200  1200  2582.0  2642.3  0.0000  0.0000  0.0000
1300  100  1301.8  304.0  13.2776  35.2734  19.0229
1300  150  1322.9  433.0  20.7900  39.7107  46.1028
1300  200  1351.0  556.3  12.5363  23.5891  28.6170
1300  225  1367.6  616.4  10.4862  19.1901  22.3822
1300  250  1385.8  675.5  6.4633  12.5114  14.6701
1300  275  1405.4  733.8  5.6075  10.3917  11.0215
1300  300  1426.5  791.4  4.3793  7.7177  8.3414
1300  325  1448.8  848.3  2.9693  5.0665  5.2462
1300  350  1472.4  904.6  2.2836  3.6331  3.6060
1300  375  1497.2  960.3  1.7996  2.6905  2.5942
1300  400  1523.0  1015.5  1.3572  1.9167  1.8319
1300  450  1577.6  1124.6  0.7291  0.9524  0.8731
1300  500  1635.6  1231.7  0.3845  0.4732  0.4299
1300  550  1696.7  1338.0  0.1927  0.2334  0.2091
1300  600  1760.2  1443.3  0.1013  0.1165  0.1046
1300  650  1826.0  1547.6  0.0550  0.0609  0.0544
1300  700  1893.7  1651.0  0.0294  0.0314  0.0282
1300  750  1962.9  1753.7  0.0152  0.0160  0.0141
1300  800  2033.5  1855.6  0.0082  0.0083  0.0073
1300  900  2177.9  2057.5  0.0021  0.0020  0.0017
1300  1000  2325.8  2257.0  0.0005  0.0004  0.0003
1300  1100  2476.0  2454.5  0.0000  0.0000  0.0000
1300  1200  2627.8  2650.4  0.0000  0.0000  0.0000
1400  100  1399.2  305.0  14.9310  31.4425  54.1260
1400  150  1418.7  434.5  12.6662  26.1075  38.0455
1400  200  1444.8  558.2  10.7449  21.6777  26.7424
1400  225  1460.2  618.7  7.5107  15.9104  20.0706
1400  250  1477.1  678.2  5.2904  10.8661  12.6660
1400  275  1495.4  736.7  4.2286  8.2139  9.6481
1400  300  1515.0  794.6  3.2855  6.2250  6.9243
1400  325  1535.9  851.7  2.4432  4.2185  4.5580
1400  350  1558.1  908.3  1.7598  2.9425  2.9454
1400  375  1581.3  964.3  1.3974  2.1209  2.0576
1400  400  1605.7  1019.8  1.0022  1.4633  1.3824
1400  450  1657.3  1129.4  0.5585  0.7236  0.6710
1400  500  1712.4  1237.3  0.2800  0.3462  0.3093
1400  550  1770.6  1343.5  0.1459  0.1732  0.1526
1400  600  1831.5  1449.1  0.0770  0.0862  0.0768
1400  650  1894.6  1553.6  0.0376  0.0412  0.0372
1400  700  1959.8  1657.3  0.0193  0.0207  0.0185
1400  750  2026.7  1760.2  0.0096  0.0102  0.0091
1400  800  2095.1  1862.3  0.0049  0.0051  0.0044
1400  900  2235.6  2064.6  0.0013  0.0013  0.0011
1400  1000  2379.9  2264.6  0.0003  0.0003  0.0002
1400  1100  2527.1  2462.4  0.0000  0.0000  0.0000
1400  1200  2676.1  2658.4  0.0000  0.0000  0.0000
1500  100  1496.9  306.0  23.9211  47.7085  43.5146
1500  150  1515.0  436.0  10.7037  24.7138  30.8411
1500  200  1539.3  560.4  8.7329  18.6734  24.3434
1500  225  1553.6  620.7  6.2767  14.1381  17.9826
1500  250  1569.4  680.6  4.6079  9.3361  11.4406
1500  275  1586.5  739.5  3.5158  7.0038  8.6099
1500  300  1604.9  797.6  2.7500  5.3632  6.1543
1500  325  1624.5  855.0  1.9340  3.6326  3.9038
1500  350  1645.3  911.8  1.4802  2.5282  2.6430
1500  375  1667.2  968.1  1.0852  1.7302  1.7421
1500  400  1690.1  1023.8  0.8281  1.2041  1.1572
1500  450  1739.0  1133.9  0.4294  0.5725  0.5343
1500  500  1791.4  1242.3  0.2124  0.2664  0.2394
1500  550  1846.9  1349.1  0.1085  0.1288  0.1142
1500  600  1905.2  1454.6  0.0533  0.0613  0.0545
1500  650  1965.8  1559.4  0.0258  0.0281  0.0247
1500  700  2028.6  1663.4  0.0131  0.0141  0.0127
1500  750  2093.2  1766.5  0.0065  0.0069  0.0061
1500  800  2159.5  1868.9  0.0032  0.0033  0.0030
1500  900  2296.0  2071.5  0.0008  0.0008  0.0007
1500  1000  2436.7  2271.8  0.0000  0.0000  0.0000
1500  1100  2580.7  2470.0  0.0000  0.0000  0.0000
1500  1200  2726.9  2666.3  0.0000  0.0000  0.0000
1600  100  1594.8  306.8  20.5261  37.5185  52.2321
1600  150  1611.7  437.3  12.0775  25.0840  33.9815
1600  200  1634.3  562.2  7.1064  16.7706  22.1079
1600  225  1647.7  622.9  5.3396  12.1326  16.7385
1600  250  1662.5  682.9  3.6166  8.2113  10.6192
1600  275  1678.5  742.0  3.1173  6.4922  8.0155
1600  300  1695.8  800.3  2.3264  4.8425  5.7693
1600  325  1714.2  858.0  1.6197  3.0735  3.4379
1600  350  1733.8  915.1  1.1525  2.1076  2.2646
1600  375  1754.5  971.6  0.9150  1.4907  1.5156
1600  400  1776.2  1027.5  0.6547  1.0100  0.9985
1600  450  1822.5  1138.1  0.3365  0.4714  0.4449
1600  500  1872.3  1246.9  0.1673  0.2127  0.1947
1600  550  1925.3  1354.3  0.0824  0.0976  0.0858
1600  600  1981.0  1460.0  0.0402  0.0463  0.0402
1600  650  2039.3  1565.0  0.0193  0.0215  0.0189
1600  700  2099.8  1669.2  0.0091  0.0099  0.0088
1600  750  2162.1  1772.6  0.0044  0.0046  0.0041
1600  800  2226.2  1875.1  0.0021  0.0023  0.0020
1600  900  2358.8  2078.2  0.0005  0.0005  0.0004
1600  1000  2496.0  2278.9  0.0000  0.0000  0.0000
1600  1100  2636.7  2477.4  0.0000  0.0000  0.0000
1600  1200  2780.1  2673.9  0.0000  0.0000  0.0000
1700  100  1.693e+03  3.076e+02  10.7263  30.4425  43.3331
1700  150  1.709e+03  4.385e+02  8.4212  21.3955  30.3639
1700  200  1.730e+03  5.639e+02  6.6114  15.0370  21.2763
1700  225  1.742e+03  6.249e+02  4.6813  11.5056  15.3942
1700  250  1.756e+03  6.843e+02  3.0136  7.3665  10.0268
1700  275  1.771e+03  7.443e+02  2.6736  6.1962  7.7093
1700  300  1.788e+03  8.029e+02  2.0260  4.3344  5.1533
1700  325  1.805e+03  8.608e+02  1.3951  2.8742  3.2577
1700  350  1.824e+03  9.181e+02  1.0686  1.9739  2.1159
1700  375  1.843e+03  9.748e+02  0.7860  1.3401  1.3891
1700  400  1.864e+03  1.031e+03  0.5651  0.8958  0.8980
1700  450  1.908e+03  1.142e+03  0.2766  0.4007  0.3805
1700  500  1.955e+03  1.251e+03  0.1338  0.1742  0.1599
1700  550  2.006e+03  1.359e+03  0.0636  0.0771  0.0691
1700  600  2.059e+03  1.465e+03  0.0315  0.0364  0.0320
1700  650  2.115e+03  1.570e+03  0.0149  0.0164  0.0144
1700  700  2.173e+03  1.675e+03  0.0065  0.0071  0.0063
1700  750  2.233e+03  1.778e+03  0.0030  0.0032  0.0029
1700  800  2.295e+03  1.881e+03  0.0015  0.0015  0.0014
1700  900  2.424e+03  2.085e+03  0.0003  0.0003  0.0003
1700  1000  2.558e+03  2.286e+03  0.0001  0.0001  0.0001
1700  1100  2.695e+03  2.484e+03  0.0000  0.0000  0.0000
1700  1200  2.836e+03  2.681e+03  0.0000  0.0000  0.0000
1800  100  1.791e+03  3.084e+02  5.6894  24.7868  29.7183
1800  150  1.806e+03  4.396e+02  5.5412  18.8418  24.8143
1800  200  1.826e+03  5.654e+02  5.6894  14.3226  20.7195
1800  225  1.838e+03  6.267e+02  4.1018  10.6792  15.3133
1800  250  1.851e+03  6.870e+02  2.7890  7.2013  9.6095
1800  275  1.865e+03  7.465e+02  2.3943  5.6335  7.3002
1800  300  1.880e+03  8.053e+02  1.8274  4.0466  5.0012
1800  325  1.897e+03  8.635e+02  1.2237  2.6452  3.0445
1800  350  1.914e+03  9.210e+02  0.9384  1.7688  1.9705
1800  375  1.933e+03  9.779e+02  0.6442  1.1649  1.2415
1800  400  1.952e+03  1.034e+03  0.4824  0.8028  0.8179
1800  450  1.994e+03  1.146e+03  0.2412  0.3524  0.3358
1800  500  2.039e+03  1.255e+03  0.1148  0.1523  0.1401
1800  550  2.087e+03  1.364e+03  0.0536  0.0667  0.0594
1800  600  2.138e+03  1.470e+03  0.0250  0.0292  0.0258
1800  650  2.192e+03  1.576e+03  0.0114  0.0129  0.0111
1800  700  2.248e+03  1.680e+03  0.0052  0.0057  0.0050
1800  750  2.306e+03  1.784e+03  0.0023  0.0024  0.0021
1800  800  2.366e+03  1.887e+03  0.0010  0.0011  0.0009
1800  900  2.491e+03  2.091e+03  0.0002  0.0002  0.0002
1800  1000  2.621e+03  2.292e+03  0.0000  0.0000  0.0000
1800  1100  2.756e+03  2.492e+03  0.0000  0.0000  0.0000
1800  1200  2.893e+03  2.689e+03  0.0000  0.0000  0.0000
1900  100  1.889e+03  3.091e+02  9.5530  19.4413  33.2848
1900  150  1.903e+03  4.407e+02  4.9142  19.4907  27.3763
1900  200  1.922e+03  5.669e+02  4.4651  13.3544  19.5368
1900  225  1.933e+03  6.284e+02  3.9309  10.5172  14.9755
1900  250  1.946e+03  6.889e+02  2.8142  7.1707  9.2478
1900  275  1.959e+03  7.481e+02  2.1986  5.2849  6.6304
1900  300  1.973e+03  8.076e+02  1.6447  3.7870  4.6853
1900  325  1.989e+03  8.660e+02  1.1258  2.3881  2.7885
1900  350  2.006e+03  9.237e+02  0.8370  1.6488  1.8585
1900  375  2.023e+03  9.808e+02  0.5922  1.1018  1.1843
1900  400  2.042e+03  1.037e+03  0.4332  0.7329  0.7608
1900  450  2.081e+03  1.149e+03  0.2083  0.3080  0.3003
1900  500  2.124e+03  1.259e+03  0.1025  0.1370  0.1287
1900  550  2.171e+03  1.368e+03  0.0464  0.0578  0.0520
1900  600  2.220e+03  1.475e+03  0.0205  0.0243  0.0216
1900  650  2.271e+03  1.581e+03  0.0093  0.0106  0.0092
1900  700  2.325e+03  1.686e+03  0.0040  0.0044  0.0038
1900  750  2.382e+03  1.789e+03  0.0017  0.0019  0.0016
1900  800  2.440e+03  1.893e+03  0.0008  0.0008  0.0007
1900  900  2.560e+03  2.097e+03  0.0001  0.0001  0.0001
1900  1000  2.687e+03  2.299e+03  0.0000  0.0000  0.0000
1900  1100  2.818e+03  2.498e+03  0.0000  0.0000  0.0000
1900  1200  2.953e+03  2.696e+03  0.0000  0.0000  0.0000
2000  100  1.987e+03  3.098e+02  3.6500  26.8065  30.9591
2000  150  2.001e+03  4.418e+02  7.3293  19.1376  29.7487
2000  200  2.018e+03  5.683e+02  3.9310  12.9404  17.6902
2000  225  2.029e+03  6.300e+02  2.8679  8.9438  13.3147
2000  250  2.041e+03  6.907e+02  2.5052  6.6674  9.2827
2000  275  2.054e+03  7.506e+02  1.8930  5.1339  6.6593
2000  300  2.067e+03  8.096e+02  1.6233  3.7166  4.6071
2000  325  2.082e+03  8.683e+02  1.0517  2.3424  2.7768
2000  350  2.098e+03  9.262e+02  0.7742  1.5534  1.7402
2000  375  2.114e+03  9.835e+02  0.5439  1.0186  1.1194
2000  400  2.132e+03  1.040e+03  0.3774  0.6758  0.7040
2000  450  2.170e+03  1.152e+03  0.1930  0.2906  0.2787
2000  500  2.211e+03  1.263e+03  0.0875  0.1203  0.1140
2000  550  2.255e+03  1.372e+03  0.0403  0.0512  0.0465
2000  600  2.302e+03  1.479e+03  0.0173  0.0209  0.0185
2000  650  2.352e+03  1.586e+03  0.0078  0.0090  0.0079
2000  700  2.404e+03  1.691e+03  0.0033  0.0036  0.0032
2000  750  2.458e+03  1.795e+03  0.0014  0.0015  0.0013
2000  800  2.514e+03  1.898e+03  0.0006  0.0006  0.0005
2000  900  2.632e+03  2.103e+03  0.0001  0.0001  0.0001
2000  1000  2.755e+03  2.305e+03  0.0000  0.0000  0.0000
2000  1100  2.883e+03  2.505e+03  0.0000  0.0000  0.0000
2000  1200  3.014e+03  2.703e+03  0.0000  0.0000  0.0000
2100  100  2.086e+03  3.106e+02  7.6821  26.1087  17.2846
2100  150  2.098e+03  4.427e+02  6.8302  21.2287  33.1464
2100  200  2.115e+03  5.696e+02  4.7894  13.4464  18.4180
2100  225  2.125e+03  6.315e+02  3.1736  9.6007  13.5912
2100  250  2.136e+03  6.924e+02  2.2603  6.3733  8.9804
2100  275  2.148e+03  7.525e+02  2.0223  4.9837  6.6304
2100  300  2.162e+03  8.117e+02  1.4912  3.4494  4.4066
2100  325  2.176e+03  8.705e+02  0.9671  2.1704  2.5856
2100  350  2.191e+03  9.286e+02  0.7108  1.4725  1.6511
2100  375  2.206e+03  9.861e+02  0.5069  0.9487  1.0453
2100  400  2.223e+03  1.043e+03  0.3695  0.6449  0.6824
2100  450  2.259e+03  1.156e+03  0.1805  0.2740  0.2701
2100  500  2.299e+03  1.266e+03  0.0805  0.1126  0.1074
2100  550  2.341e+03  1.376e+03  0.0355  0.0457  0.0418
2100  600  2.386e+03  1.484e+03  0.0153  0.0186  0.0166
2100  650  2.434e+03  1.590e+03  0.0066  0.0075  0.0066
2100  700  2.484e+03  1.696e+03  0.0028  0.0031  0.0027
2100  750  2.536e+03  1.800e+03  0.0000  0.0000  0.0000
2100  800  2.591e+03  1.904e+03  0.0000  0.0000  0.0000
2100  900  2.705e+03  2.109e+03  0.0001  0.0001  0.0001
2100  1000  2.824e+03  2.311e+03  0.0000  0.0000  0.0000
2100  1100  2.949e+03  2.511e+03  0.0000  0.0000  0.0000
2100  1200  3.078e+03  2.710e+03  0.0000  0.0000  0.0000
2200  100  0  0  0.0000  0.0000  0.0000
2200  150  2.196e+03  4.437e+02  6.6105  19.7372  27.4439
2200  200  2.212e+03  5.709e+02  4.3862  13.1211  18.9893
2200  225  2.222e+03  6.329e+02  3.1227  9.4580  13.8292
2200  250  2.232e+03  6.940e+02  2.1204  6.2636  8.4964
2200  275  2.244e+03  7.543e+02  1.6529  4.3722  5.9902
2200  300  0  0  0.0000  0.0000  0.0000
2200  325  2.270e+03  8.722e+02  0.9173  2.0116  2.5308
2200  350  2.284e+03  9.309e+02  0.6425  1.4012  1.5866
2200  375  2.299e+03  9.886e+02  0.4969  0.9368  1.0399
2200  400  2.315e+03  1.046e+03  0.3393  0.6061  0.6442
2200  450  2.350e+03  1.159e+03  0.1649  0.2558  0.2595
2200  500  2.387e+03  1.270e+03  0.0736  0.1048  0.0997
2200  550  2.428e+03  1.379e+03  0.0328  0.0425  0.0395
2200  600  2.472e+03  1.488e+03  0.0138  0.0168  0.0152
2200  650  2.517e+03  1.594e+03  0.0059  0.0068  0.0060
2200  700  2.566e+03  1.700e+03  0.0024  0.0027  0.0023
2200  750  2.616e+03  1.805e+03  0.0010  0.0011  0.0009
2200  800  2.669e+03  1.909e+03  0.0000  0.0000  0.0000
2200  900  2.779e+03  2.114e+03  0.0001  0.0001  0.0000
2200  1000  2.896e+03  2.317e+03  0.0000  0.0000  0.0000
2200  1100  3.017e+03  2.518e+03  0.0000  0.0000  0.0000
2200  1200  3.143e+03  2.716e+03  0.0000  0.0000  0.0000
2300  100  2.282e+03  3.125e+02  9.2845  26.9149  29.7106
2300  150  2.294e+03  4.446e+02  7.2035  20.3420  27.0094
2300  200  2.310e+03  5.721e+02  4.5649  13.1136  17.8059
2300  225  2.319e+03  6.343e+02  3.0924  9.4270  13.4212
2300  250  2.329e+03  6.955e+02  2.0142  5.8863  8.3773
2300  275  2.340e+03  7.560e+02  1.4662  4.1647  5.6643
2300  300  2.352e+03  8.157e+02  1.2617  3.0750  3.9029
2300  325  2.364e+03  8.746e+02  0.8903  2.0927  2.4675
2300  350  2.378e+03  9.330e+02  0.6064  1.2955  1.5095
2300  375  2.392e+03  9.909e+02  0.4562  0.8930  0.9839
2300  400  2.408e+03  1.048e+03  0.3208  0.5766  0.6240
2300  450  2.441e+03  1.161e+03  0.1573  0.2477  0.2527
2300  500  2.477e+03  1.273e+03  0.0695  0.0998  0.0958
2300  550  2.516e+03  1.383e+03  0.0300  0.0398  0.0370
2300  600  2.558e+03  1.491e+03  0.0127  0.0158  0.0142
2300  650  2.602e+03  1.599e+03  0.0052  0.0061  0.0054
2300  700  2.648e+03  1.705e+03  0.0022  0.0024  0.0021
2300  750  2.697e+03  1.810e+03  0.0009  0.0009  0.0008
2300  800  2.748e+03  1.914e+03  0.0003  0.0003  0.0003
2300  900  2.855e+03  2.120e+03  0.0000  0.0000  0.0000
2300  1000  2.968e+03  2.323e+03  0.0000  0.0000  0.0000
2300  1100  3.087e+03  2.524e+03  0.0000  0.0000  0.0000
2300  1200  3.210e+03  2.722e+03  0.0000  0.0000  0.0000
2400  100  0  0  0.0000  0.0000  0.0000
2400  150  2.392e+03  4.454e+02  5.0460  17.8552  29.8879
2400  200  2.407e+03  5.732e+02  3.8213  12.8942  17.9384
2400  225  2.416e+03  6.356e+02  3.1815  8.8597  13.2310
2400  250  2.425e+03  6.970e+02  1.7932  5.4099  7.7557
2400  275  2.436e+03  7.576e+02  1.5961  4.0233  5.3090
2400  300  2.447e+03  8.174e+02  1.1899  3.0035  3.8496
2400  325  2.459e+03  8.766e+02  0.8865  2.0763  2.4663
2400  350  2.472e+03  9.333e+02  0.5460  1.2117  1.4270
2400  375  2.486e+03  9.932e+02  0.4322  0.8560  0.9349
2400  400  2.501e+03  1.051e+03  0.3137  0.5628  0.6067
2400  450  2.532e+03  1.164e+03  0.1478  0.2363  0.2339
2400  500  2.567e+03  1.276e+03  0.0667  0.0956  0.0921
2400  550  2.605e+03  1.386e+03  0.0291  0.0387  0.0358
2400  600  2.645e+03  1.495e+03  0.0120  0.0149  0.0134
2400  650  2.687e+03  1.603e+03  0.0050  0.0058  0.0051
2400  700  2.732e+03  1.709e+03  0.0020  0.0022  0.0019
2400  750  2.780e+03  1.814e+03  0.0000  0.0000  0.0000
2400  800  2.829e+03  1.919e+03  0.0003  0.0003  0.0003
2400  900  2.932e+03  2.125e+03  0.0000  0.0000  0.0000
2400  1000  3.043e+03  2.328e+03  0.0000  0.0000  0.0000
2400  1100  3.158e+03  2.530e+03  0.0000  0.0000  0.0000
2400  1200  3.278e+03  2.729e+03  0.0000  0.0000  0.0000
2500  100  2.479e+03  3.132e+02  3.6667  14.6667  27.5000
2500  150  2.490e+03  4.463e+02  6.7104  20.8979  30.2924
2500  200  2.504e+03  5.743e+02  4.4748  11.1530  16.5992
2500  225  2.513e+03  6.368e+02  3.1651  9.1790  12.4600
2500  250  2.522e+03  6.984e+02  1.8896  5.2922  7.4396
2500  275  2.532e+03  7.591e+02  1.5182  3.8404  5.1321
2500  300  2.543e+03  8.191e+02  1.1086  2.8380  3.5195
2500  325  2.554e+03  8.785e+02  0.8589  1.9612  2.3779
2500  350  2.567e+03  9.371e+02  0.5570  1.1990  1.3976
2500  375  2.580e+03  9.952e+02  0.4114  0.8267  0.9104
2500  400  2.594e+03  1.053e+03  0.2882  0.5256  0.5770
2500  450  2.625e+03  1.167e+03  0.1402  0.2260  0.2313
2500  500  2.658e+03  1.279e+03  0.0632  0.0913  0.0885
2500  550  2.694e+03  1.389e+03  0.0284  0.0373  0.0344
2500  600  2.733e+03  1.498e+03  0.0115  0.0144  0.0129
2500  650  2.774e+03  1.606e+03  0.0047  0.0055  0.0048
2500  700  2.817e+03  1.713e+03  0.0018  0.0021  0.0018
2500  750  2.863e+03  1.819e+03  0.0007  0.0008  0.0007
2500  800  2.910e+03  1.924e+03  0.0000  0.0000  0.0000
2500  900  3.011e+03  2.130e+03  0.0000  0.0000  0.0000
2500  1000  3.118e+03  2.334e+03  0.0000  0.0000  0.0000
2500  1100  3.231e+03  2.535e+03  0.0000  0.0000  0.0000
2500  1200  3.348e+03  2.735e+03  0.0000  0.0000  0.0000
