analysis             sr                         totalmcevents  totalnormevents  totalsumofweights  totalsumofweights2  signalsumofweights  signalsumofweights2  signalnormevents   signal_err_stat   signal_err_sys     signal_err_tot    obs      bkg      bkgerr          signaleff          eff_err_stat       eff_err_sys        eff_err_tot        s95obs  s95exp  robs               robscons           robsconssysonly    rexp               rexpcons           rexpconssysonly    likelihood             
atlas_1602_09058     SR0b3j                     44050.0        10.5952          57.2195760408      0.265714606693      0.0113194609453     6.40652763292e-05    0.00209599512799   0.224845827782    0.000231999460732  0.224845947472    3.0      1.5      0.4             0.000197824970552  0.0212214802724    2.18966570459e-05  0.021221491569     5.9     4.1     0.000355253411525  0                  0.000290765425829  0.000511218323901  0                  0.000418418539608  0.9663907720716627     
atlas_1602_09058     SR0b5j                     44050.0        10.5952          57.2195760408      0.265714606693      0.00565974099718    3.20326381646e-05    0.0010479995128    0.224843385424    0.000115999946073  0.224843415347    3.0      0.88     0.29            9.89126692086e-05  0.0212212497569    1.09483488819e-05  0.0212212525811    6.4     3.6     0.000163749923875  0                  0.000134024937694  0.000291110975778  0                  0.0002382665559    2.5712639817527148     
atlas_1602_09058     SR1b                       44050.0        10.5952          57.2195760408      0.265714606693      0.0                 0.0                  0.0                0.297542847522    0.0                0.297542847522    7.0      4.5      1.0             0.0                0.0280827966931    0.0                0.0280827966931    8.8     6.0     0.0                0                  0.0                0.0                0                  0.0                0.8783381578672993     
atlas_1602_09058     SR3b                       44050.0        10.5952          57.2195760408      0.265714606693      0.0                 0.0                  0.0                0.297542847522    0.0                0.297542847522    1.0      0.8      0.25            0.0                0.0280827966931    0.0                0.0280827966931    3.8     3.7     0.0                0                  0.0                0.0                0                  0.0                0.03824725181047919    
atlas_1604_01306     SR1                        44050.0        10.5952          57.2195760408      0.265714606693      0.0292815958343     0.000161129271947    0.00542199690474   0.140187454262    0.000580637168863  0.140188656716    264.0    295.0    34.0            0.000511740873673  0.0132312230314    5.48019073602e-05  0.0132313365219    49.0    63.0    0.000110652998056  0                  9.12194275062e-05  8.60634429324e-05  0                  7.09484436159e-05  0.8730606391527187     
atlas_1604_07773     EM1                        44050.0        10.5952          57.2195760408      0.265714606693      1.40293189223       0.00692986369837     0.26004705364      0.0154159871647   0.0249827002634    0.0293562254507   9472.0   9400.0   410.0           0.024543855108     0.00145499727846   0.0023579262556    0.00277070989228   843.0   807.0   0.000308478118197  0.000251367549112  0.000259875949239  0.000322239223842  0.000262580971377  0.000271468928387  0.002913275599777173   
atlas_1604_07773     EM2                        44050.0        10.5952          57.2195760408      0.265714606693      1.6397627233        0.0081653638269      0.304010010779     0.0167342158457   0.0293862026599    0.0338169023824   5542.0   5770.0   260.0           0.0286931828355    0.00157941481479   0.00277353921208   0.00319171911643   369.0   488.0   0.000823875367964  0.000673578024043  0.000693270022809  0.000622971333563  0.000509324366541  0.000524214422985  1.1645634072556297     
atlas_1604_07773     EM3                        44050.0        10.5952          57.2195760408      0.265714606693      1.76605712265       0.00882179283246     0.327294439348     0.0173931793872   0.0317587460213    0.0362096760278   2939.0   3210.0   170.0           0.0308908221976    0.0016416093502    0.00299746545807   0.0034175547444    185.0   310.0   0.00176915913161   0.00144816524682   0.00148762213985   0.00105578851403   0.000864227647298  0.000887774502816  3.121770980280055      
atlas_1604_07773     EM4                        44050.0        10.5952          57.2195760408      0.265714606693      3.92876561245       0.0195890991083      0.728246566587     0.0259188956076   0.0705119254688    0.0751247015491   2324.0   2260.0   140.0           0.0687336309449    0.00244628658332   0.00665508206252   0.00709044676354   323.0   278.0   0.00225463333309   0.00187319521996   0.00189661612637   0.00261959196614   0.00217641027355   0.00220362233388   0.07470778865400468    
atlas_1604_07773     EM5                        44050.0        10.5952          57.2195760408      0.265714606693      4.18472460439       0.0209729400241      0.775852612217     0.0268193003991   0.0754144187449    0.0800412982686   747.0    686.0    50.0            0.0732268019685    0.00253126891414   0.00711779095674   0.00755448677407   157.0   111.0   0.00494173638355   0.00410563619781   0.00415396793296   0.00698966317312   0.00580707101852   0.0058754321214    0.8444575497493184     
atlas_1604_07773     EM6                        44050.0        10.5952          57.2195760408      0.265714606693      3.51455040661       0.0174559562193      0.651741337765     0.0244680430591   0.0628189501137    0.0674159152169   238.0    271.0    28.0            0.0615128867568    0.00230935169313   0.00592900087905   0.00636287330271   39.0    55.0    0.016711316353     0.0138763906874    0.0140696989636    0.0118498425048    0.00983962248745   0.00997669562871   1.3385574648097396     
atlas_1604_07773     IM1                        44050.0        10.5952          57.2195760408      0.265714606693      22.0370289764       0.109016572552       4.08958625032      0.0611512813887   0.392066903506     0.396807177405    21447.0  21730.0  940.0           0.385984809189     0.00577160236604   0.037004200346     0.0374515985923    1773.0  1864.0  0.00230659122974   0.00193955018578   0.00194393487229   0.00219398403987   0.00184486184516   0.00184903247241   0.2827467640270306     
atlas_1604_07773     IM2                        44050.0        10.5952          57.2195760408      0.265714606693      20.6341137721       0.102086626526       3.82954227798      0.0591762091589   0.367098292791     0.371837303535    11975.0  12340.0  570.0           0.361441244902     0.00558519038422   0.0346476038952    0.035094882922     988.0   1178.0  0.00387605493723   0.00325883512165   0.00326670149576   0.00325088478606   0.00273321655364   0.00273981415773   0.7349767890422197     
atlas_1604_07773     IM3                        44050.0        10.5952          57.2195760408      0.265714606693      18.9944154901       0.0939213317676      3.5255442059       0.0567608326043   0.337720278677     0.342456973572    6433.0   6570.0   340.0           0.332749188869     0.0053572214403    0.0318748375375    0.0323218979889    630.0   694.0   0.00559610191413   0.00470462661785   0.0047169570617    0.00508003487882   0.00427077056087   0.00428196390328   0.34621065961072023    
atlas_1604_07773     IM4                        44050.0        10.5952          57.2195760408      0.265714606693      17.2283687542       0.0850994808004      3.19825168732      0.0540302455588   0.305977638868     0.310711414213    3494.0   3390.0   200.0           0.301858547958     0.00509950218578   0.0288788922217    0.0293256771192    491.0   401.0   0.00651375089068   0.0054759367984    0.00549174818652   0.00797568999333   0.00670495004492   0.00672431012364   0.10779863580299813    
atlas_1604_07773     IM5                        44050.0        10.5952          57.2195760408      0.265714606693      13.299607694        0.0655103853928      2.47000595866      0.0474075775924   0.235505828684     0.240230043411    1170.0   1125.0   77.0            0.233124996098     0.00447443914153   0.0222275963345    0.0226734788783    196.0   164.0   0.0126020712176    0.0105919830993    0.0106315122429    0.015061011943     0.0126587115089    0.0127059536562    0.15309383910308416    
atlas_1604_07773     IM6                        44050.0        10.5952          57.2195760408      0.265714606693      9.1148509112        0.0445374420007      1.69414739432      0.039092242523    0.160151100834     0.164853202953    423.0    441.0    39.0            0.159897632354     0.00368961817833   0.0151154391455    0.015559234649     75.0    84.0    0.0225886319242    0.0189838418863    0.019086661186     0.0201684213609    0.0169498588271    0.0170416617732    0.2660064742218956     
atlas_1604_07773     IM7                        44050.0        10.5952          57.2195760408      0.265714606693      5.60030307711       0.0270815971636      1.04240652789      0.030488065063    0.0974385170157    0.102096947601    185.0    167.0    20.0            0.0983847900834    0.0028775355881    0.00919647736859   0.00963615104965   61.0    48.0    0.0170886316048    0.0143437300627    0.0144689731145    0.0217168026644    0.018228490288     0.018387653333     0.42807070030433597    
atlas_1605_03814     2jl                        44050.0        10.5952          57.2195760408      0.265714606693      17.286653545        0.0788872865009      3.22837746297      0.0520553290165   0.286730114072     0.291417081851    263.0    283.0    24.0            0.304701889816     0.00491310489812   0.0270622653722    0.027504632461     44.0    54.0    0.0733722150676    0.0625103056532    0.0626850017249    0.0597847678329    0.0509343231248    0.0510766680722    0.663734906755186      
atlas_1605_03814     2jm                        44050.0        10.5952          57.2195760408      0.265714606693      13.375130026        0.0585711927751      2.50805354555      0.0448764397183   0.216187216344     0.220795849943    191.0    191.0    21.0            0.236716017211     0.00423554437087   0.0204042600747    0.0208392337986    48.0    48.0    0.0522511155323    0.0447072573259    0.0448647189739    0.0522511155323    0.0447072573259    0.0448647189739    0.010007851008759927   
atlas_1605_03814     2jt                        44050.0        10.5952          57.2195760408      0.265714606693      3.48046958265       0.0130281653751      0.661197449991     0.0212064484051   0.0546542285625    0.058624211327    26.0     23.0     4.0             0.0624053769623    0.00200151468637   0.00515839517541   0.00553309152513   17.0    14.0    0.0388939676465    0.033238455495     0.0336214420676    0.0472283892851    0.0403609816725    0.0408260367963    0.13108327062939415    
atlas_1605_03814     4jt                        44050.0        10.5952          57.2195760408      0.265714606693      1.51481871395       0.00424154817479     0.292552003664     0.0121492596553   0.0261519884275    0.028836279387    7.0      4.6      1.1             0.0276117490622    0.00114667582069   0.00246828643419   0.00272163615477   8.7     6.3     0.0336266670878    0.0281908626976    0.0286968669704    0.0464368259783    0.0389302389633    0.0396290067686    0.6200545149485294     
atlas_1605_03814     5j                         44050.0        10.5952          57.2195760408      0.265714606693      1.78099433901       0.00613518986204     0.339377068438     0.0145632302265   0.0276842589046    0.0312810783977   7.0      13.2     2.2             0.0320312092681    0.00137451206456   0.00261290574077   0.00295238205959   5.4     8.7     0.0628476052662    0.053347425901     0.0544397933026    0.0390088584411    0.0331121953868    0.0337902165327    3.0041293460750915     
atlas_1605_03814     6jm                        44050.0        10.5952          57.2195760408      0.265714606693      0.873370422571      0.00279423711862     0.167158009945     0.00983802853515  0.0138711569948    0.0170057579024   4.0      6.9      1.5             0.0157767677764    0.000928536368842  0.00130919255841   0.00160504359544   5.4     6.6     0.0309551870268    0.0257904753676    0.0267424652728    0.0253269712038    0.021101298028     0.0218801988596    1.2574768903810039     
atlas_1605_03814     6jt                        44050.0        10.5952          57.2195760408      0.265714606693      0.771531682393      0.002086275206       0.149194531243     0.008524913015    0.0134804655579    0.0159498305185   3.0      4.2      1.2             0.01408133223      0.000804601424701  0.00127231817784   0.00150538267503   5.0     5.7     0.0298389062486    0.0246073618385    0.0254173135456    0.0261744791654    0.0215854051215    0.0222958890751    0.36555739385594377    
atlas_1605_04285     2jSoftLep                  44050.0        10.5952          57.2195760408      0.265714606693      0.290122274158      0.00144381303113     0.0539319729507    0.00703860683722  0.00518276364221   0.00874088240282  2.0      3.6      0.7             0.00509022698493   0.000664320337249  0.000489161473328  0.000824985125606  4.3     5.3     0.0125423192909    0.00920858739769   0.0105656373436    0.010175843953     0.00747111807737   0.00857212086367   0.8085793610609593     
atlas_1605_04285     4jHighX                    44050.0        10.5952          57.2195760408      0.265714606693      0.0169994506783     6.77218478972e-05    0.0032151955675    0.00152779016238  0.000267525095882  0.00155103593033  0.0      0.9      0.5             0.000303457751387  0.000144196443897  2.52496503966e-05  0.000146390434379  2.8     2.9     0.00114828413125   0.000239820229198  0.000991590860805  0.00110868812672   0.000231550566122  0.000957398072502  1.6041397328782117     
atlas_1605_04285     4jLowX                     44050.0        10.5952          57.2195760408      0.265714606693      0.00800136123657    4.73432798698e-06    0.00159119991388   0.194880677699    0.000204951442295  0.19488078547     1.0      1.3      0.5             0.000150181206006  0.0183932986351    1.9343801183e-05   0.0183933088068    3.9     4.1     0.000407999977917  0                  0.00032181526885   0.00038809753997   0                  0.000306116963052  0.0694087122447591     
atlas_1605_04285     5j                         44050.0        10.5952          57.2195760408      0.265714606693      0.168726122516      0.000616290896658    0.0321531725219    0.0046146492287   0.00269599635673   0.00534447227137  0.0      1.3      0.6             0.00303469236275   0.000435541493195  0.000254454503618  0.000504423915676  2.8     3.5     0.0114832759007    0.00835294214172   0.00990419232029   0.00918662072053   0.00668235371337   0.00792335385623   2.362061079667262      
atlas_1605_04285     5jSoftLep                  44050.0        10.5952          57.2195760408      0.265714606693      0.168726122516      0.000616290896658    0.0321531725219    0.0046146492287   0.00269599635673   0.00534447227137  9.0      7.7      1.9             0.00303469236275   0.000435541493195  0.000254454503618  0.000504423915676  9.2     8.1     0.00349491005672   0.00254219978226   0.00301431940183   0.00396952747183   0.00288743678973   0.00342367141936   0.1196770589159923     
atlas_1605_04285     6j                         44050.0        10.5952          57.2195760408      0.265714606693      0.0118040064096     3.59047591155e-05    0.00226160012751   0.00111568459632  0.000187428926141  0.00113131857618  10.0     4.4      1.0             0.000213455161537  0.000105300947251  1.76899847233e-05  0.000106776519196  12.5    6.5     0.000180928010201  3.2499013006e-05   0.000156337335092  0.000347938481156  6.24981019346e-05  0.00030064872133   3.7603623805321607     
atlas_1605_09318     SR-Gbb-A                   44050.0        10.9263          57.2195760408      0.265714606693      0.0273221558437     7.35339227986e-05    0.0054433390162    0.0016502561619   0.000485721389448  0.00172025308256  0.0      1.3      0.4             0.00049818685339   0.000151035223442  4.44543339875e-05  0.000157441501932  2.9     3.9     0.00187701345386   0.000904180676138  0.00160232963362   0.00139572795287   0.000672339477128  0.00119147588141   2.466829354842318      
atlas_1605_09318     SR-Gbb-B                   44050.0        10.9263          57.2195760408      0.265714606693      0.0217168167472     4.20362860014e-05    0.00435558866967   0.00125363493337  0.000418935334436  0.00132178188844  0.0      1.5      0.6             0.000398633450452  0.000114735540244  3.83419212758e-05  0.000120972505646  3.0     3.8     0.00145186288989   0.000729288790879  0.00122284490707   0.00114620754465   0.000575754308589  0.000965403874     2.7198697299678507     
atlas_1605_09318     SR-Gbb-C                   44050.0        10.9263          57.2195760408      0.265714606693      0.166721680667      0.000594111408514    0.0325491358417    0.00466861123021  0.00257770855422   0.00533296467355  5.0      7.6      1.7             0.00297897145801   0.000427281992094  0.000235917790489  0.000488085140766  5.4     6.9     0.00602761774846   0.00440797662538   0.00524475811347   0.00471726606401   0.00344972083725   0.0041045933062    0.8082054780651495     
atlas_1605_09318     SR-Gtt-0L-A                44050.0        10.9263          57.2195760408      0.265714606693      0.0658551298146     0.000210062945182    0.0130622080285    0.00278391352574  0.00114630709941   0.00301068007018  1.0      2.1      0.5             0.00119548319454   0.000254790141744  0.000104912651072  0.000275544335244  3.5     4.4     0.00373205943672   0.00232134077526   0.00319493268157   0.00296868364284   0.00184652107123   0.00254142372397   0.675662081586297      
atlas_1605_09318     SR-Gtt-0L-B                44050.0        10.9263          57.2195760408      0.265714606693      0.010377106698      6.34706201196e-06    0.0021206680553    0.200970857252    0.000264541724089  0.200971031363    1.0      2.9      1.8             0.000194088397289  0.01839331313      2.42114644563e-05  0.018393329065     3.6     4.6     0.000589074459805  0                  0.00046856100772   0.00046101479463   0                  0.000366699919086  1.0005203478002282     
atlas_1605_09318     SR-Gtt-0L-C                44050.0        10.9263          57.2195760408      0.265714606693      0.0174296471589     3.90263530775e-05    0.00349346231301   0.00120572036311  0.000331799829314  0.00125054097124  1.0      3.4      1.8             0.000319729671802  0.000110350289037  3.03670802847e-05  0.000114452373744  3.4     5.0     0.00102748891559   0.000424286800052  0.000867444292039  0.000698692462602  0.000288515024035  0.000589862118587  1.5168322453779317     
atlas_1605_09318     SR-Gtt-1L-A                44050.0        10.9263          57.2195760408      0.265714606693      0.00757118320448    3.3429821381e-05     0.00146313667908   0.00110553109842  0.000126805955176  0.00111277974453  2.0      1.2      0.6             0.000133909619824  0.000101180738074  1.16055714355e-05  0.000101844150767  4.7     4.0     0.000311305676401  0                  0.000267058492042  0.000365784169771  0                  0.000313793728149  0.30463734620872773    
atlas_1605_09318     SR-Gtt-1L-B                44050.0        10.9263          57.2195760408      0.265714606693      0.00901835922657    3.46114533137e-05    0.00174817549287   0.00112556768161  0.000140245155901  0.0011342712681   0.0      1.2      0.8             0.000159997024873  0.000103014532057  1.2835557865e-05   0.000103811104226  2.9     3.5     0.000602819135472  0                  0.000523508081791  0.000499478712249  0                  0.000433763839198  1.9743103240942756     
atlas_1606_03903     SR1                        44050.0        10.5952          57.2195760408      0.265714606693      0.0118583458991     3.64397414738e-05    0.00225479911784   0.00112252106032  0.00017730058129   0.00113643698769  12.0     5.5      0.7             0.000212813266181  0.000105946188871  1.67340476149e-05  0.000107259606963  13.5    6.4     0.000167022156877  2.89661080017e-05  0.000145483419594  0.000352312362162  6.11003840661e-05  0.000306879088207  4.865371650292464      
atlas_1606_03903     SR2                        44050.0        10.5952          57.2195760408      0.265714606693      0.0099469036918     3.50425568317e-05    0.00188399942668   0.00109959391004  0.00014896758631   0.00110963872895  1.0      1.25     0.26            0.000177816315565  0.000103782270278  1.40599126312e-05  0.00010473032401   3.44    3.97    0.000547674251941  1.86604393033e-05  0.000476654821258  0.000474559049541  1.61692471545e-05  0.000413020802299  0.05603807805138086    
atlas_1606_03903     SR3                        44050.0        10.5952          57.2195760408      0.265714606693      0.012786897258      3.68708402396e-05    0.00244359946826   0.00113043182384  0.000197050221639  0.00114747762427  1.0      1.03     0.18            0.000230632689166  0.000106692825416  1.85980653163e-05  0.000108301648319  3.62    3.72    0.000675027477419  0.000155175736035  0.00058575610629   0.000656881577488  0.000151004345282  0.0005700099744    0.0015345779619959264  
atlas_conf_2015_082  SRZ                        44050.0        10.5952          57.2195760408      0.265714606693      0.0                 0.0                  0.0                0.297542847522    0.0                0.297542847522    21.0     10.3     2.3             0.0                0.0280827966931    0.0                0.0280827966931    20.0    10.2    0.0                0                  0.0                0.0                0                  0.0                4.702597993146122      
atlas_conf_2016_013  0J_6j_2b                   44050.0        10.5952          57.2195760408      0.265714606693      0.00243006618111    2.14771353192e-06    0.000458400474548  0.194880403335    5.64836907257e-05  0.194880411521    9466.0   9000.0   2200.0          4.32649194492e-05  0.01839327274      5.33106413524e-06  0.0183932735126    3717.0  3549.0  1.23325389978e-07  0                  9.84038799456e-08  1.29163278261e-07  0                  1.03062051777e-07  0.027308449002796685   
atlas_conf_2016_013  0J_6j_3b                   44050.0        10.5952          57.2195760408      0.265714606693      0.000464274990086   2.15551283793e-07    9.44000350419e-05  0.262459058377    1.52000056423e-05  0.262459058818    2279.0   1850.0   530.0           8.90969826355e-06  0.0247715058118    1.43461243227e-06  0.0247715058534    1155.0  965.0   8.17316320709e-08  0                  6.01489400766e-08  9.78238705098e-08  0                  7.19917365684e-08  0.47747721935355336    
atlas_conf_2016_013  0J_6j_m4b                  44050.0        10.5952          57.2195760408      0.265714606693      0.0                 0.0                  0.0                0.297542847522    0.0                0.297542847522    345.0    233.0    97.0            0.0                0.0280827966931    0.0                0.0280827966931    238.0   194.0   0.0                0                  0.0                0.0                0                  0.0                0.8297827311027894     
atlas_conf_2016_013  1J_6j_3b-HM                44050.0        10.5952          57.2195760408      0.265714606693      0.0                 0.0                  0.0                0.297542847522    0.0                0.297542847522    215.0    184.0    56.0            0.0                0.0280827966931    0.0                0.0280827966931    115.0   101.0   0.0                0                  0.0                0.0                0                  0.0                0.21783766417880013    
atlas_conf_2016_013  1J_6j_3b_LM                44050.0        10.5952          57.2195760408      0.265714606693      0.000464274990086   2.15551283793e-07    9.44000350419e-05  0.262459058377    1.52000056423e-05  0.262459058818    123.0    114.0    33.0            8.90969826355e-06  0.0247715058118    1.43461243227e-06  0.0247715058534    65.0    58.0    1.45230823141e-06  0                  1.06880039675e-06  1.62758681107e-06  0                  1.19779354808e-06  0.047198140707943696   
atlas_conf_2016_013  1J_6j_m4b-HM               44050.0        10.5952          57.2195760408      0.265714606693      0.0                 0.0                  0.0                0.297542847522    0.0                0.297542847522    26.0     30.9     2.6             0.0                0.0280827966931    0.0                0.0280827966931    9.9     13.2    0.0                0                  0.0                0.0                0                  0.0                0.7655501411077195     
atlas_conf_2016_013  1J_6j_m4b_LM               44050.0        10.5952          57.2195760408      0.265714606693      0.0                 0.0                  0.0                0.297542847522    0.0                0.297542847522    50.0     40.3     3.4             0.0                0.0280827966931    0.0                0.0280827966931    23.8    15.3    0.0                0                  0.0                0.0                0                  0.0                1.4750379638397113     
atlas_conf_2016_013  m2J_6j_2b                  44050.0        10.5952          57.2195760408      0.265714606693      0.000464274990086   2.15551283793e-07    9.44000350419e-05  0.262459058377    1.52000056423e-05  0.262459058818    164.0    189.0    48.0            8.90969826355e-06  0.0247715058118    1.43461243227e-06  0.0247715058534    60.0    70.0    1.57333391737e-06  0                  1.15786709647e-06  1.34857192917e-06  0                  9.92457511264e-07  0.3330811458700756     
atlas_conf_2016_013  m2J_6j_3b                  44050.0        10.5952          57.2195760408      0.265714606693      0.000464274990086   2.15551283793e-07    9.44000350419e-05  0.262459058377    1.52000056423e-05  0.262459058818    55.0     49.7     4.2             8.90969826355e-06  0.0247715058118    1.43461243227e-06  0.0247715058534    21.6    17.5    4.37037199268e-06  0                  3.21629749021e-06  5.39428771668e-06  0                  3.96983004506e-06  0.31872837597672377    
atlas_conf_2016_013  m2J_6j_m4b                 44050.0        10.5952          57.2195760408      0.265714606693      0.0                 0.0                  0.0                0.297542847522    0.0                0.297542847522    13.0     11.3     2.5             0.0                0.0280827966931    0.0                0.0280827966931    10.9    9.3     0.0                0                  0.0                0.0                0                  0.0                0.13048941196605926    
atlas_conf_2016_050  SR1                        44050.0        43.7052          57.2195760408      0.265714606693      0.0104111793713     3.52581062146e-05    0.00816089835778   0.00455250903129  0.000648724736387  0.00459849782685  37.0     24.0     3.0             0.000186726027058  0.000104164013236  1.48431934046e-05  0.00010521626321   26.0    12.9    0.000313880706068  2.38216123749e-05  0.000272961145773  0.000632627779673  4.80125520733e-05  0.000550154247295  3.894242575222904      
atlas_conf_2016_050  bC2x_diag                  44050.0        43.7052          57.2195760408      0.265714606693      0.0019114422073     1.39718321642e-06    0.00152954872604   0.803881407504    0.000168267546402  0.803881425115    37.0     22.0     3.0             3.49969506154e-05  0.0183932668768    3.85005780551e-06  0.0183932672798    27.5    12.4    5.56199536741e-05  0                  4.55850890887e-05  0.000123350703713  0                  0.000101095963705  5.268449650189119      
atlas_conf_2016_050  bC2x_med                   44050.0        43.7052          57.2195760408      0.265714606693      0.000464274990086   2.15551283793e-07    0.000389400144548  1.08264361581     6.27000232747e-05  1.08264361762     14.0     13.0     2.0             8.90969826355e-06  0.0247715058118    1.43461243227e-06  0.0247715058534    9.9     9.0     3.93333479341e-05  0                  2.89466774119e-05  4.32666827276e-05  0                  3.18413451531e-05  0.041933904011870436   
atlas_conf_2016_050  bCbv                       44050.0        43.7052          57.2195760408      0.265714606693      0.0156609700231     6.76101726023e-05    0.0120664311647    0.00628668125579  0.00103175866969   0.00637078387363  7.0      7.4      1.8             0.000276086853846  0.000143842866656  2.36072291099e-05  0.000145767182707  7.2     7.3     0.00167589321732   0.000224770223885  0.00144088152034   0.00165293577599   0.000221691179722  0.00142114341732   0.02161034446519704    
atlas_conf_2016_050  tN_high                    44050.0        43.7052          57.2195760408      0.265714606693      0.00948263490602    3.48270026965e-05    0.00738210269422   0.00451907876029  0.00058499435229   0.00455678518628  5.0      3.8      0.8             0.000168906736366  0.000103399109495  1.33850057268e-05  0.000104261854111  7.2     5.5     0.00102529204086   0                  0.000892043327287  0.00134220048986   0                  0.00116776581027   0.2647599948353047     
atlas_conf_2016_054  GG2J                       44050.0        49.0028          57.2195760408      0.265714606693      0.394717180178      0.00188686146886     0.339634293393     0.0372182072043   0.031458283925     0.0487321103074   47.0     46.0     7.0             0.00693091605772   0.000759511848391  0.000641969110439  0.000994476036214  20.0    19.0    0.0169817146697    0.0129856816244    0.0144021353878    0.017875489126     0.013669138552     0.0151601425135    0.002922377853179929   
atlas_conf_2016_054  GG4J_high_x                44050.0        49.0028          57.2195760408      0.265714606693      0.00849973456339    3.38609215725e-05    0.00743514793901   0.00499643716594  0.000618652763073  0.00503459189949  2.0      3.4      0.9             0.00015172904281   0.000101962279011  1.26248451736e-05  0.00010274090255   4.1     5.2     0.00181345071683   0                  0.0015659896116    0.00142983614212   0                  0.00123472257838   0.5908952501091058     
atlas_conf_2016_054  GG4J_low_x                 44050.0        49.0028          57.2195760408      0.265714606693      0.00475143837407    3.22546804997e-06    0.00430310041202   0.901322394146    0.000491139219288  0.901322527959    4.0      6.0      1.6             8.78133578494e-05  0.0183932835296    1.00226766488e-05  0.0183932862604    5.0     7.0     0.000860620082405  0                  0.000699526418478  0.000614728630289  0                  0.000499661727485  0.5865411076963891     
atlas_conf_2016_054  GG4J_low_x_b_veto          44050.0        49.0028          57.2195760408      0.265714606693      0.00475143837407    3.22546804997e-06    0.00430310041202   0.901322394146    0.000491139219288  0.901322527959    2.0      3.3      1.2             8.78133578494e-05  0.0183932835296    1.00226766488e-05  0.0183932862604    4.1     5.2     0.00104953668586   0                  0.000853080998144  0.000827519310005  0                  0.000672621556229  0.4603490869594661     
atlas_conf_2016_054  GG6J_bulk                  44050.0        49.0028          57.2195760408      0.265714606693      0.012786897258      3.68708402396e-05    0.0113016475407    0.00522824718528  0.000911357275079  0.00530708401226  32.0     24.0     5.0             0.000230632689166  0.000106692825416  1.85980653163e-05  0.000108301648319  22.0    16.0    0.000513711251849  0.000118092261844  0.000445773709525  0.000706352971293  0.000162376860036  0.000612938850597  1.0060659863480692     
atlas_conf_2016_054  GG6J_high_mass             44050.0        49.0028          57.2195760408      0.265714606693      0.00567998973298    3.65657156801e-06    0.00517630203271   0.901322605635    0.000616114009634  0.901322816213    3.0      3.8      1.2             0.000105632780835  0.0183932878455    1.25730368394e-05  0.0183932921428    5.0     5.6     0.00103526040654   0                  0.000833175011383  0.000924339648699  0                  0.000743906260163  0.14775661828575165    
atlas_conf_2016_054  SS4J                       44050.0        49.0028          57.2195760408      0.265714606693      0.0684760183941     0.000328390051771    0.0592277406385    0.0155349817313   0.00550370909542   0.0164810943568   6.0      5.4      1.7             0.00120866033448   0.000317022327934  0.000112314175831  0.000336329645588  7.7     6.8     0.00769191436864   0.00418165531082   0.00651969580805   0.0087099618586    0.0047351096902    0.00738259672383   0.03331117223774649    
atlas_conf_2016_054  SS4J_lox_x                 44050.0        49.0028          57.2195760408      0.265714606693      0.0684760183941     0.000328390051771    0.0592277406385    0.0155349817313   0.00550370909542   0.0164810943568   8.0      11.1     2.7             0.00120866033448   0.000317022327934  0.000112314175831  0.000336329645588  6.7     8.8     0.00883996128933   0.00480578296916   0.00749278473463   0.00673042507256   0.00365894839697   0.00570473383205   0.6552212690175494     
atlas_conf_2016_054  SS5J                       44050.0        49.0028          57.2195760408      0.265714606693      0.00139282703836    6.46652900922e-07    0.00130980243103   1.21387330203     0.000210900391438  1.21387332035     8.0      13.2     2.5             2.67291344787e-05  0.0247715090164    4.30384368725e-06  0.0247715093903    5.9     8.9     0.00022200041204   0                  0.000163377252386  0.000147168812476  0                  0.000108306268436  1.80151906666973       
atlas_conf_2016_054  SS5J_high_x                44050.0        49.0028          57.2195760408      0.265714606693      0.00139282703836    6.46652900922e-07    0.00130980243103   1.21387330203     0.000210900391438  1.21387332035     7.0      4.6      1.4             2.67291344787e-05  0.0247715090164    4.30384368725e-06  0.0247715093903    8.8     6.7     0.000148841185345  0                  0.000109537021486  0.000195492900154  0                  0.000143869520758  0.6671868506572186     
atlas_conf_2016_076  SR_high                    44050.0        44.0363          57.2195760408      0.265714606693      0.00144716583848    1.18163240785e-06    0.0011487849056    0.80997132314     0.000129504028895  0.809971333493    8.0      17.3     7.5             2.60872258932e-05  0.0183932647189    2.94084718505e-06  0.018393264954     8.0     10.5    0.0001435981132    0                  0.000117049787276  0.000109408086248  0                  8.91807903059e-05  2.058348206835026      
atlas_conf_2016_076  SR_low                     44050.0        44.0363          57.2195760408      0.265714606693      0.00289434254994    2.36326434048e-06    0.00229757828313   0.809971771388    0.000259009102565  0.809971812801    21.0     35.0     14.0            5.21746441714e-05  0.0183932748979    5.88171809542e-06  0.0183932758384    15.7    19.2    0.000146342565804  0                  0.000119286837893  0.000119665535579  0                  9.7541841402e-05   1.3418787347802192     
atlas_conf_2016_076  SR_t_df                    44050.0        44.0363          57.2195760408      0.265714606693      0.0                 0.0                  0.0                1.23666246001     0.0                1.23666246001     3.0      3.7      1.5             0.0                0.0280827966931    0.0                0.0280827966931    5.1     5.7     0.0                0                  0.0                0.0                0                  0.0                0.10084467235075473    
atlas_conf_2016_076  SR_t_sf                    44050.0        44.0363          57.2195760408      0.265714606693      0.00658829235609    3.2463740257e-05     0.0051404494315    0.730691541557    0.000498406140878  0.730691711539    5.0      4.7      2.0             0.000116732092194  0.0165929367716    1.13180748809e-05  0.0165929406317    6.3     6.1     0.000815944354207  0                  0.000686200533407  0.000842696628115  0                  0.000708698911551  0.006937392809116174   
atlas_conf_2016_076  SR_w_df                    44050.0        44.0363          57.2195760408      0.265714606693      0.0                 0.0                  0.0                1.23666246001     0.0                1.23666246001     6.0      5.3      2.2             0.0                0.0280827966931    0.0                0.0280827966931    7.4     6.8     0.0                0                  0.0                0.0                0                  0.0                0.03758670296117533    
atlas_conf_2016_076  SR_w_sf                    44050.0        44.0363          57.2195760408      0.265714606693      0.0242150887747     0.000102006076533    0.0188111963533    0.0077812755258   0.00158470451272   0.00794100353866  13.0     12.0     4.0             0.000427174770663  0.000176701392392  3.59863229364e-05  0.000180328582071  11.1    10.3    0.00169470237417   0.000521436986481  0.00146056585157   0.00182632974304   0.000561936946596  0.00157400785946   0.025732743267994768   
atlas_conf_2016_078  Meff_2j_1200               44050.0        44.0363          57.2195760408      0.265714606693      10.93562609         0.049179576831       8.5012697975       0.170857539814    0.746315005483     0.765622874737    270.0    297.0    29.0            0.193051409803     0.00387992496676   0.0169477227988    0.0173861762849    45.0    60.0    0.188917106611     0.161014406287     0.161718070856     0.141687829958     0.120760804716     0.121288553142     1.2058696033882703     
atlas_conf_2016_078  Meff_2j_1600               44050.0        44.0363          57.2195760408      0.265714606693      6.79966352376       0.0293197249032      5.30553908148      0.131985045135    0.452968090999     0.471805196668    96.0     121.0    13.0            0.120481036815     0.00299718743706   0.0102862431903    0.0107140063236    18.0    30.0    0.294752171193     0.251765475497     0.253481745124     0.176851302716     0.151059285298     0.152089047075     3.6709770093875074     
atlas_conf_2016_078  Meff_2j_2000               44050.0        44.0363          57.2195760408      0.265714606693      2.66694060502       0.00960835837106     2.11040916159      0.0757253780902   0.174233362642     0.189977886988    29.0     42.0     6.0             0.0479243070283    0.0017196126398    0.00395658496835   0.00431412010064   10.0    16.0    0.211040916159     0.179884542693     0.182466644686     0.131900572599     0.112427839183     0.114041652929     3.5248691947291575     
atlas_conf_2016_078  Meff_2j_800                44050.0        44.0363          57.2195760408      0.265714606693      6.54540123293       0.0286980718381      5.1023239248       0.130561123072    0.440361080535     0.459308271325    650.0    610.0    50.0            0.11586631767      0.00296485224852   0.00999995641176   0.0104302194173    137.0   107.0   0.037243240327     0.0317449515316    0.0319717646184    0.0476852703252    0.040645405232     0.0409358107731    0.3446113700121658     
atlas_conf_2016_078  Meff_3j_1200               44050.0        44.0363          57.2195760408      0.265714606693      7.98332066364       0.0344224744142      6.24027818703      0.143039096317    0.535340161866     0.554120268517    363.0    355.0    33.0            0.141707595484     0.00324820878041   0.0121567925068    0.0125832612757    78.0    71.0    0.0800035665004    0.0683528326496    0.0687476964304    0.0878912420709    0.0750918443192    0.075525638332     0.002126698135069026   
atlas_conf_2016_078  Meff_4j_1000               44050.0        44.0363          57.2195760408      0.265714606693      1.0825226538        0.00411732664123     0.851018676454     0.0495183213761   0.068951951963     0.0848907287719   97.0     84.0     7.0             0.0193253901089    0.00112448869174   0.00156579803396   0.00192774435572   35.0    24.0    0.0243148193272    0.0203370823219    0.0210839278638    0.0354591115189    0.0296582450528    0.0307473948014    1.0087676773301384     
atlas_conf_2016_078  Meff_4j_1400               44050.0        44.0363          57.2195760408      0.265714606693      2.24327750186       0.00836328197381     1.7662749158       0.0705927370785   0.14288150202      0.159368937211    71.0     66.0     8.0             0.0401095213676    0.00160305786541   0.00324463004431   0.00361903559588   26.0    23.0    0.0679336506077    0.0578811484143    0.0589211250956    0.0767945615565    0.0654308634249    0.0666064892385    0.07720523217906321    
atlas_conf_2016_078  Meff_4j_1800               44050.0        44.0363          57.2195760408      0.265714606693      1.88053875035       0.00629750041604     1.49317292628      0.061354243868    0.123413852021     0.13782351799     37.0     27.0     3.2             0.0339077744106    0.00139326518958   0.00280254817096   0.00312977062083   23.0    13.0    0.064920562012     0.0550931459466    0.056120617781     0.114859455867     0.0974724889825    0.0992903237663    1.649532591446317      
atlas_conf_2016_078  Meff_4j_2200               44050.0        44.0363          57.2195760408      0.265714606693      0.803522405359      0.00204793440535     0.647162890208     0.0351359270283   0.0596362861436    0.0692171943461   10.0     4.8      1.1             0.0146961232031    0.000797885540527  0.001354252881     0.00157182130075   12.0    6.6     0.0539302408507    0.0444705576234    0.0457799484111    0.0980549833649    0.0808555593153    0.0832362698383    2.346614752287612      
atlas_conf_2016_078  Meff_4j_2600               44050.0        44.0363          57.2195760408      0.265714606693      0.540372032         0.00124571331979     0.438999890549     0.0274801483577   0.0449565704458    0.0526901487947   3.0      2.7      0.6             0.00996904577698   0.000624033998262  0.00102089799656   0.00119651625579   5.2     5.1     0.0844230558748    0.0678053935626    0.0702444451957    0.0860784099115    0.0691349110834    0.0716217872584    0.0056106772116137175  
atlas_conf_2016_078  Meff_5j_1400               44050.0        44.0363          57.2195760408      0.265714606693      0.730052795145      0.00166794219081     0.593038508636     0.0318006526528   0.0605986225674    0.0684359157622   64.0     68.0     9.0             0.0134670376175    0.000722146335018  0.00137610613443   0.00155407960619   21.0    23.0    0.0282399289827    0.0228954098469    0.023507465125     0.0257842829842    0.0209045046429    0.0214633377228    0.15270005291497948    
atlas_conf_2016_078  Meff_6j_1800               44050.0        44.0363          57.2195760408      0.265714606693      0.495921596745      0.00144365630691     0.396590645746     0.029432131262    0.0341218595307    0.0450616427625   10.0     5.5      1.0             0.00900599382205   0.000668360676577  0.000774857550036  0.00102328403527   11.4    7.0     0.0347886531356    0.0283061010189    0.0298798943961    0.0566558065351    0.0460985073736    0.0486615423022    1.9423623577860842     
atlas_conf_2016_078  Meff_6j_2200               44050.0        44.0363          57.2195760408      0.265714606693      0.136859769812      0.000247106538356    0.112055845565     0.0123045501329   0.012569816927     0.0175898337557   1.0      0.82     0.35            0.00254462444768   0.000279418346521  0.000285442167644  0.000399439411478  3.63    3.21    0.0308693789436    0.022922456806     0.0251904533898    0.0349083631044    0.025921656762     0.0284864005623    0.004259778902936377   
atlas_conf_2016_096  2LADF                      44050.0        44.0363          57.2195760408      0.265714606693      0.0                 0.0                  0.0                1.23666246001     0.0                1.23666246001     55.0     57.6     8.5             0.0                0.0280827966931    0.0                0.0280827966931    20.0    21.8    0.0                0                  0.0                0.0                0                  0.0                0.07984820292254578    
atlas_conf_2016_096  2LASF                      44050.0        44.0363          57.2195760408      0.265714606693      0.0                 0.0                  0.0                1.23666246001     0.0                1.23666246001     56.0     70.0     12.0            0.0                0.0280827966931    0.0                0.0280827966931    17.7    24.6    0.0                0                  0.0                0.0                0                  0.0                1.175229780360277      
atlas_conf_2016_096  2LBDF                      44050.0        44.0363          57.2195760408      0.265714606693      0.0                 0.0                  0.0                1.23666246001     0.0                1.23666246001     8.0      8.5      3.6             0.0                0.0280827966931    0.0                0.0280827966931    8.6     9.0     0.0                0                  0.0                0.0                0                  0.0                0.016621309724397      
atlas_conf_2016_096  2LBSF                      44050.0        44.0363          57.2195760408      0.265714606693      0.0                 0.0                  0.0                1.23666246001     0.0                1.23666246001     19.0     20.7     5.0             0.0                0.0280827966931    0.0                0.0280827966931    11.9    13.0    0.0                0                  0.0                0.0                0                  0.0                0.08384027114938754    
atlas_conf_2016_096  2LCDF                      44050.0        44.0363          57.2195760408      0.265714606693      0.0                 0.0                  0.0                1.23666246001     0.0                1.23666246001     2.0      3.1      2.3             0.0                0.0280827966931    0.0                0.0280827966931    4.7     5.4     0.0                0                  0.0                0.0                0                  0.0                0.19996800191638658    
atlas_conf_2016_096  2LCSF                      44050.0        44.0363          57.2195760408      0.265714606693      0.0                 0.0                  0.0                1.23666246001     0.0                1.23666246001     9.0      10.2     3.3             0.0                0.0280827966931    0.0                0.0280827966931    8.3     9.1     0.0                0                  0.0                0.0                0                  0.0                0.08643289401194575    
atlas_conf_2016_096  3LH                        44050.0        44.0363          57.2195760408      0.265714606693      0.0                 0.0                  0.0                1.23666246001     0.0                1.23666246001     0.0      0.98     0.5             0.0                0.0280827966931    0.0                0.0280827966931    3.01    3.09    0.0                0                  0.0                0.0                0                  0.0                1.7622467336602972     
atlas_conf_2016_096  3LI                        44050.0        44.0363          57.2195760408      0.265714606693      0.0                 0.0                  0.0                1.23666246001     0.0                1.23666246001     2.0      4.41     1.14            0.0                0.0280827966931    0.0                0.0280827966931    3.93    5.67    0.0                0                  0.0                0.0                0                  0.0                1.3971053055939837     
cms_pas_sus_15_011   SRA_b0_a.lowMET            44050.0        7.2842           57.2195760408      0.265714606693      0.0                 0.0                  0.0                0.204560707672    0.0                0.204560707672    28.0     28.2     5.10881590978   0.0                0.0280827966931    0.0                0.0280827966931    14.5    15.1    0.0                0                  0.0                0.0                0                  0.0                0.004294635616635071   
cms_pas_sus_15_011   SRA_b0_b.mediumMET         44050.0        7.2842           57.2195760408      0.265714606693      0.0                 0.0                  0.0                0.204560707672    0.0                0.204560707672    6.0      8.7      2.63153947339   0.0                0.0280827966931    0.0                0.0280827966931    6.3     7.8     0.0                0                  0.0                0.0                0                  0.0                0.5981617204764694     
cms_pas_sus_15_011   SRA_b0_c.highMET           44050.0        7.2842           57.2195760408      0.265714606693      0.0                 0.0                  0.0                0.204560707672    0.0                0.204560707672    5.0      3.3      1.90394327647   0.0                0.0280827966931    0.0                0.0280827966931    8.0     6.6     0.0                0                  0.0                0.0                0                  0.0                0.29983539119240255    
cms_pas_sus_15_011   SRA_b0_d.vhighMET          44050.0        7.2842           57.2195760408      0.265714606693      0.00565974099718    3.20326381646e-05    0.00072049966505   0.154579827479    7.97499629253e-05  0.154579848051    6.0      1.9      1.10679718106   9.89126692086e-05  0.0212212497569    1.09483488819e-05  0.0212212525811    9.8     6.3     7.35203739847e-05  0                  6.01744618216e-05  0.000114365026198  0                  9.36047183892e-05  2.42825179782564       
cms_pas_sus_15_011   SRA_b1_a.lowMET            44050.0        7.2842           57.2195760408      0.265714606693      0.0                 0.0                  0.0                0.204560707672    0.0                0.204560707672    21.0     14.2     3.88908729653   0.0                0.0280827966931    0.0                0.0280827966931    17.7    12.9    0.0                0                  0.0                0.0                0                  0.0                1.1509774906183121     
cms_pas_sus_15_011   SRA_b1_b.mediumMET         44050.0        7.2842           57.2195760408      0.265714606693      0.0                 0.0                  0.0                0.204560707672    0.0                0.204560707672    6.0      5.8      2.82577423019   0.0                0.0280827966931    0.0                0.0280827966931    7.9     7.7     0.0                0                  0.0                0.0                0                  0.0                0.001394001851227318   
cms_pas_sus_15_011   SRA_b1_c.highMET           44050.0        7.2842           57.2195760408      0.265714606693      0.0                 0.0                  0.0                0.204560707672    0.0                0.204560707672    1.0      5.0      2.72855272993   0.0                0.0280827966931    0.0                0.0280827966931    3.5     5.4     0.0                0                  0.0                0.0                0                  0.0                2.7305090221990564     
cms_pas_sus_15_011   SRA_b1_d.vhighMET          44050.0        7.2842           57.2195760408      0.265714606693      0.0                 0.0                  0.0                0.204560707672    0.0                0.204560707672    3.0      1.6      1.81245689604   0.0                0.0280827966931    0.0                0.0280827966931    6.7     6.0     0.0                0                  0.0                0.0                0                  0.0                0.2334128201382904     
cms_pas_sus_15_011   SRB_b0_a.lowMET            44050.0        7.2842           57.2195760408      0.265714606693      0.0                 0.0                  0.0                0.204560707672    0.0                0.204560707672    20.0     23.1     4.34165866922   0.0                0.0280827966931    0.0                0.0280827966931    10.7    12.7    0.0                0                  0.0                0.0                0                  0.0                0.28519628268388786    
cms_pas_sus_15_011   SRB_b0_b.mediumMET         44050.0        7.2842           57.2195760408      0.265714606693      0.0                 0.0                  0.0                0.204560707672    0.0                0.204560707672    10.0     8.2      2.82577423019   0.0                0.0280827966931    0.0                0.0280827966931    10.1    8.9     0.0                0                  0.0                0.0                0                  0.0                0.15847815073153151    
cms_pas_sus_15_011   SRB_b0_c.highMET           44050.0        7.2842           57.2195760408      0.265714606693      0.0                 0.0                  0.0                0.204560707672    0.0                0.204560707672    2.0      0.8      0.860232526704  0.0                0.0280827966931    0.0                0.0280827966931    5.3     4.6     0.0                0                  0.0                0.0                0                  0.0                0.47738226698585146    
cms_pas_sus_15_011   SRB_b0_d.vhighMET          44050.0        7.2842           57.2195760408      0.265714606693      0.000982890848396   9.66081124062e-07    0.00012512454676   0.165036272047    1.8699932263e-05   0.165036273107    0.0      1.5      1.81245689604   1.71775276296e-05  0.0226567463891    2.56719094245e-06  0.0226567465345    3.0     3.3     4.17081822532e-05  0                  3.14855526161e-05  3.79165293211e-05  0                  2.8623229651e-05   1.7893633710812549     
cms_pas_sus_15_011   SRB_b1_a.lowMET            44050.0        7.2842           57.2195760408      0.265714606693      0.0                 0.0                  0.0                0.204560707672    0.0                0.204560707672    43.0     44.6     7.17112264572   0.0                0.0280827966931    0.0                0.0280827966931    17.9    18.6    0.0                0                  0.0                0.0                0                  0.0                0.0446041871164596     
cms_pas_sus_15_011   SRB_b1_b.mediumMET         44050.0        7.2842           57.2195760408      0.265714606693      0.0                 0.0                  0.0                0.204560707672    0.0                0.204560707672    22.0     16.7     4.53982378513   0.0                0.0280827966931    0.0                0.0280827966931    17.2    13.7    0.0                0                  0.0                0.0                0                  0.0                0.5780298369008489     
cms_pas_sus_15_011   SRB_b1_c.highMET           44050.0        7.2842           57.2195760408      0.265714606693      0.0                 0.0                  0.0                0.204560707672    0.0                0.204560707672    3.0      0.6      0.874642784227  0.0                0.0280827966931    0.0                0.0280827966931    7.1     6.0     0.0                0                  0.0                0.0                0                  0.0                1.0258589551546173     
cms_pas_sus_15_011   SRB_b1_d.vhighMET          44050.0        7.2842           57.2195760408      0.265714606693      0.0                 0.0                  0.0                0.204560707672    0.0                0.204560707672    3.0      1.4      1.81245689604   0.0                0.0280827966931    0.0                0.0280827966931    6.9     6.0     0.0                0                  0.0                0.0                0                  0.0                0.27840519492992166    
cms_pas_sus_15_011   SRC_ATLAS                  44050.0        7.2842           57.2195760408      0.265714606693      0.0                 0.0                  0.0                0.204560707672    0.0                0.204560707672    12.0     12.0     3.45253530033   0.0                0.0280827966931    0.0                0.0280827966931    10.0    10.0    0.0                0                  0.0                0.0                0                  0.0                0.0006021159122984938  
cms_pas_sus_15_011   SRD_cen_a.vlowMll_b0       44050.0        7.2842           57.2195760408      0.265714606693      0.0971956477178     0.000435546405212    0.0124717994257    0.00265907167364  0.00109358610057   0.00287516829506  132.0    126.7    12.3            0.00171217147053   0.000365046494281  0.000150131256771  0.000394712980843  36.7    33.7    0.000339831047021  0.000211349412037  0.000290962349338  0.000370083069011  0.000230163899755  0.000316864042158  0.05564787910617244    
cms_pas_sus_15_011   SRD_cen_a.vlowMll_b1       44050.0        7.2842           57.2195760408      0.265714606693      0.03305014336       0.000163388658873    0.0042421483865    0.00162855180203  0.000405378173041  0.00167824683378  305.0    344.2    23.9            0.000582376703893  0.000223573186079  5.56517082234e-05  0.000230395490758  35.2    54.4    0.000120515579162  4.23245334971e-05  0.000101628641554  7.79806688694e-05  2.73864628511e-05  6.57597092409e-05  2.1557536006303275     
cms_pas_sus_15_011   SRD_cen_a.vlowMll_b_all    44050.0        7.2842           57.2195760408      0.265714606693      0.130245697019      0.000598935068837    0.0167139360965    0.00311814740356  0.00149389521779   0.00345753758505  437.0    470.9    29.9            0.00229454656605   0.000428069987584  0.000205087067597  0.000474662637634  49.6    69.0    0.000336974518074  0.000222652710826  0.00028757959555   0.00024223095792   0.000160051803724  0.000206723883178  1.153315694286886      
cms_pas_sus_15_011   SRD_cen_b.lowMll_b0        44050.0        7.2842           57.2195760408      0.265714606693      0.048690906056      0.000259375343037    0.00620427487301   0.00205040050399  0.000640546961626  0.00214812537735  33.0     38.2     6.2             0.000851744168613  0.000281486025095  8.79364874146e-05  0.000294902031431  13.2    16.2    0.000470020823713  0.000203132519254  0.000390437716359  0.000382979930433  0.000165515386059  0.000318134435552  0.44185195313685066    
cms_pas_sus_15_011   SRD_cen_b.lowMll_b1        44050.0        7.2842           57.2195760408      0.265714606693      0.00196579119103    1.93216224812e-06    0.00025025030216   0.16503631948     3.7400045158e-05   0.165036323718    96.0     93.9     10.4            3.43552211856e-05  0.0226567529008    5.13440668268e-06  0.0226567534826    29.5    28.0    8.48306109018e-06  0                  6.40387213902e-06  8.93751079144e-06  0                  6.7469367179e-06   0.006354009753757949   
cms_pas_sus_15_011   SRD_cen_b.lowMll_b_all     44050.0        7.2842           57.2195760408      0.265714606693      0.0506566972471     0.000261307505285    0.00645452517517   0.00205802204762  0.000644899571099  0.00215669891391  129.0    132.2    12.6            0.000886099389799  0.000282532336786  8.8534028596e-05   0.000296079035984  30.9    34.0    0.000208884309876  9.44187364515e-05  0.000174656630374  0.00018983897574   8.58099693045e-05  0.000158732055252  0.07144952533685255    
cms_pas_sus_15_011   SRD_cen_c.mediumMll_b0     44050.0        7.2842           57.2195760408      0.265714606693      0.00664263184558    3.29987192887e-05    0.000845624211809  0.0963681017327   8.19130273719e-05  0.0963681365458   106.0    93.1     10.5            0.000116090196838  0.013229744067     1.12453018e-05     0.0132297488462    39.0    29.3    2.16826720977e-05  0                  1.823812428e-05    2.8860894601e-05   0                  2.42760016013e-05  0.6364513531192886     
cms_pas_sus_15_011   SRD_cen_c.mediumMll_b1     44050.0        7.2842           57.2195760408      0.265714606693      0.0                 0.0                  0.0                0.204560707672    0.0                0.204560707672    165.0    154.8    13.4            0.0                0.0280827966931    0.0                0.0280827966931    43.3    36.3    0.0                0                  0.0                0.0                0                  0.0                0.21050688215146746    
cms_pas_sus_15_011   SRD_cen_c.mediumMll_b_all  44050.0        7.2842           57.2195760408      0.265714606693      0.00664263184558    3.29987192887e-05    0.000845624211809  0.0963681017327   8.19130273719e-05  0.0963681365458   271.0    247.9    17.8            0.000116090196838  0.013229744067     1.12453018e-05     0.0132297488462    65.3    48.2    1.29498347903e-05  0                  1.08926010248e-05  1.75440707844e-05  0                  1.47569885253e-05  0.6969896812954528     
cms_pas_sus_15_011   SRD_cen_d.highMll_b0       44050.0        7.2842           57.2195760408      0.265714606693      0.0                 0.0                  0.0                0.204560707672    0.0                0.204560707672    42.0     48.1     7.0             0.0                0.0280827966931    0.0                0.0280827966931    14.9    18.2    0.0                0                  0.0                0.0                0                  0.0                0.48185527144248713    
cms_pas_sus_15_011   SRD_cen_d.highMll_b1       44050.0        7.2842           57.2195760408      0.265714606693      0.0                 0.0                  0.0                0.204560707672    0.0                0.204560707672    121.0    116.6    11.8            0.0                0.0280827966931    0.0                0.0280827966931    34.3    31.4    0.0                0                  0.0                0.0                0                  0.0                0.03893299046773425    
cms_pas_sus_15_011   SRD_cen_d.highMll_b_all    44050.0        7.2842           57.2195760408      0.265714606693      0.0                 0.0                  0.0                0.204560707672    0.0                0.204560707672    163.0    164.7    14.5            0.0                0.0280827966931    0.0                0.0280827966931    35.8    36.6    0.0                0                  0.0                0.0                0                  0.0                0.030122419746018265   
cms_pas_sus_15_011   SRD_cen_e.vhighMll_b0      44050.0        7.2842           57.2195760408      0.265714606693      0.00565974099718    3.20326381646e-05    0.00072049966505   0.154579827479    7.97499629253e-05  0.154579848051    141.0    109.9    11.4            9.89126692086e-05  0.0212212497569    1.09483488819e-05  0.0212212525811    58.0    32.7    1.24224080181e-05  0                  1.01674090664e-05  2.20336289006e-05  0                  1.80339365704e-05  3.1348440516142233     
cms_pas_sus_15_011   SRD_cen_e.vhighMll_b1      44050.0        7.2842           57.2195760408      0.265714606693      0.000464274990086   2.15551283793e-07    6.49000240913e-05  0.180440602634    1.04500038791e-05  0.180440602937    366.0    357.9    24.6            8.90969826355e-06  0.0247715058118    1.43461243227e-06  0.0247715058534    65.7    59.9    9.87823806565e-07  0                  7.26971350526e-07  1.08347285628e-06  0                  7.97362566437e-07  0.020223418456415374   
cms_pas_sus_15_011   SRD_cen_e.vhighMll_b_all   44050.0        7.2842           57.2195760408      0.265714606693      0.00612401598727    3.22481894484e-05    0.000785399689141  0.120866252608    8.04317049904e-05  0.12086627937     507.0    467.8    29.9            0.000107822367472  0.0165929343796    1.10419407746e-05  0.0165929380536    103.6   73.3    7.58107808051e-06  0                  6.3078348741e-06   1.07148661547e-05  0                  8.91530276885e-06  0.8111051504539575     
cms_pas_sus_15_011   SRE_for_a.vlowMll_b0       44050.0        7.2842           57.2195760408      0.265714606693      0.00565974099718    3.20326381646e-05    0.00072049966505   0.154579827479    7.97499629253e-05  0.154579848051    45.0     34.7     6.0             9.89126692086e-05  0.0212212497569    1.09483488819e-05  0.0212212525811    26.4    18.8    2.72916539792e-05  0                  2.23374896156e-05  3.83244502686e-05  0                  3.13675386092e-05  1.1681630854696483     
cms_pas_sus_15_011   SRE_for_a.vlowMll_b1       44050.0        7.2842           57.2195760408      0.265714606693      0.00565974099718    3.20326381646e-05    0.00072049966505   0.154579827479    7.97499629253e-05  0.154579848051    90.0     72.9     9.4             9.89126692086e-05  0.0212212497569    1.09483488819e-05  0.0212212525811    40.8    26.8    1.76593055159e-05  0                  1.44536697513e-05  2.68843158601e-05  0                  2.20040942482e-05  1.4234566766948644     
cms_pas_sus_15_011   SRE_for_a.vlowMll_b_all    44050.0        7.2842           57.2195760408      0.265714606693      0.0113194609453     6.40652763292e-05    0.0014409966505    0.1545815066      0.000159499629253  0.154581588887    135.0    107.6    11.9            0.000197824970552  0.0212214802724    2.18966570459e-05  0.021221491569     54.6    32.9    2.63918800457e-05  0                  2.16010486909e-05  4.37992902886e-05  0                  3.58485488912e-05  2.349040112809673      
cms_pas_sus_15_011   SRE_for_b.lowMll_b0        44050.0        7.2842           57.2195760408      0.265714606693      0.000982890848396   9.66081124062e-07    0.00012512454676   0.165036272047    1.8699932263e-05   0.165036273107    14.0     15.0     3.7             1.71775276296e-05  0.0226567463891    2.56719094245e-06  0.0226567465345    10.3    10.5    1.21480142485e-05  0                  9.17054930567e-06  1.19166235009e-05  0                  8.99587217604e-06  0.04788517076548076    
cms_pas_sus_15_011   SRE_for_b.lowMll_b1        44050.0        7.2842           57.2195760408      0.265714606693      0.0                 0.0                  0.0                0.204560707672    0.0                0.204560707672    36.0     31.7     5.7             0.0                0.0280827966931    0.0                0.0280827966931    20.0    17.1    0.0                0                  0.0                0.0                0                  0.0                0.22408514097724       
cms_pas_sus_15_011   SRE_for_b.lowMll_b_all     44050.0        7.2842           57.2195760408      0.265714606693      0.000982890848396   9.66081124062e-07    0.00012512454676   0.165036272047    1.8699932263e-05   0.165036273107    50.0     46.6     7.1             1.71775276296e-05  0.0226567463891    2.56719094245e-06  0.0226567465345    22.3    20.1    5.61096622241e-06  0                  4.23572456719e-06  6.22510182884e-06  0                  4.69933621136e-06  0.083158879646102      
cms_pas_sus_15_011   SRE_for_c.mediumMll_b0     44050.0        7.2842           57.2195760408      0.265714606693      0.0                 0.0                  0.0                0.204560707672    0.0                0.204560707672    40.0     44.4     5.9             0.0                0.0280827966931    0.0                0.0280827966931    14.4    17.3    0.0                0                  0.0                0.0                0                  0.0                0.3128197723411045     
cms_pas_sus_15_011   SRE_for_c.mediumMll_b1     44050.0        7.2842           57.2195760408      0.265714606693      0.0                 0.0                  0.0                0.204560707672    0.0                0.204560707672    52.0     54.5     7.5             0.0                0.0280827966931    0.0                0.0280827966931    18.8    20.3    0.0                0                  0.0                0.0                0                  0.0                0.08608139741389957    
cms_pas_sus_15_011   SRE_for_c.mediumMll_b_all  44050.0        7.2842           57.2195760408      0.265714606693      0.0                 0.0                  0.0                0.204560707672    0.0                0.204560707672    92.0     98.9     10.1            0.0                0.0280827966931    0.0                0.0280827966931    23.1    27.3    0.0                0                  0.0                0.0                0                  0.0                0.32320522078896435    
cms_pas_sus_15_011   SRE_for_d.highMll_b0       44050.0        7.2842           57.2195760408      0.265714606693      0.0                 0.0                  0.0                0.204560707672    0.0                0.204560707672    19.0     22.3     4.7             0.0                0.0280827966931    0.0                0.0280827966931    10.8    12.6    0.0                0                  0.0                0.0                0                  0.0                0.30570209933387205    
cms_pas_sus_15_011   SRE_for_d.highMll_b1       44050.0        7.2842           57.2195760408      0.265714606693      0.0                 0.0                  0.0                0.204560707672    0.0                0.204560707672    35.0     54.3     7.8             0.0                0.0280827966931    0.0                0.0280827966931    11.1    18.5    0.0                0                  0.0                0.0                0                  0.0                4.344165979448498      
cms_pas_sus_15_011   SRE_for_d.highMll_b_all    44050.0        7.2842           57.2195760408      0.265714606693      0.0                 0.0                  0.0                0.204560707672    0.0                0.204560707672    54.0     76.7     9.6             0.0                0.0280827966931    0.0                0.0280827966931    12.8    22.9    0.0                0                  0.0                0.0                0                  0.0                3.9821538120283972     
cms_pas_sus_15_011   SRE_for_e.vhighMll_b0      44050.0        7.2842           57.2195760408      0.265714606693      0.0                 0.0                  0.0                0.204560707672    0.0                0.204560707672    92.0     84.9     10.3            0.0                0.0280827966931    0.0                0.0280827966931    33.1    27.8    0.0                0                  0.0                0.0                0                  0.0                0.190406714591382      
cms_pas_sus_15_011   SRE_for_e.vhighMll_b1      44050.0        7.2842           57.2195760408      0.265714606693      0.0                 0.0                  0.0                0.204560707672    0.0                0.204560707672    206.0    214.5    19.4            0.0                0.0280827966931    0.0                0.0280827966931    41.4    45.5    0.0                0                  0.0                0.0                0                  0.0                0.19769065541304548    
cms_pas_sus_15_011   SRE_for_e.vhighMll_b_all   44050.0        7.2842           57.2195760408      0.265714606693      0.0                 0.0                  0.0                0.204560707672    0.0                0.204560707672    298.0    299.4    25.0            0.0                0.0280827966931    0.0                0.0280827966931    56.0    57.2    0.0                0                  0.0                0.0                0                  0.0                0.021035856860928185   
