    200.	    200.	.41802E+03	.57793E+03	.13826E+01
    200.	    250.	.11633E+03	.16343E+03	.14049E+01
    200.	    300.	.39115E+02	.58008E+02	.14830E+01
    200.	    350.	.15049E+02	.22649E+02	.15050E+01
    200.	    400.	.64030E+01	.10205E+02	.15939E+01
    200.	    450.	.29425E+01	.48087E+01	.16343E+01
    200.	    500.	.14361E+01	.23619E+01	.16446E+01
    200.	    550.	.73509E+00	.12083E+01	.16437E+01
    200.	    600.	.39085E+00	.63961E+00	.16365E+01
    200.	    650.	.21430E+00	.34834E+00	.16254E+01
    200.	    700.	.12048E+00	.19424E+00	.16122E+01
    200.	    750.	.69124E-01	.11045E+00	.15979E+01
    200.	    800.	.40333E-01	.63847E-01	.15830E+01
    200.	    850.	.23863E-01	.37417E-01	.15680E+01
    200.	    900.	.14280E-01	.22179E-01	.15532E+01
    200.	    950.	.86255E-02	.13272E-01	.15386E+01
    200.	   1000.	.52495E-02	.80027E-02	.15245E+01
    200.	   1050.	.32141E-02	.48554E-02	.15106E+01
    200.	   1100.	.19771E-02	.29600E-02	.14971E+01
    200.	   1150.	.12204E-02	.18107E-02	.14837E+01
    200.	   1200.	.75506E-03	.11101E-02	.14703E+01
    200.	   1250.	.46776E-03	.68135E-03	.14566E+01
    200.	   1300.	.28987E-03	.41817E-03	.14426E+01
    200.	   1350.	.17954E-03	.25636E-03	.14279E+01
    200.	   1400.	.11106E-03	.15684E-03	.14123E+01
    200.	   1450.	.68548E-04	.95655E-04	.13954E+01
    200.	   1500.	.42191E-04	.58102E-04	.13771E+01
    200.	   1550.	.25876E-04	.35115E-04	.13571E+01
    200.	   1600.	.15804E-04	.21096E-04	.13349E+01
    200.	   1650.	.96058E-05	.12587E-04	.13103E+01
    200.	   1700.	.58071E-05	.74507E-05	.12830E+01
    200.	   1750.	.34897E-05	.43719E-05	.12528E+01
    200.	   1800.	.20835E-05	.25407E-05	.12195E+01
    200.	   1850.	.12350E-05	.14612E-05	.11832E+01
    200.	   1900.	.72663E-06	.83096E-06	.11436E+01
    200.	   1950.	.42409E-06	.46700E-06	.11012E+01
    200.	   2000.	.24537E-06	.25924E-06	.10565E+01
    250.	    200.	.41756E+03	.61166E+03	.14649E+01
    251.	    250.	.11506E+03	.16136E+03	.14023E+01
    250.	    300.	.38234E+02	.53629E+02	.14026E+01
    250.	    350.	.14528E+02	.21300E+02	.14661E+01
    250.	    400.	.61097E+01	.90769E+01	.14856E+01
    250.	    450.	.27803E+01	.43738E+01	.15731E+01
    250.	    500.	.13468E+01	.21748E+01	.16147E+01
    250.	    550.	.68585E+00	.11168E+01	.16283E+01
    250.	    600.	.36356E+00	.59271E+00	.16303E+01
    250.	    650.	.19909E+00	.32359E+00	.16254E+01
    250.	    700.	.11194E+00	.18090E+00	.16160E+01
    250.	    750.	.64304E-01	.10314E+00	.16040E+01
    250.	    800.	.37594E-01	.59788E-01	.15903E+01
    250.	    850.	.22297E-01	.35137E-01	.15759E+01
    250.	    900.	.13380E-01	.20887E-01	.15610E+01
    250.	    950.	.81059E-02	.12533E-01	.15462E+01
    250.	   1000.	.49482E-02	.75780E-02	.15315E+01
    250.	   1050.	.30388E-02	.46099E-02	.15170E+01
    250.	   1100.	.18748E-02	.28174E-02	.15028E+01
    250.	   1150.	.11605E-02	.17277E-02	.14887E+01
    250.	   1200.	.71996E-03	.10617E-02	.14746E+01
    250.	   1250.	.44717E-03	.65305E-03	.14604E+01
    250.	   1300.	.27779E-03	.40164E-03	.14458E+01
    250.	   1350.	.17246E-03	.24672E-03	.14306E+01
    250.	   1400.	.10690E-03	.15122E-03	.14145E+01
    250.	   1450.	.66120E-04	.92390E-04	.13973E+01
    250.	   1500.	.40774E-04	.56213E-04	.13787E+01
    250.	   1550.	.25051E-04	.34027E-04	.13583E+01
    250.	   1600.	.15326E-04	.20473E-04	.13359E+01
    250.	   1650.	.93296E-05	.12232E-04	.13111E+01
    250.	   1700.	.56483E-05	.72505E-05	.12837E+01
    250.	   1750.	.33989E-05	.42599E-05	.12533E+01
    250.	   1800.	.20318E-05	.24786E-05	.12199E+01
    250.	   1850.	.12058E-05	.14271E-05	.11835E+01
    250.	   1900.	.71024E-06	.81247E-06	.11439E+01
    250.	   1950.	.41496E-06	.45709E-06	.11015E+01
    250.	   2000.	.24033E-06	.25400E-06	.10569E+01
    300.	    200.	.41918E+03	.62515E+03	.14914E+01
    300.	    250.	.11487E+03	.16999E+03	.14799E+01
    300.	    300.	.37826E+02	.53693E+02	.14195E+01
    300.	    350.	.14221E+02	.19993E+02	.14059E+01
    300.	    400.	.59123E+01	.86135E+01	.14569E+01
    300.	    450.	.26610E+01	.39187E+01	.14726E+01
    300.	    500.	.12766E+01	.19872E+01	.15567E+01
    300.	    550.	.64492E+00	.10307E+01	.15982E+01
    300.	    600.	.33984E+00	.54839E+00	.16137E+01
    300.	    650.	.18535E+00	.29986E+00	.16178E+01
    300.	    700.	.10398E+00	.16789E+00	.16147E+01
    300.	    750.	.59678E-01	.95898E-01	.16069E+01
    300.	    800.	.34900E-01	.55699E-01	.15960E+01
    300.	    850.	.20723E-01	.32806E-01	.15830E+01
    300.	    900.	.12458E-01	.19547E-01	.15690E+01
    300.	    950.	.75644E-02	.11758E-01	.15544E+01
    300.	   1000.	.46294E-02	.71276E-02	.15396E+01
    300.	   1050.	.28507E-02	.43470E-02	.15248E+01
    300.	   1100.	.17637E-02	.26635E-02	.15101E+01
    300.	   1150.	.10948E-02	.16374E-02	.14955E+01
    300.	   1200.	.68111E-03	.10086E-02	.14809E+01
    300.	   1250.	.42419E-03	.62189E-03	.14661E+01
    300.	   1300.	.26421E-03	.38335E-03	.14509E+01
    300.	   1350.	.16444E-03	.23600E-03	.14352E+01
    300.	   1400.	.10218E-03	.14495E-03	.14186E+01
    300.	   1450.	.63339E-04	.88739E-04	.14010E+01
    300.	   1500.	.39143E-04	.54095E-04	.13820E+01
    300.	   1550.	.24098E-04	.32805E-04	.13613E+01
    300.	   1600.	.14771E-04	.19772E-04	.13386E+01
    300.	   1650.	.90080E-05	.11833E-04	.13136E+01
    300.	   1700.	.54628E-05	.70247E-05	.12859E+01
    300.	   1750.	.32925E-05	.41334E-05	.12554E+01
    300.	   1800.	.19710E-05	.24085E-05	.12219E+01
    300.	   1850.	.11714E-05	.13886E-05	.11854E+01
    300.	   1900.	.69091E-06	.79159E-06	.11457E+01
    300.	   1950.	.40416E-06	.44590E-06	.11033E+01
    300.	   2000.	.23434E-06	.24808E-06	.10586E+01
    350.	    200.	.42174E+03	.63490E+03	.15054E+01
    350.	    250.	.11525E+03	.17331E+03	.15038E+01
    350.	    300.	.37741E+02	.56306E+02	.14919E+01
    351.	    350.	.14069E+02	.20190E+02	.14350E+01
    350.	    400.	.57924E+01	.81809E+01	.14123E+01
    350.	    450.	.25794E+01	.37480E+01	.14530E+01
    350.	    500.	.12246E+01	.17940E+01	.14650E+01
    350.	    550.	.61281E+00	.94642E+00	.15444E+01
    350.	    600.	.32033E+00	.50760E+00	.15846E+01
    350.	    650.	.17361E+00	.27795E+00	.16010E+01
    350.	    700.	.96937E-01	.15573E+00	.16065E+01
    350.	    750.	.55470E-01	.89019E-01	.16048E+01
    350.	    800.	.32386E-01	.51758E-01	.15982E+01
    350.	    850.	.19222E-01	.30527E-01	.15881E+01
    350.	    900.	.11561E-01	.18219E-01	.15759E+01
    350.	    950.	.70282E-02	.10980E-01	.15623E+01
    350.	   1000.	.43088E-02	.66699E-02	.15480E+01
    350.	   1050.	.26590E-02	.40769E-02	.15333E+01
    350.	   1100.	.16490E-02	.25038E-02	.15184E+01
    350.	   1150.	.10262E-02	.15428E-02	.15034E+01
    350.	   1200.	.64011E-03	.95268E-03	.14883E+01
    350.	   1250.	.39971E-03	.58878E-03	.14730E+01
    350.	   1300.	.24962E-03	.36379E-03	.14574E+01
    350.	   1350.	.15576E-03	.22447E-03	.14411E+01
    350.	   1400.	.97027E-04	.13818E-03	.14241E+01
    350.	   1450.	.60293E-04	.84776E-04	.14061E+01
    350.	   1500.	.37347E-04	.51787E-04	.13867E+01
    350.	   1550.	.23043E-04	.31469E-04	.13656E+01
    350.	   1600.	.14154E-04	.19003E-04	.13426E+01
    350.	   1650.	.86489E-05	.11393E-04	.13173E+01
    350.	   1700.	.52550E-05	.67760E-05	.12894E+01
    350.	   1750.	.31729E-05	.39938E-05	.12587E+01
    350.	   1800.	.19025E-05	.23309E-05	.12252E+01
    350.	   1850.	.11325E-05	.13460E-05	.11885E+01
    350.	   1900.	.66897E-06	.76845E-06	.11487E+01
    350.	   1950.	.39188E-06	.43348E-06	.11061E+01
    350.	   2000.	.22753E-06	.24150E-06	.10614E+01
    400.	    200.	.42461E+03	.64381E+03	.15163E+01
    400.	    250.	.11595E+03	.17656E+03	.15227E+01
    400.	    300.	.37850E+02	.57350E+02	.15152E+01
    400.	    350.	.14032E+02	.21108E+02	.15043E+01
    400.	    400.	.57307E+01	.83074E+01	.14496E+01
    400.	    450.	.25287E+01	.35927E+01	.14208E+01
    400.	    500.	.11885E+01	.17272E+01	.14532E+01
    400.	    550.	.58891E+00	.86038E+00	.14610E+01
    400.	    600.	.30502E+00	.46840E+00	.15356E+01
    400.	    650.	.16399E+00	.25810E+00	.15739E+01
    400.	    700.	.90968E-01	.14467E+00	.15903E+01
    400.	    750.	.51793E-01	.82690E-01	.15965E+01
    400.	    800.	.30132E-01	.48084E-01	.15958E+01
    400.	    850.	.17845E-01	.28372E-01	.15899E+01
    400.	    900.	.10722E-01	.16947E-01	.15806E+01
    400.	    950.	.65174E-02	.10226E-01	.15689E+01
    400.	   1000.	.39984E-02	.62205E-02	.15557E+01
    400.	   1050.	.24706E-02	.38087E-02	.15416E+01
    400.	   1100.	.15348E-02	.23435E-02	.15269E+01
    400.	   1150.	.95718E-03	.14471E-02	.15118E+01
    400.	   1200.	.59840E-03	.89548E-03	.14965E+01
    400.	   1250.	.37457E-03	.55467E-03	.14808E+01
    400.	   1300.	.23451E-03	.34349E-03	.14647E+01
    400.	   1350.	.14669E-03	.21243E-03	.14481E+01
    400.	   1400.	.91610E-04	.13106E-03	.14307E+01
    400.	   1450.	.57067E-04	.80589E-04	.14122E+01
    400.	   1500.	.35433E-04	.49338E-04	.13924E+01
    400.	   1550.	.21913E-04	.30044E-04	.13710E+01
    400.	   1600.	.13490E-04	.18180E-04	.13477E+01
    400.	   1650.	.82607E-05	.10922E-04	.13221E+01
    400.	   1700.	.50292E-05	.65080E-05	.12940E+01
    400.	   1750.	.30425E-05	.38430E-05	.12631E+01
    400.	   1800.	.18276E-05	.22470E-05	.12295E+01
    400.	   1850.	.10899E-05	.12997E-05	.11925E+01
    400.	   1900.	.64484E-06	.74327E-06	.11526E+01
    400.	   1950.	.37834E-06	.41995E-06	.11100E+01
    400.	   2000.	.21999E-06	.23433E-06	.10652E+01
    450.	    200.	.42747E+03	.65006E+03	.15207E+01
    450.	    250.	.11680E+03	.17911E+03	.15334E+01
    450.	    300.	.38076E+02	.58388E+02	.15335E+01
    450.	    350.	.14066E+02	.21462E+02	.15258E+01
    450.	    400.	.57132E+01	.86597E+01	.15157E+01
    451.	    450.	.25015E+01	.36618E+01	.14638E+01
    450.	    500.	.11657E+01	.16675E+01	.14306E+01
    450.	    550.	.57214E+00	.83306E+00	.14560E+01
    450.	    600.	.29354E+00	.42857E+00	.14600E+01
    450.	    650.	.15642E+00	.23928E+00	.15297E+01
    450.	    700.	.86084E-01	.13477E+00	.15656E+01
    450.	    750.	.48687E-01	.76999E-01	.15815E+01
    450.	    800.	.28176E-01	.44742E-01	.15879E+01
    450.	    850.	.16621E-01	.26388E-01	.15876E+01
    450.	    900.	.99605E-02	.15761E-01	.15823E+01
    450.	    950.	.60456E-02	.95127E-02	.15735E+01
    450.	   1000.	.37069E-02	.57909E-02	.15622E+01
    450.	   1050.	.22911E-02	.35494E-02	.15492E+01
    450.	   1100.	.14246E-02	.21870E-02	.15352E+01
    450.	   1150.	.88966E-03	.13526E-02	.15203E+01
    450.	   1200.	.55717E-03	.83853E-03	.15050E+01
    450.	   1250.	.34947E-03	.52042E-03	.14892E+01
    450.	   1300.	.21927E-03	.32295E-03	.14728E+01
    450.	   1350.	.13749E-03	.20015E-03	.14558E+01
    450.	   1400.	.86064E-04	.12376E-03	.14380E+01
    450.	   1450.	.53741E-04	.76269E-04	.14192E+01
    450.	   1500.	.33448E-04	.46795E-04	.13991E+01
    450.	   1550.	.20734E-04	.28558E-04	.13773E+01
    450.	   1600.	.12793E-04	.17318E-04	.13537E+01
    450.	   1650.	.78513E-05	.10425E-04	.13278E+01
    450.	   1700.	.47902E-05	.62250E-05	.12995E+01
    450.	   1750.	.29038E-05	.36832E-05	.12684E+01
    450.	   1800.	.17477E-05	.21577E-05	.12346E+01
    450.	   1850.	.10442E-05	.12504E-05	.11975E+01
    450.	   1900.	.61891E-06	.71637E-06	.11575E+01
    450.	   1950.	.36374E-06	.40547E-06	.11147E+01
    450.	   2000.	.21184E-06	.22663E-06	.10698E+01
    500.	    200.	.43018E+03	.65578E+03	.15245E+01
    500.	    250.	.11770E+03	.18138E+03	.15411E+01
    500.	    300.	.38367E+02	.59278E+02	.15450E+01
    500.	    350.	.14149E+02	.21899E+02	.15478E+01
    500.	    400.	.57252E+01	.87995E+01	.15370E+01
    500.	    450.	.24931E+01	.38075E+01	.15272E+01
    500.	    500.	.11531E+01	.17041E+01	.14779E+01
    500.	    550.	.56130E+00	.80906E+00	.14414E+01
    500.	    600.	.28539E+00	.41690E+00	.14608E+01
    500.	    650.	.15070E+00	.22023E+00	.14613E+01
    500.	    700.	.82225E-01	.12550E+00	.15263E+01
    500.	    750.	.46144E-01	.71956E-01	.15594E+01
    500.	    800.	.26527E-01	.41765E-01	.15744E+01
    500.	    850.	.15563E-01	.24600E-01	.15806E+01
    500.	    900.	.92879E-02	.14678E-01	.15804E+01
    500.	    950.	.56208E-02	.88545E-02	.15753E+01
    500.	   1000.	.34400E-02	.53896E-02	.15667E+01
    500.	   1050.	.21242E-02	.33045E-02	.15556E+01
    500.	   1100.	.13207E-02	.20375E-02	.15428E+01
    500.	   1150.	.82522E-03	.12615E-02	.15286E+01
    500.	   1200.	.51737E-03	.78309E-03	.15136E+01
    500.	   1250.	.32499E-03	.48678E-03	.14978E+01
    500.	   1300.	.20428E-03	.30261E-03	.14813E+01
    500.	   1350.	.12834E-03	.18791E-03	.14641E+01
    500.	   1400.	.80513E-04	.11643E-03	.14460E+01
    500.	   1450.	.50388E-04	.71898E-04	.14269E+01
    500.	   1500.	.31433E-04	.44208E-04	.14064E+01
    500.	   1550.	.19530E-04	.27037E-04	.13844E+01
    500.	   1600.	.12077E-04	.16431E-04	.13605E+01
    500.	   1650.	.74288E-05	.99128E-05	.13344E+01
    500.	   1700.	.45423E-05	.59315E-05	.13058E+01
    500.	   1750.	.27592E-05	.35168E-05	.12745E+01
    500.	   1800.	.16641E-05	.20644E-05	.12405E+01
    500.	   1850.	.99621E-06	.11987E-05	.12033E+01
    500.	   1900.	.59159E-06	.68809E-06	.11631E+01
    500.	   1950.	.34831E-06	.39020E-06	.11203E+01
    500.	   2000.	.20320E-06	.21850E-06	.10753E+01
    550.	    200.	.43267E+03	.65862E+03	.15222E+01
    550.	    250.	.11859E+03	.18334E+03	.15460E+01
    550.	    300.	.38690E+02	.60270E+02	.15578E+01
    550.	    350.	.14260E+02	.22233E+02	.15591E+01
    550.	    400.	.57577E+01	.89512E+01	.15546E+01
    550.	    450.	.24975E+01	.38682E+01	.15488E+01
    550.	    500.	.11488E+01	.17679E+01	.15389E+01
    551.	    550.	.55517E+00	.82812E+00	.14917E+01
    550.	    600.	.28005E+00	.40679E+00	.14526E+01
    550.	    650.	.14661E+00	.21506E+00	.14669E+01
    550.	    700.	.79294E-01	.11612E+00	.14644E+01
    550.	    750.	.44127E-01	.67283E-01	.15248E+01
    550.	    800.	.25174E-01	.39145E-01	.15550E+01
    550.	    850.	.14672E-01	.23018E-01	.15689E+01
    550.	    900.	.87074E-02	.13710E-01	.15745E+01
    550.	    950.	.52466E-02	.82585E-02	.15741E+01
    550.	   1000.	.32008E-02	.50219E-02	.15690E+01
    550.	   1050.	.19723E-02	.30775E-02	.15604E+01
    550.	   1100.	.12248E-02	.18975E-02	.15493E+01
    550.	   1150.	.76497E-03	.11752E-02	.15363E+01
    550.	   1200.	.47973E-03	.73012E-03	.15220E+01
    550.	   1250.	.30159E-03	.45435E-03	.15065E+01
    550.	   1300.	.18981E-03	.28284E-03	.14901E+01
    550.	   1350.	.11944E-03	.17591E-03	.14728E+01
    550.	   1400.	.75063E-04	.10919E-03	.14546E+01
    550.	   1450.	.47070E-04	.67556E-04	.14352E+01
    550.	   1500.	.29425E-04	.41621E-04	.14145E+01
    550.	   1550.	.18322E-04	.25508E-04	.13922E+01
    550.	   1600.	.11356E-04	.15534E-04	.13680E+01
    550.	   1650.	.70002E-05	.93920E-05	.13417E+01
    550.	   1700.	.42896E-05	.56318E-05	.13129E+01
    550.	   1750.	.26111E-05	.33462E-05	.12815E+01
    550.	   1800.	.15782E-05	.19684E-05	.12472E+01
    550.	   1850.	.94668E-06	.11453E-05	.12098E+01
    550.	   1900.	.56327E-06	.65878E-06	.11696E+01
    550.	   1950.	.33226E-06	.37432E-06	.11266E+01
    550.	   2000.	.19419E-06	.21002E-06	.10815E+01
    600.	    200.	.43493E+03	.65931E+03	.15159E+01
    600.	    250.	.11944E+03	.18453E+03	.15449E+01
    600.	    300.	.39022E+02	.60924E+02	.15613E+01
    600.	    350.	.14388E+02	.22546E+02	.15670E+01
    600.	    400.	.58038E+01	.91060E+01	.15690E+01
    600.	    450.	.25113E+01	.39317E+01	.15656E+01
    600.	    500.	.11505E+01	.17933E+01	.15587E+01
    600.	    550.	.55299E+00	.85755E+00	.15508E+01
    600.	    600.	.27696E+00	.41690E+00	.15052E+01
    600.	    650.	.14389E+00	.21065E+00	.14640E+01
    600.	    700.	.77175E-01	.11376E+00	.14741E+01
    600.	    750.	.42586E-01	.62558E-01	.14690E+01
    600.	    800.	.24098E-01	.36742E-01	.15247E+01
    600.	    850.	.13939E-01	.21635E-01	.15521E+01
    600.	    900.	.82181E-02	.12858E-01	.15646E+01
    600.	    950.	.49242E-02	.77280E-02	.15694E+01
    600.	   1000.	.29907E-02	.46909E-02	.15685E+01
    600.	   1050.	.18365E-02	.28709E-02	.15632E+01
    600.	   1100.	.11378E-02	.17686E-02	.15545E+01
    600.	   1150.	.70962E-03	.10950E-02	.15431E+01
    600.	   1200.	.44473E-03	.68037E-03	.15298E+01
    600.	   1250.	.27960E-03	.42361E-03	.15151E+01
    600.	   1300.	.17607E-03	.26393E-03	.14990E+01
    600.	   1350.	.11090E-03	.16435E-03	.14819E+01
    600.	   1400.	.69797E-04	.10215E-03	.14636E+01
    600.	   1450.	.43841E-04	.63308E-04	.14440E+01
    600.	   1500.	.27457E-04	.39074E-04	.14231E+01
    600.	   1550.	.17130E-04	.23993E-04	.14006E+01
    600.	   1600.	.10639E-04	.14641E-04	.13762E+01
    600.	   1650.	.65722E-05	.88704E-05	.13497E+01
    600.	   1700.	.40359E-05	.53302E-05	.13207E+01
    600.	   1750.	.24618E-05	.31737E-05	.12892E+01
    600.	   1800.	.14911E-05	.18709E-05	.12547E+01
    600.	   1850.	.89626E-06	.10909E-05	.12172E+01
    600.	   1900.	.53434E-06	.62879E-06	.11768E+01
    600.	   1950.	.31580E-06	.35802E-06	.11337E+01
    600.	   2000.	.18492E-06	.20129E-06	.10885E+01
    650.	    200.	.43695E+03	.66195E+03	.15149E+01
    650.	    250.	.12024E+03	.18560E+03	.15436E+01
    650.	    300.	.39350E+02	.61466E+02	.15620E+01
    650.	    350.	.14523E+02	.22891E+02	.15761E+01
    650.	    400.	.58584E+01	.92702E+01	.15824E+01
    650.	    450.	.25317E+01	.39959E+01	.15784E+01
    650.	    500.	.11567E+01	.18225E+01	.15756E+01
    650.	    550.	.55366E+00	.86932E+00	.15701E+01
    650.	    600.	.27581E+00	.43101E+00	.15627E+01
    651.	    650.	.14229E+00	.21609E+00	.15186E+01
    650.	    700.	.75753E-01	.11178E+00	.14756E+01
    650.	    750.	.41465E-01	.61454E-01	.14821E+01
    650.	    800.	.23271E-01	.34313E-01	.14745E+01
    650.	    850.	.13354E-01	.20378E-01	.15260E+01
    650.	    900.	.78154E-02	.12118E-01	.15505E+01
    650.	    950.	.46522E-02	.72636E-02	.15613E+01
    650.	   1000.	.28097E-02	.43976E-02	.15652E+01
    650.	   1050.	.17175E-02	.26856E-02	.15637E+01
    650.	   1100.	.10603E-02	.16518E-02	.15579E+01
    650.	   1150.	.65960E-03	.10216E-02	.15488E+01
    650.	   1200.	.41270E-03	.63434E-03	.15371E+01
    650.	   1250.	.25924E-03	.39490E-03	.15233E+01
    650.	   1300.	.16322E-03	.24612E-03	.15079E+01
    650.	   1350.	.10285E-03	.15336E-03	.14910E+01
    650.	   1400.	.64784E-04	.95418E-04	.14729E+01
    650.	   1450.	.40741E-04	.59210E-04	.14533E+01
    650.	   1500.	.25553E-04	.36601E-04	.14323E+01
    650.	   1550.	.15970E-04	.22512E-04	.14096E+01
    650.	   1600.	.99365E-05	.13763E-04	.13851E+01
    650.	   1650.	.61504E-05	.83547E-05	.13584E+01
    650.	   1700.	.37843E-05	.50305E-05	.13293E+01
    650.	   1750.	.23130E-05	.30015E-05	.12977E+01
    650.	   1800.	.14039E-05	.17731E-05	.12630E+01
    650.	   1850.	.84560E-06	.10361E-05	.12253E+01
    650.	   1900.	.50514E-06	.59848E-06	.11848E+01
    650.	   1950.	.29914E-06	.34149E-06	.11416E+01
    650.	   2000.	.17550E-06	.19240E-06	.10963E+01
    700.	    200.	.43877E+03	.66351E+03	.15122E+01
    700.	    250.	.12099E+03	.18613E+03	.15385E+01
    700.	    300.	.39667E+02	.61946E+02	.15617E+01
    700.	    350.	.14661E+02	.23163E+02	.15799E+01
    700.	    400.	.59177E+01	.94172E+01	.15914E+01
    700.	    450.	.25563E+01	.40629E+01	.15893E+01
    700.	    500.	.11661E+01	.18586E+01	.15938E+01
    700.	    550.	.55656E+00	.88386E+00	.15881E+01
    700.	    600.	.27608E+00	.43678E+00	.15821E+01
    700.	    650.	.14167E+00	.22307E+00	.15746E+01
    700.	    700.	.74905E-01	.11474E+00	.15319E+01
    700.	    750.	.40704E-01	.60537E-01	.14872E+01
    700.	    800.	.22665E-01	.33784E-01	.14906E+01
    700.	    850.	.12903E-01	.19107E-01	.14808E+01
    700.	    900.	.74927E-02	.11450E-01	.15282E+01
    700.	    950.	.44279E-02	.68624E-02	.15498E+01
    700.	   1000.	.26568E-02	.41420E-02	.15590E+01
    700.	   1050.	.16150E-02	.25222E-02	.15617E+01
    700.	   1100.	.99237E-03	.15475E-02	.15594E+01
    700.	   1150.	.61511E-03	.95527E-03	.15530E+01
    700.	   1200.	.38383E-03	.59237E-03	.15433E+01
    700.	   1250.	.24066E-03	.36846E-03	.15310E+01
    700.	   1300.	.15137E-03	.22956E-03	.15166E+01
    700.	   1350.	.95349E-04	.14306E-03	.15004E+01
    700.	   1400.	.60071E-04	.89055E-04	.14825E+01
    700.	   1450.	.37803E-04	.55309E-04	.14631E+01
    700.	   1500.	.23735E-04	.34229E-04	.14421E+01
    700.	   1550.	.14854E-04	.21083E-04	.14194E+01
    700.	   1600.	.92566E-05	.12910E-04	.13947E+01
    700.	   1650.	.57394E-05	.78508E-05	.13679E+01
    700.	   1700.	.35379E-05	.47360E-05	.13386E+01
    700.	   1750.	.21667E-05	.28316E-05	.13069E+01
    700.	   1800.	.13177E-05	.16761E-05	.12720E+01
    700.	   1850.	.79525E-06	.98150E-06	.12342E+01
    700.	   1900.	.47601E-06	.56815E-06	.11936E+01
    700.	   1950.	.28244E-06	.32488E-06	.11503E+01
    700.	   2000.	.16602E-06	.18344E-06	.11049E+01
    750.	    200.	.44039E+03	.66406E+03	.15079E+01
    750.	    250.	.12167E+03	.18676E+03	.15350E+01
    750.	    300.	.39968E+02	.62419E+02	.15617E+01
    750.	    350.	.14796E+02	.23347E+02	.15779E+01
    750.	    400.	.59791E+01	.95265E+01	.15933E+01
    750.	    450.	.25837E+01	.41448E+01	.16042E+01
    750.	    500.	.11778E+01	.18879E+01	.16029E+01
    750.	    550.	.56112E+00	.89934E+00	.16027E+01
    750.	    600.	.27749E+00	.44417E+00	.16007E+01
    750.	    650.	.14178E+00	.22612E+00	.15949E+01
    750.	    700.	.74565E-01	.11830E+00	.15866E+01
    751.	    750.	.40245E-01	.62180E-01	.15451E+01
    750.	    800.	.22251E-01	.33351E-01	.14989E+01
    750.	    850.	.12570E-01	.18848E-01	.14994E+01
    750.	    900.	.72426E-02	.10774E-01	.14876E+01
    750.	    950.	.42476E-02	.65034E-02	.15311E+01
    750.	   1000.	.25305E-02	.39222E-02	.15500E+01
    750.	   1050.	.15283E-02	.23802E-02	.15574E+01
    750.	   1100.	.93385E-03	.14558E-02	.15589E+01
    750.	   1150.	.57614E-03	.89627E-03	.15556E+01
    750.	   1200.	.35817E-03	.55460E-03	.15484E+01
    750.	   1250.	.22395E-03	.34443E-03	.15380E+01
    750.	   1300.	.14058E-03	.21437E-03	.15249E+01
    750.	   1350.	.88448E-04	.13352E-03	.15096E+01
    750.	   1400.	.55695E-04	.83114E-04	.14923E+01
    750.	   1450.	.35051E-04	.51638E-04	.14732E+01
    750.	   1500.	.22019E-04	.31981E-04	.14524E+01
    750.	   1550.	.13793E-04	.19719E-04	.14297E+01
    750.	   1600.	.86057E-05	.12091E-04	.14050E+01
    750.	   1650.	.53437E-05	.73640E-05	.13781E+01
    750.	   1700.	.32993E-05	.44499E-05	.13488E+01
    750.	   1750.	.20242E-05	.26655E-05	.13168E+01
    750.	   1800.	.12333E-05	.15809E-05	.12818E+01
    750.	   1850.	.74573E-06	.92766E-06	.12440E+01
    750.	   1900.	.44723E-06	.53812E-06	.12032E+01
    750.	   1950.	.26587E-06	.30838E-06	.11599E+01
    750.	   2000.	.15658E-06	.17450E-06	.11144E+01
    800.	    200.	.44184E+03	.66384E+03	.15024E+01
    800.	    250.	.12229E+03	.18729E+03	.15315E+01
    800.	    300.	.40251E+02	.62665E+02	.15569E+01
    800.	    350.	.14928E+02	.23560E+02	.15783E+01
    800.	    400.	.60410E+01	.96449E+01	.15966E+01
    800.	    450.	.26126E+01	.41944E+01	.16054E+01
    800.	    500.	.11911E+01	.19209E+01	.16128E+01
    800.	    550.	.56689E+00	.91603E+00	.16159E+01
    800.	    600.	.27977E+00	.45151E+00	.16138E+01
    800.	    650.	.14248E+00	.22947E+00	.16105E+01
    800.	    700.	.74610E-01	.11976E+00	.16052E+01
    800.	    750.	.40055E-01	.64029E-01	.15985E+01
    800.	    800.	.21998E-01	.34273E-01	.15580E+01
    800.	    850.	.12341E-01	.18641E-01	.15105E+01
    800.	    900.	.70572E-02	.10646E-01	.15085E+01
    800.	    950.	.41073E-02	.61396E-02	.14948E+01
    800.	   1000.	.24286E-02	.37269E-02	.15346E+01
    800.	   1050.	.14565E-02	.22587E-02	.15508E+01
    800.	   1100.	.88430E-03	.13764E-02	.15565E+01
    800.	   1150.	.54253E-03	.84453E-03	.15567E+01
    800.	   1200.	.33569E-03	.52109E-03	.15523E+01
    800.	   1250.	.20910E-03	.32287E-03	.15441E+01
    800.	   1300.	.13088E-03	.20060E-03	.15327E+01
    800.	   1350.	.82177E-04	.12479E-03	.15186E+01
    800.	   1400.	.51678E-04	.77631E-04	.15022E+01
    800.	   1450.	.32502E-04	.48223E-04	.14837E+01
    800.	   1500.	.20417E-04	.29873E-04	.14632E+01
    800.	   1550.	.12794E-04	.18432E-04	.14406E+01
    800.	   1600.	.79890E-05	.11313E-04	.14160E+01
    800.	   1650.	.49663E-05	.68984E-05	.13891E+01
    800.	   1700.	.30704E-05	.41748E-05	.13597E+01
    800.	   1750.	.18867E-05	.25048E-05	.13276E+01
    800.	   1800.	.11515E-05	.14884E-05	.12926E+01
    800.	   1850.	.69747E-06	.87506E-06	.12546E+01
    800.	   1900.	.41905E-06	.50865E-06	.12138E+01
    800.	   1950.	.24958E-06	.29211E-06	.11704E+01
    800.	   2000.	.14727E-06	.16565E-06	.11249E+01
    850.	    200.	.44314E+03	.66431E+03	.14991E+01
    850.	    250.	.12286E+03	.18790E+03	.15294E+01
    850.	    300.	.40515E+02	.62894E+02	.15524E+01
    850.	    350.	.15054E+02	.23705E+02	.15747E+01
    850.	    400.	.61019E+01	.97354E+01	.15955E+01
    850.	    450.	.26422E+01	.42527E+01	.16095E+01
    850.	    500.	.12052E+01	.19510E+01	.16188E+01
    850.	    550.	.57350E+00	.93011E+00	.16218E+01
    850.	    600.	.28271E+00	.45995E+00	.16270E+01
    850.	    650.	.14366E+00	.23360E+00	.16261E+01
    850.	    700.	.74974E-01	.12156E+00	.16213E+01
    850.	    750.	.40073E-01	.64779E-01	.16165E+01
    850.	    800.	.21891E-01	.35256E-01	.16105E+01
    851.	    850.	.12200E-01	.19163E-01	.15708E+01
    850.	    900.	.69288E-02	.10545E-01	.15219E+01
    850.	    950.	.40028E-02	.60746E-02	.15176E+01
    850.	   1000.	.23491E-02	.35290E-02	.15023E+01
    850.	   1050.	.13984E-02	.21515E-02	.15385E+01
    850.	   1100.	.84318E-03	.13087E-02	.15521E+01
    850.	   1150.	.51404E-03	.79987E-03	.15561E+01
    850.	   1200.	.31630E-03	.49177E-03	.15548E+01
    850.	   1250.	.19609E-03	.30378E-03	.15492E+01
    850.	   1300.	.12227E-03	.18827E-03	.15398E+01
    850.	   1350.	.76543E-04	.11691E-03	.15273E+01
    850.	   1400.	.48033E-04	.72629E-04	.15121E+01
    850.	   1450.	.30167E-04	.45081E-04	.14944E+01
    850.	   1500.	.18936E-04	.27918E-04	.14744E+01
    850.	   1550.	.11864E-04	.17228E-04	.14522E+01
    850.	   1600.	.74104E-05	.10580E-04	.14277E+01
    850.	   1650.	.46097E-05	.64574E-05	.14008E+01
    850.	   1700.	.28528E-05	.39126E-05	.13715E+01
    850.	   1750.	.17552E-05	.23509E-05	.13393E+01
    850.	   1800.	.10728E-05	.13992E-05	.13043E+01
    850.	   1850.	.65083E-06	.82412E-06	.12663E+01
    850.	   1900.	.39169E-06	.47998E-06	.12254E+01
    850.	   1950.	.23370E-06	.27621E-06	.11819E+01
    850.	   2000.	.13814E-06	.15698E-06	.11363E+01
    900.	    200.	.44430E+03	.66489E+03	.14965E+01
    900.	    250.	.12338E+03	.18771E+03	.15214E+01
    900.	    300.	.40761E+02	.63195E+02	.15504E+01
    900.	    350.	.15174E+02	.23831E+02	.15705E+01
    900.	    400.	.61612E+01	.98110E+01	.15924E+01
    900.	    450.	.26717E+01	.42968E+01	.16082E+01
    900.	    500.	.12199E+01	.19804E+01	.16234E+01
    900.	    550.	.58068E+00	.94659E+00	.16301E+01
    900.	    600.	.28611E+00	.46795E+00	.16356E+01
    900.	    650.	.14519E+00	.23778E+00	.16377E+01
    900.	    700.	.75593E-01	.12376E+00	.16372E+01
    900.	    750.	.40265E-01	.65736E-01	.16326E+01
    900.	    800.	.21897E-01	.35652E-01	.16282E+01
    900.	    850.	.12139E-01	.19692E-01	.16222E+01
    900.	    900.	.68488E-02	.10845E-01	.15834E+01
    900.	    950.	.39300E-02	.60249E-02	.15331E+01
    900.	   1000.	.22896E-02	.34956E-02	.15267E+01
    900.	   1050.	.13530E-02	.20428E-02	.15099E+01
    900.	   1100.	.80986E-03	.12494E-02	.15427E+01
    900.	   1150.	.49035E-03	.76194E-03	.15539E+01
    900.	   1200.	.29984E-03	.46654E-03	.15560E+01
    900.	   1250.	.18486E-03	.28712E-03	.15532E+01
    900.	   1300.	.11472E-03	.17739E-03	.15462E+01
    900.	   1350.	.71543E-04	.10986E-03	.15356E+01
    900.	   1400.	.44759E-04	.68116E-04	.15218E+01
    900.	   1450.	.28049E-04	.42220E-04	.15052E+01
    900.	   1500.	.17580E-04	.26123E-04	.14859E+01
    900.	   1550.	.11005E-04	.16114E-04	.14642E+01
    900.	   1600.	.68722E-05	.98966E-05	.14401E+01
    900.	   1650.	.42757E-05	.60433E-05	.14134E+01
    900.	   1700.	.26477E-05	.36649E-05	.13842E+01
    900.	   1750.	.16306E-05	.22045E-05	.13520E+01
    900.	   1800.	.99773E-06	.13139E-05	.13169E+01
    900.	   1850.	.60613E-06	.77519E-06	.12789E+01
    900.	   1900.	.36533E-06	.45230E-06	.12380E+01
    900.	   1950.	.21832E-06	.26079E-06	.11945E+01
    900.	   2000.	.12928E-06	.14852E-06	.11489E+01
    950.	    200.	.44534E+03	.66519E+03	.14937E+01
    950.	    250.	.12386E+03	.18827E+03	.15201E+01
    950.	    300.	.40989E+02	.63266E+02	.15435E+01
    950.	    350.	.15287E+02	.23960E+02	.15674E+01
    950.	    400.	.62183E+01	.98683E+01	.15870E+01
    950.	    450.	.27009E+01	.43324E+01	.16041E+01
    950.	    500.	.12348E+01	.20033E+01	.16224E+01
    950.	    550.	.58821E+00	.96218E+00	.16358E+01
    950.	    600.	.28986E+00	.47660E+00	.16443E+01
    950.	    650.	.14699E+00	.24209E+00	.16470E+01
    950.	    700.	.76411E-01	.12599E+00	.16488E+01
    950.	    750.	.40599E-01	.66793E-01	.16452E+01
    950.	    800.	.22001E-01	.36166E-01	.16438E+01
    950.	    850.	.12141E-01	.19899E-01	.16390E+01
    950.	    900.	.68139E-02	.11131E-01	.16336E+01
    951.	    950.	.38843E-02	.61988E-02	.15958E+01
    950.	   1000.	.22480E-02	.34709E-02	.15440E+01
    950.	   1050.	.13188E-02	.20255E-02	.15358E+01
    950.	   1100.	.78369E-03	.11893E-02	.15175E+01
    950.	   1150.	.47111E-03	.72891E-03	.15472E+01
    950.	   1200.	.28613E-03	.44518E-03	.15559E+01
    950.	   1250.	.17531E-03	.27282E-03	.15562E+01
    950.	   1300.	.10820E-03	.16790E-03	.15518E+01
    950.	   1350.	.67158E-04	.10365E-03	.15434E+01
    950.	   1400.	.41854E-04	.64091E-04	.15313E+01
    950.	   1450.	.26148E-04	.39643E-04	.15161E+01
    950.	   1500.	.16352E-04	.24492E-04	.14978E+01
    950.	   1550.	.10220E-04	.15094E-04	.14768E+01
    950.	   1600.	.63761E-05	.92656E-05	.14532E+01
    950.	   1650.	.39655E-05	.56582E-05	.14269E+01
    950.	   1700.	.24560E-05	.34329E-05	.13977E+01
    950.	   1750.	.15133E-05	.20667E-05	.13657E+01
    950.	   1800.	.92671E-06	.12332E-05	.13307E+01
    950.	   1850.	.56359E-06	.72856E-06	.12927E+01
    950.	   1900.	.34013E-06	.42579E-06	.12518E+01
    950.	   1950.	.20356E-06	.24596E-06	.12083E+01
    950.	   2000.	.12072E-06	.14035E-06	.11626E+01
   1000.	    200.	.44627E+03	.66620E+03	.14928E+01
   1000.	    250.	.12429E+03	.18856E+03	.15171E+01
   1000.	    300.	.41199E+02	.63392E+02	.15387E+01
   1000.	    350.	.15393E+02	.24039E+02	.15617E+01
   1000.	    400.	.62729E+01	.99344E+01	.15837E+01
   1000.	    450.	.27293E+01	.43735E+01	.16025E+01
   1000.	    500.	.12496E+01	.20259E+01	.16213E+01
   1000.	    550.	.59591E+00	.97415E+00	.16347E+01
   1000.	    600.	.29382E+00	.48329E+00	.16449E+01
   1000.	    650.	.14899E+00	.24704E+00	.16581E+01
   1000.	    700.	.77383E-01	.12809E+00	.16553E+01
   1000.	    750.	.41045E-01	.68026E-01	.16574E+01
   1000.	    800.	.22183E-01	.36752E-01	.16567E+01
   1000.	    850.	.12197E-01	.20190E-01	.16553E+01
   1000.	    900.	.68144E-02	.11242E-01	.16498E+01
   1000.	    950.	.38641E-02	.63557E-02	.16448E+01
   1000.	   1000.	.22217E-02	.35726E-02	.16080E+01
   1000.	   1050.	.12949E-02	.20131E-02	.15547E+01
   1000.	   1100.	.76398E-03	.11802E-02	.15448E+01
   1000.	   1150.	.45596E-03	.69541E-03	.15252E+01
   1000.	   1200.	.27497E-03	.42670E-03	.15518E+01
   1000.	   1250.	.16735E-03	.26075E-03	.15581E+01
   1000.	   1300.	.10265E-03	.15978E-03	.15565E+01
   1000.	   1350.	.63366E-04	.98247E-04	.15505E+01
   1000.	   1400.	.39305E-04	.60547E-04	.15405E+01
   1000.	   1450.	.24460E-04	.37348E-04	.15269E+01
   1000.	   1500.	.15249E-04	.23025E-04	.15099E+01
   1000.	   1550.	.95090E-05	.14167E-04	.14899E+01
   1000.	   1600.	.59228E-05	.86883E-05	.14669E+01
   1000.	   1650.	.36800E-05	.53032E-05	.14411E+01
   1000.	   1700.	.22782E-05	.32175E-05	.14123E+01
   1000.	   1750.	.14037E-05	.19378E-05	.13805E+01
   1000.	   1800.	.86000E-06	.11572E-05	.13456E+01
   1000.	   1850.	.52341E-06	.68447E-06	.13077E+01
   1000.	   1900.	.31620E-06	.40058E-06	.12669E+01
   1000.	   1950.	.18947E-06	.23178E-06	.12233E+01
   1000.	   2000.	.11252E-06	.13251E-06	.11776E+01
   1050.	    200.	.44712E+03	.66575E+03	.14890E+01
   1050.	    250.	.12468E+03	.18862E+03	.15128E+01
   1050.	    300.	.41394E+02	.63543E+02	.15351E+01
   1050.	    350.	.15492E+02	.24120E+02	.15569E+01
   1050.	    400.	.63249E+01	.99798E+01	.15779E+01
   1050.	    450.	.27567E+01	.44098E+01	.15996E+01
   1050.	    500.	.12642E+01	.20386E+01	.16126E+01
   1050.	    550.	.60366E+00	.98719E+00	.16353E+01
   1050.	    600.	.29791E+00	.49262E+00	.16536E+01
   1050.	    650.	.15112E+00	.25028E+00	.16562E+01
   1050.	    700.	.78470E-01	.13098E+00	.16692E+01
   1050.	    750.	.41579E-01	.69382E-01	.16687E+01
   1050.	    800.	.22430E-01	.37429E-01	.16687E+01
   1050.	    850.	.12299E-01	.20506E-01	.16673E+01
   1050.	    900.	.68458E-02	.11405E-01	.16660E+01
   1050.	    950.	.38641E-02	.64159E-02	.16604E+01
   1050.	   1000.	.22100E-02	.36595E-02	.16559E+01
   1051.	   1050.	.12797E-02	.20730E-02	.16200E+01
   1050.	   1100.	.75008E-03	.11740E-02	.15651E+01
   1050.	   1150.	.44452E-03	.69061E-03	.15536E+01
   1050.	   1200.	.26617E-03	.40795E-03	.15327E+01
   1050.	   1250.	.16086E-03	.25037E-03	.15564E+01
   1050.	   1300.	.98017E-04	.15295E-03	.15604E+01
   1050.	   1350.	.60135E-04	.93628E-04	.15570E+01
   1050.	   1400.	.37098E-04	.57471E-04	.15492E+01
   1050.	   1450.	.22979E-04	.35329E-04	.15374E+01
   1050.	   1500.	.14270E-04	.21720E-04	.15221E+01
   1050.	   1550.	.88708E-05	.13335E-04	.15033E+01
   1050.	   1600.	.55123E-05	.81652E-05	.14813E+01
   1050.	   1650.	.34192E-05	.49788E-05	.14561E+01
   1050.	   1700.	.21146E-05	.30192E-05	.14278E+01
   1050.	   1750.	.13023E-05	.18184E-05	.13963E+01
   1050.	   1800.	.79779E-06	.10864E-05	.13617E+01
   1050.	   1850.	.48572E-06	.64308E-06	.13240E+01
   1050.	   1900.	.29363E-06	.37679E-06	.12832E+01
   1050.	   1950.	.17611E-06	.21833E-06	.12397E+01
   1050.	   2000.	.10471E-06	.12503E-06	.11940E+01
   1100.	    200.	.44788E+03	.66608E+03	.14872E+01
   1100.	    250.	.12504E+03	.18891E+03	.15108E+01
   1100.	    300.	.41574E+02	.63724E+02	.15328E+01
   1100.	    350.	.15585E+02	.24181E+02	.15515E+01
   1100.	    400.	.63740E+01	.10014E+02	.15710E+01
   1100.	    450.	.27831E+01	.44273E+01	.15908E+01
   1100.	    500.	.12784E+01	.20614E+01	.16125E+01
   1100.	    550.	.61137E+00	.99738E+00	.16314E+01
   1100.	    600.	.30207E+00	.49750E+00	.16470E+01
   1100.	    650.	.15334E+00	.25550E+00	.16662E+01
   1100.	    700.	.79641E-01	.13296E+00	.16694E+01
   1100.	    750.	.42181E-01	.70795E-01	.16784E+01
   1100.	    800.	.22729E-01	.38175E-01	.16796E+01
   1100.	    850.	.12438E-01	.20914E-01	.16814E+01
   1100.	    900.	.69031E-02	.11593E-01	.16794E+01
   1100.	    950.	.38817E-02	.65053E-02	.16759E+01
   1100.	   1000.	.22098E-02	.36934E-02	.16714E+01
   1100.	   1050.	.12728E-02	.21216E-02	.16669E+01
   1100.	   1100.	.74123E-03	.12095E-02	.16317E+01
   1100.	   1150.	.43643E-03	.68747E-03	.15752E+01
   1100.	   1200.	.25950E-03	.40539E-03	.15622E+01
   1100.	   1250.	.15573E-03	.23984E-03	.15401E+01
   1100.	   1300.	.94233E-04	.14710E-03	.15610E+01
   1100.	   1350.	.57434E-04	.89754E-04	.15627E+01
   1100.	   1400.	.35217E-04	.54846E-04	.15574E+01
   1100.	   1450.	.21696E-04	.33580E-04	.15477E+01
   1100.	   1500.	.13410E-04	.20574E-04	.15342E+01
   1100.	   1550.	.83040E-05	.12596E-04	.15169E+01
   1100.	   1600.	.51438E-05	.76955E-05	.14961E+01
   1100.	   1650.	.31831E-05	.46850E-05	.14718E+01
   1100.	   1700.	.19652E-05	.28382E-05	.14442E+01
   1100.	   1750.	.12089E-05	.17085E-05	.14133E+01
   1100.	   1800.	.74020E-06	.10208E-05	.13790E+01
   1100.	   1850.	.45061E-06	.60451E-06	.13415E+01
   1100.	   1900.	.27249E-06	.35449E-06	.13009E+01
   1100.	   1950.	.16353E-06	.20565E-06	.12576E+01
   1100.	   2000.	.97323E-07	.11794E-06	.12118E+01
   1150.	    200.	.44857E+03	.66686E+03	.14866E+01
   1150.	    250.	.12537E+03	.18915E+03	.15087E+01
   1150.	    300.	.41740E+02	.63874E+02	.15303E+01
   1150.	    350.	.15672E+02	.24287E+02	.15497E+01
   1150.	    400.	.64205E+01	.10064E+02	.15675E+01
   1150.	    450.	.28083E+01	.44498E+01	.15845E+01
   1150.	    500.	.12922E+01	.20790E+01	.16088E+01
   1150.	    550.	.61896E+00	.10063E+01	.16258E+01
   1150.	    600.	.30624E+00	.50287E+00	.16421E+01
   1150.	    650.	.15562E+00	.25895E+00	.16640E+01
   1150.	    700.	.80870E-01	.13553E+00	.16759E+01
   1150.	    750.	.42834E-01	.72114E-01	.16836E+01
   1150.	    800.	.23067E-01	.38984E-01	.16900E+01
   1150.	    850.	.12607E-01	.21325E-01	.16915E+01
   1150.	    900.	.69820E-02	.11816E-01	.16924E+01
   1150.	    950.	.39145E-02	.66151E-02	.16899E+01
   1150.	   1000.	.22199E-02	.37457E-02	.16874E+01
   1150.	   1050.	.12726E-02	.21408E-02	.16822E+01
   1150.	   1100.	.73720E-03	.12368E-02	.16778E+01
   1151.	   1150.	.43126E-03	.70863E-03	.16432E+01
   1150.	   1200.	.25477E-03	.40381E-03	.15850E+01
   1150.	   1250.	.15183E-03	.23847E-03	.15706E+01
   1150.	   1300.	.91234E-04	.14117E-03	.15474E+01
   1150.	   1350.	.55225E-04	.86455E-04	.15655E+01
   1150.	   1400.	.33642E-04	.52649E-04	.15650E+01
   1150.	   1450.	.20601E-04	.32090E-04	.15577E+01
   1150.	   1500.	.12665E-04	.19582E-04	.15462E+01
   1150.	   1550.	.78060E-05	.11948E-04	.15306E+01
   1150.	   1600.	.48165E-05	.72788E-05	.15112E+01
   1150.	   1650.	.29712E-05	.44216E-05	.14881E+01
   1150.	   1700.	.18299E-05	.26744E-05	.14615E+01
   1150.	   1750.	.11237E-05	.16084E-05	.14313E+01
   1150.	   1800.	.68725E-06	.96047E-06	.13976E+01
   1150.	   1850.	.41812E-06	.56883E-06	.13604E+01
   1150.	   1900.	.25280E-06	.33373E-06	.13201E+01
   1150.	   1950.	.15175E-06	.19378E-06	.12770E+01
   1150.	   2000.	.90367E-07	.11127E-06	.12313E+01
   1200.	    200.	.44919E+03	.66687E+03	.14846E+01
   1200.	    250.	.12567E+03	.18921E+03	.15055E+01
   1200.	    300.	.41894E+02	.63890E+02	.15251E+01
   1200.	    350.	.15753E+02	.24332E+02	.15446E+01
   1200.	    400.	.64644E+01	.10106E+02	.15633E+01
   1200.	    450.	.28324E+01	.44788E+01	.15813E+01
   1200.	    500.	.13056E+01	.20890E+01	.16001E+01
   1200.	    550.	.62638E+00	.10149E+01	.16203E+01
   1200.	    600.	.31037E+00	.50959E+00	.16419E+01
   1200.	    650.	.15791E+00	.26102E+00	.16529E+01
   1200.	    700.	.82136E-01	.13753E+00	.16744E+01
   1200.	    750.	.43524E-01	.73345E-01	.16852E+01
   1200.	    800.	.23437E-01	.39688E-01	.16934E+01
   1200.	    850.	.12799E-01	.21779E-01	.17016E+01
   1200.	    900.	.70786E-02	.12058E-01	.17035E+01
   1200.	    950.	.39598E-02	.67450E-02	.17034E+01
   1200.	   1000.	.22387E-02	.38075E-02	.17008E+01
   1200.	   1050.	.12784E-02	.21693E-02	.16969E+01
   1200.	   1100.	.73707E-03	.12478E-02	.16929E+01
   1200.	   1150.	.42889E-03	.72415E-03	.16884E+01
   1200.	   1200.	.25174E-03	.41648E-03	.16544E+01
   1200.	   1250.	.14907E-03	.23767E-03	.15944E+01
   1200.	   1300.	.88955E-04	.14043E-03	.15787E+01
   1200.	   1350.	.53471E-04	.83115E-04	.15544E+01
   1200.	   1400.	.32352E-04	.50788E-04	.15699E+01
   1200.	   1450.	.19683E-04	.30846E-04	.15671E+01
   1200.	   1500.	.12028E-04	.18738E-04	.15578E+01
   1200.	   1550.	.73740E-05	.11387E-04	.15442E+01
   1200.	   1600.	.45289E-05	.69136E-05	.15265E+01
   1200.	   1650.	.27829E-05	.41881E-05	.15049E+01
   1200.	   1700.	.17085E-05	.25277E-05	.14795E+01
   1200.	   1750.	.10466E-05	.15178E-05	.14502E+01
   1200.	   1800.	.63895E-06	.90554E-06	.14172E+01
   1200.	   1850.	.38827E-06	.53608E-06	.13807E+01
   1200.	   1900.	.23460E-06	.31455E-06	.13408E+01
   1200.	   1950.	.14080E-06	.18274E-06	.12979E+01
   1200.	   2000.	.83862E-07	.10502E-06	.12523E+01
   1250.	    200.	.44976E+03	.66693E+03	.14828E+01
   1250.	    250.	.12595E+03	.18953E+03	.15048E+01
   1250.	    300.	.42036E+02	.64023E+02	.15231E+01
   1250.	    350.	.15829E+02	.24363E+02	.15391E+01
   1250.	    400.	.65056E+01	.10142E+02	.15590E+01
   1250.	    450.	.28553E+01	.45000E+01	.15760E+01
   1250.	    500.	.13184E+01	.21034E+01	.15955E+01
   1250.	    550.	.63360E+00	.10237E+01	.16156E+01
   1250.	    600.	.31444E+00	.51343E+00	.16328E+01
   1250.	    650.	.16021E+00	.26419E+00	.16490E+01
   1250.	    700.	.83422E-01	.13915E+00	.16680E+01
   1250.	    750.	.44239E-01	.74696E-01	.16885E+01
   1250.	    800.	.23830E-01	.40440E-01	.16970E+01
   1250.	    850.	.13011E-01	.22200E-01	.17063E+01
   1250.	    900.	.71895E-02	.12309E-01	.17121E+01
   1250.	    950.	.40156E-02	.68851E-02	.17146E+01
   1250.	   1000.	.22650E-02	.38824E-02	.17141E+01
   1250.	   1050.	.12894E-02	.22065E-02	.17113E+01
   1250.	   1100.	.74044E-03	.12636E-02	.17066E+01
   1250.	   1150.	.42880E-03	.73032E-03	.17032E+01
   1250.	   1200.	.25035E-03	.42530E-03	.16988E+01
   1251.	   1250.	.14729E-03	.24528E-03	.16653E+01
   1250.	   1300.	.87332E-04	.14003E-03	.16035E+01
   1250.	   1350.	.52137E-04	.82714E-04	.15865E+01
   1250.	   1400.	.31327E-04	.48906E-04	.15611E+01
   1250.	   1450.	.18931E-04	.29797E-04	.15740E+01
   1250.	   1500.	.11494E-04	.18035E-04	.15691E+01
   1250.	   1550.	.70047E-05	.10911E-04	.15577E+01
   1250.	   1600.	.42792E-05	.65981E-05	.15419E+01
   1250.	   1650.	.26173E-05	.39836E-05	.15220E+01
   1250.	   1700.	.16006E-05	.23977E-05	.14980E+01
   1250.	   1750.	.97741E-06	.14368E-05	.14700E+01
   1250.	   1800.	.59522E-06	.85592E-06	.14380E+01
   1250.	   1850.	.36104E-06	.50626E-06	.14022E+01
   1250.	   1900.	.21787E-06	.29695E-06	.13630E+01
   1250.	   1950.	.13067E-06	.17255E-06	.13205E+01
   1250.	   2000.	.77814E-07	.99226E-07	.12752E+01
   1300.	    200.	.45028E+03	.66740E+03	.14822E+01
   1300.	    250.	.12621E+03	.18956E+03	.15020E+01
   1300.	    300.	.42167E+02	.64161E+02	.15216E+01
   1300.	    350.	.15900E+02	.24472E+02	.15392E+01
   1300.	    400.	.65445E+01	.10173E+02	.15545E+01
   1300.	    450.	.28770E+01	.45243E+01	.15726E+01
   1300.	    500.	.13307E+01	.21180E+01	.15917E+01
   1300.	    550.	.64058E+00	.10283E+01	.16053E+01
   1300.	    600.	.31843E+00	.51811E+00	.16271E+01
   1300.	    650.	.16248E+00	.26738E+00	.16456E+01
   1300.	    700.	.84715E-01	.14096E+00	.16639E+01
   1300.	    750.	.44970E-01	.75616E-01	.16815E+01
   1300.	    800.	.24239E-01	.41196E-01	.16996E+01
   1300.	    850.	.13237E-01	.22669E-01	.17126E+01
   1300.	    900.	.73118E-02	.12581E-01	.17206E+01
   1300.	    950.	.40800E-02	.70344E-02	.17241E+01
   1300.	   1000.	.22975E-02	.39661E-02	.17262E+01
   1300.	   1050.	.13047E-02	.22515E-02	.17257E+01
   1300.	   1100.	.74685E-03	.12857E-02	.17214E+01
   1300.	   1150.	.43078E-03	.73967E-03	.17171E+01
   1300.	   1200.	.25030E-03	.42876E-03	.17130E+01
   1300.	   1250.	.14647E-03	.25031E-03	.17090E+01
   1300.	   1300.	.86287E-04	.14462E-03	.16760E+01
   1300.	   1350.	.51185E-04	.82519E-04	.16122E+01
   1300.	   1400.	.30545E-04	.48689E-04	.15940E+01
   1300.	   1450.	.18332E-04	.28736E-04	.15676E+01
   1300.	   1500.	.11056E-04	.17445E-04	.15779E+01
   1300.	   1550.	.66945E-05	.10515E-04	.15707E+01
   1300.	   1600.	.40656E-05	.63306E-05	.15571E+01
   1300.	   1650.	.24735E-05	.38070E-05	.15391E+01
   1300.	   1700.	.15057E-05	.22839E-05	.15169E+01
   1300.	   1750.	.91586E-06	.13650E-05	.14903E+01
   1300.	   1800.	.55596E-06	.81151E-06	.14597E+01
   1300.	   1850.	.33639E-06	.47933E-06	.14249E+01
   1300.	   1900.	.20262E-06	.28094E-06	.13865E+01
   1300.	   1950.	.12137E-06	.16320E-06	.13447E+01
   1300.	   2000.	.72226E-07	.93873E-07	.12997E+01
   1350.	    200.	.45076E+03	.66763E+03	.14811E+01
   1350.	    250.	.12644E+03	.18966E+03	.15000E+01
   1350.	    300.	.42289E+02	.64198E+02	.15181E+01
   1350.	    350.	.15965E+02	.24518E+02	.15357E+01
   1350.	    400.	.65810E+01	.10203E+02	.15503E+01
   1350.	    450.	.28975E+01	.45387E+01	.15664E+01
   1350.	    500.	.13424E+01	.21296E+01	.15865E+01
   1350.	    550.	.64732E+00	.10387E+01	.16046E+01
   1350.	    600.	.32231E+00	.52235E+00	.16207E+01
   1350.	    650.	.16472E+00	.27017E+00	.16402E+01
   1350.	    700.	.86004E-01	.14267E+00	.16589E+01
   1350.	    750.	.45709E-01	.76795E-01	.16801E+01
   1350.	    800.	.24659E-01	.41851E-01	.16972E+01
   1350.	    850.	.13474E-01	.23054E-01	.17110E+01
   1350.	    900.	.74432E-02	.12801E-01	.17199E+01
   1350.	    950.	.41514E-02	.71745E-02	.17282E+01
   1350.	   1000.	.23352E-02	.40497E-02	.17342E+01
   1350.	   1050.	.13238E-02	.22994E-02	.17370E+01
   1350.	   1100.	.75587E-03	.13125E-02	.17363E+01
   1350.	   1150.	.43455E-03	.75192E-03	.17304E+01
   1350.	   1200.	.25146E-03	.43423E-03	.17268E+01
   1350.	   1250.	.14644E-03	.25222E-03	.17224E+01
   1350.	   1300.	.85806E-04	.14749E-03	.17189E+01
   1351.	   1350.	.50571E-04	.85287E-04	.16865E+01
   1350.	   1400.	.29987E-04	.48593E-04	.16205E+01
   1350.	   1450.	.17875E-04	.28619E-04	.16011E+01
   1350.	   1500.	.10707E-04	.16848E-04	.15736E+01
   1350.	   1550.	.64397E-05	.10184E-04	.15814E+01
   1350.	   1600.	.38861E-05	.61086E-05	.15719E+01
   1350.	   1650.	.23504E-05	.36575E-05	.15561E+01
   1350.	   1700.	.14232E-05	.21858E-05	.15359E+01
   1350.	   1750.	.86169E-06	.13021E-05	.15111E+01
   1350.	   1800.	.52104E-06	.77219E-06	.14820E+01
   1350.	   1850.	.31425E-06	.45524E-06	.14487E+01
   1350.	   1900.	.18881E-06	.26649E-06	.14114E+01
   1350.	   1950.	.11289E-06	.15470E-06	.13703E+01
   1350.	   2000.	.67096E-07	.88966E-07	.13259E+01
   1400.	    200.	.45119E+03	.66772E+03	.14799E+01
   1400.	    250.	.12665E+03	.18988E+03	.14992E+01
   1400.	    300.	.42402E+02	.64226E+02	.15147E+01
   1400.	    350.	.16027E+02	.24519E+02	.15299E+01
   1400.	    400.	.66153E+01	.10231E+02	.15466E+01
   1400.	    450.	.29170E+01	.45568E+01	.15622E+01
   1400.	    500.	.13536E+01	.21418E+01	.15823E+01
   1400.	    550.	.65379E+00	.10440E+01	.15969E+01
   1400.	    600.	.32607E+00	.52694E+00	.16160E+01
   1400.	    650.	.16691E+00	.27252E+00	.16327E+01
   1400.	    700.	.87280E-01	.14425E+00	.16528E+01
   1400.	    750.	.46449E-01	.77713E-01	.16731E+01
   1400.	    800.	.25086E-01	.42366E-01	.16888E+01
   1400.	    850.	.13718E-01	.23420E-01	.17072E+01
   1400.	    900.	.75814E-02	.13054E-01	.17219E+01
   1400.	    950.	.42283E-02	.73192E-02	.17310E+01
   1400.	   1000.	.23771E-02	.41480E-02	.17449E+01
   1400.	   1050.	.13460E-02	.23466E-02	.17434E+01
   1400.	   1100.	.76713E-03	.13408E-02	.17479E+01
   1400.	   1150.	.43988E-03	.76818E-03	.17463E+01
   1400.	   1200.	.25369E-03	.44135E-03	.17397E+01
   1400.	   1250.	.14713E-03	.25538E-03	.17358E+01
   1400.	   1300.	.85789E-04	.14853E-03	.17313E+01
   1400.	   1350.	.50289E-04	.86925E-04	.17285E+01
   1400.	   1400.	.29627E-04	.50267E-04	.16966E+01
   1400.	   1450.	.17548E-04	.28574E-04	.16283E+01
   1400.	   1500.	.10440E-04	.16785E-04	.16078E+01
   1400.	   1550.	.62365E-05	.98496E-05	.15793E+01
   1400.	   1600.	.37384E-05	.59238E-05	.15846E+01
   1400.	   1650.	.22468E-05	.35337E-05	.15728E+01
   1400.	   1700.	.13525E-05	.21028E-05	.15547E+01
   1400.	   1750.	.81459E-06	.12480E-05	.15321E+01
   1400.	   1800.	.49029E-06	.73781E-06	.15048E+01
   1400.	   1850.	.29455E-06	.43392E-06	.14732E+01
   1400.	   1900.	.17641E-06	.25356E-06	.14373E+01
   1400.	   1950.	.10521E-06	.14702E-06	.13974E+01
   1400.	   2000.	.62417E-07	.84501E-07	.13538E+01
   1450.	    200.	.45159E+03	.66798E+03	.14792E+01
   1450.	    250.	.12685E+03	.18998E+03	.14976E+01
   1450.	    300.	.42507E+02	.64310E+02	.15129E+01
   1450.	    350.	.16084E+02	.24567E+02	.15274E+01
   1450.	    400.	.66475E+01	.10258E+02	.15432E+01
   1450.	    450.	.29355E+01	.45750E+01	.15585E+01
   1450.	    500.	.13642E+01	.21460E+01	.15731E+01
   1450.	    550.	.66001E+00	.10505E+01	.15916E+01
   1450.	    600.	.32972E+00	.53157E+00	.16122E+01
   1450.	    650.	.16905E+00	.27541E+00	.16291E+01
   1450.	    700.	.88536E-01	.14554E+00	.16439E+01
   1450.	    750.	.47185E-01	.78562E-01	.16650E+01
   1450.	    800.	.25516E-01	.42946E-01	.16831E+01
   1450.	    850.	.13967E-01	.23784E-01	.17028E+01
   1450.	    900.	.77246E-02	.13291E-01	.17206E+01
   1450.	    950.	.43096E-02	.74678E-02	.17328E+01
   1450.	   1000.	.24225E-02	.42272E-02	.17450E+01
   1450.	   1050.	.13708E-02	.24052E-02	.17546E+01
   1450.	   1100.	.78027E-03	.13686E-02	.17541E+01
   1450.	   1150.	.44655E-03	.78506E-03	.17581E+01
   1450.	   1200.	.25685E-03	.45099E-03	.17558E+01
   1450.	   1250.	.14845E-03	.25956E-03	.17485E+01
   1450.	   1300.	.86198E-04	.15040E-03	.17448E+01
   1450.	   1350.	.50281E-04	.87488E-04	.17400E+01
   1450.	   1400.	.29462E-04	.51196E-04	.17377E+01
   1451.	   1450.	.17337E-04	.29585E-04	.17064E+01
   1450.	   1500.	.10249E-04	.16764E-04	.16357E+01
   1450.	   1550.	.60812E-05	.98156E-05	.16141E+01
   1450.	   1600.	.36206E-05	.57370E-05	.15845E+01
   1450.	   1650.	.21615E-05	.34310E-05	.15873E+01
   1450.	   1700.	.12930E-05	.20341E-05	.15732E+01
   1450.	   1750.	.77421E-06	.12022E-05	.15528E+01
   1450.	   1800.	.46355E-06	.70819E-06	.15278E+01
   1450.	   1850.	.27721E-06	.41528E-06	.14981E+01
   1450.	   1900.	.16538E-06	.24212E-06	.14640E+01
   1450.	   1950.	.98318E-07	.14016E-06	.14256E+01
   1450.	   2000.	.58181E-07	.80471E-07	.13831E+01
   1500.	    200.	.45195E+03	.66806E+03	.14781E+01
   1500.	    250.	.12704E+03	.19006E+03	.14961E+01
   1500.	    300.	.42604E+02	.64382E+02	.15112E+01
   1500.	    350.	.16138E+02	.24604E+02	.15246E+01
   1500.	    400.	.66778E+01	.10271E+02	.15380E+01
   1500.	    450.	.29529E+01	.45902E+01	.15545E+01
   1500.	    500.	.13744E+01	.21573E+01	.15696E+01
   1500.	    550.	.66597E+00	.10560E+01	.15857E+01
   1500.	    600.	.33323E+00	.53427E+00	.16033E+01
   1500.	    650.	.17113E+00	.27776E+00	.16231E+01
   1500.	    700.	.89768E-01	.14698E+00	.16373E+01
   1500.	    750.	.47914E-01	.79390E-01	.16569E+01
   1500.	    800.	.25945E-01	.43479E-01	.16758E+01
   1500.	    850.	.14219E-01	.24144E-01	.16980E+01
   1500.	    900.	.78712E-02	.13485E-01	.17132E+01
   1500.	    950.	.43941E-02	.76082E-02	.17315E+01
   1500.	   1000.	.24706E-02	.43125E-02	.17455E+01
   1500.	   1050.	.13977E-02	.24497E-02	.17527E+01
   1500.	   1100.	.79499E-03	.14028E-02	.17646E+01
   1500.	   1150.	.45436E-03	.80135E-03	.17637E+01
   1500.	   1200.	.26081E-03	.46126E-03	.17685E+01
   1500.	   1250.	.15033E-03	.26531E-03	.17649E+01
   1500.	   1300.	.86984E-04	.15285E-03	.17572E+01
   1500.	   1350.	.50524E-04	.88592E-04	.17535E+01
   1500.	   1400.	.29458E-04	.51505E-04	.17484E+01
   1500.	   1450.	.17241E-04	.30110E-04	.17464E+01
   1500.	   1500.	.10126E-04	.17375E-04	.17159E+01
   1500.	   1550.	.59701E-05	.98063E-05	.16426E+01
   1500.	   1600.	.35305E-05	.57188E-05	.16198E+01
   1500.	   1650.	.20935E-05	.33271E-05	.15893E+01
   1500.	   1700.	.12440E-05	.19774E-05	.15895E+01
   1500.	   1750.	.74020E-06	.11644E-05	.15732E+01
   1500.	   1800.	.44060E-06	.68317E-06	.15505E+01
   1500.	   1850.	.26210E-06	.39924E-06	.15232E+01
   1500.	   1900.	.15565E-06	.23212E-06	.14913E+01
   1500.	   1950.	.92178E-07	.13408E-06	.14546E+01
   1500.	   2000.	.54375E-07	.76867E-07	.14136E+01
   1550.	    200.	.45229E+03	.66832E+03	.14776E+01
   1550.	    250.	.12721E+03	.19017E+03	.14950E+01
   1550.	    300.	.42695E+02	.64438E+02	.15093E+01
   1550.	    350.	.16188E+02	.24645E+02	.15224E+01
   1550.	    400.	.67063E+01	.10299E+02	.15358E+01
   1550.	    450.	.29694E+01	.46090E+01	.15522E+01
   1550.	    500.	.13840E+01	.21649E+01	.15642E+01
   1550.	    550.	.67167E+00	.10611E+01	.15798E+01
   1550.	    600.	.33662E+00	.53684E+00	.15948E+01
   1550.	    650.	.17315E+00	.27935E+00	.16134E+01
   1550.	    700.	.90971E-01	.14856E+00	.16331E+01
   1550.	    750.	.48632E-01	.80220E-01	.16496E+01
   1550.	    800.	.26372E-01	.43995E-01	.16682E+01
   1550.	    850.	.14472E-01	.24426E-01	.16878E+01
   1550.	    900.	.80201E-02	.13683E-01	.17061E+01
   1550.	    950.	.44811E-02	.77307E-02	.17252E+01
   1550.	   1000.	.25209E-02	.43938E-02	.17430E+01
   1550.	   1050.	.14263E-02	.25033E-02	.17551E+01
   1550.	   1100.	.81103E-03	.14310E-02	.17645E+01
   1550.	   1150.	.46314E-03	.82208E-03	.17750E+01
   1550.	   1200.	.26547E-03	.47050E-03	.17723E+01
   1550.	   1250.	.15269E-03	.27140E-03	.17775E+01
   1550.	   1300.	.88103E-04	.15622E-03	.17731E+01
   1550.	   1350.	.50993E-04	.90023E-04	.17654E+01
   1550.	   1400.	.29604E-04	.52146E-04	.17614E+01
   1550.	   1450.	.17240E-04	.30280E-04	.17564E+01
   1550.	   1500.	.10070E-04	.17670E-04	.17547E+01
   1551.	   1550.	.58985E-05	.10175E-04	.17250E+01
   1550.	   1600.	.34660E-05	.57151E-05	.16489E+01
   1550.	   1650.	.20414E-05	.33175E-05	.16251E+01
   1550.	   1700.	.12048E-05	.19199E-05	.15935E+01
   1550.	   1750.	.71218E-06	.11333E-05	.15913E+01
   1550.	   1800.	.42127E-06	.66254E-06	.15727E+01
   1550.	   1850.	.24915E-06	.38569E-06	.15480E+01
   1550.	   1900.	.14719E-06	.22351E-06	.15186E+01
   1550.	   1950.	.86767E-07	.12877E-06	.14841E+01
   1550.	   2000.	.50986E-07	.73677E-07	.14450E+01
   1600.	    200.	.45260E+03	.66845E+03	.14769E+01
   1600.	    250.	.12736E+03	.19036E+03	.14946E+01
   1600.	    300.	.42779E+02	.64501E+02	.15078E+01
   1600.	    350.	.16235E+02	.24686E+02	.15205E+01
   1600.	    400.	.67331E+01	.10323E+02	.15331E+01
   1600.	    450.	.29849E+01	.46105E+01	.15446E+01
   1600.	    500.	.13932E+01	.21740E+01	.15604E+01
   1600.	    550.	.67711E+00	.10666E+01	.15751E+01
   1600.	    600.	.33987E+00	.54048E+00	.15903E+01
   1600.	    650.	.17510E+00	.28110E+00	.16054E+01
   1600.	    700.	.92144E-01	.14969E+00	.16245E+01
   1600.	    750.	.49335E-01	.80981E-01	.16414E+01
   1600.	    800.	.26794E-01	.44440E-01	.16586E+01
   1600.	    850.	.14724E-01	.24770E-01	.16823E+01
   1600.	    900.	.81700E-02	.13895E-01	.17007E+01
   1600.	    950.	.45696E-02	.78595E-02	.17199E+01
   1600.	   1000.	.25727E-02	.44660E-02	.17359E+01
   1600.	   1050.	.14563E-02	.25511E-02	.17517E+01
   1600.	   1100.	.82815E-03	.14606E-02	.17637E+01
   1600.	   1150.	.47273E-03	.83780E-03	.17723E+01
   1600.	   1200.	.27072E-03	.48353E-03	.17861E+01
   1600.	   1250.	.15547E-03	.27741E-03	.17843E+01
   1600.	   1300.	.89513E-04	.15987E-03	.17860E+01
   1600.	   1350.	.51660E-04	.92004E-04	.17810E+01
   1600.	   1400.	.29883E-04	.52995E-04	.17734E+01
   1600.	   1450.	.17327E-04	.30653E-04	.17691E+01
   1600.	   1500.	.10070E-04	.17763E-04	.17639E+01
   1600.	   1550.	.58661E-05	.10339E-04	.17625E+01
   1600.	   1600.	.34245E-05	.59372E-05	.17337E+01
   1600.	   1650.	.20041E-05	.33163E-05	.16547E+01
   1600.	   1700.	.11749E-05	.19149E-05	.16299E+01
   1600.	   1750.	.68978E-06	.11017E-05	.15972E+01
   1600.	   1800.	.40533E-06	.64559E-06	.15928E+01
   1600.	   1850.	.23822E-06	.37453E-06	.15722E+01
   1600.	   1900.	.13992E-06	.21625E-06	.15455E+01
   1600.	   1950.	.82053E-07	.12420E-06	.15137E+01
   1600.	   2000.	.47998E-07	.70889E-07	.14769E+01
   1650.	    200.	.45289E+03	.66861E+03	.14763E+01
   1650.	    250.	.12751E+03	.19039E+03	.14931E+01
   1650.	    300.	.42858E+02	.64561E+02	.15064E+01
   1650.	    350.	.16279E+02	.24714E+02	.15182E+01
   1650.	    400.	.67583E+01	.10343E+02	.15304E+01
   1650.	    450.	.29997E+01	.46306E+01	.15437E+01
   1650.	    500.	.14019E+01	.21806E+01	.15554E+01
   1650.	    550.	.68232E+00	.10720E+01	.15712E+01
   1650.	    600.	.34300E+00	.54356E+00	.15847E+01
   1650.	    650.	.17699E+00	.28329E+00	.16006E+01
   1650.	    700.	.93283E-01	.15073E+00	.16159E+01
   1650.	    750.	.50024E-01	.81654E-01	.16323E+01
   1650.	    800.	.27210E-01	.44925E-01	.16510E+01
   1650.	    850.	.14974E-01	.24999E-01	.16694E+01
   1650.	    900.	.83201E-02	.14057E-01	.16895E+01
   1650.	    950.	.46591E-02	.79664E-02	.17099E+01
   1650.	   1000.	.26256E-02	.45368E-02	.17279E+01
   1650.	   1050.	.14874E-02	.25960E-02	.17454E+01
   1650.	   1100.	.84612E-03	.14915E-02	.17627E+01
   1650.	   1150.	.48299E-03	.85803E-03	.17765E+01
   1650.	   1200.	.27647E-03	.49358E-03	.17853E+01
   1650.	   1250.	.15861E-03	.28366E-03	.17883E+01
   1650.	   1300.	.91178E-04	.16351E-03	.17933E+01
   1650.	   1350.	.52502E-04	.94188E-04	.17940E+01
   1650.	   1400.	.30281E-04	.54158E-04	.17885E+01
   1650.	   1450.	.17493E-04	.31159E-04	.17812E+01
   1650.	   1500.	.10122E-04	.17977E-04	.17760E+01
   1650.	   1550.	.58664E-05	.10389E-04	.17710E+01
   1650.	   1600.	.34058E-05	.60271E-05	.17697E+01
   1651.	   1650.	.19802E-05	.34494E-05	.17420E+01
   1650.	   1700.	.11534E-05	.19147E-05	.16600E+01
   1650.	   1750.	.67262E-06	.10992E-05	.16342E+01
   1650.	   1800.	.39258E-06	.62836E-06	.16006E+01
   1650.	   1850.	.22921E-06	.36538E-06	.15941E+01
   1650.	   1900.	.13378E-06	.21027E-06	.15717E+01
   1650.	   1950.	.78006E-07	.12035E-06	.15428E+01
   1650.	   2000.	.45395E-07	.68489E-07	.15087E+01
   1700.	    200.	.45316E+03	.66874E+03	.14757E+01
   1700.	    250.	.12765E+03	.19046E+03	.14921E+01
   1700.	    300.	.42931E+02	.64632E+02	.15055E+01
   1700.	    350.	.16320E+02	.24742E+02	.15161E+01
   1700.	    400.	.67821E+01	.10362E+02	.15279E+01
   1700.	    450.	.30136E+01	.46399E+01	.15397E+01
   1700.	    500.	.14102E+01	.21877E+01	.15513E+01
   1700.	    550.	.68728E+00	.10764E+01	.15661E+01
   1700.	    600.	.34599E+00	.54633E+00	.15790E+01
   1700.	    650.	.17880E+00	.28508E+00	.15944E+01
   1700.	    700.	.94387E-01	.15186E+00	.16090E+01
   1700.	    750.	.50696E-01	.82369E-01	.16248E+01
   1700.	    800.	.27618E-01	.45413E-01	.16443E+01
   1700.	    850.	.15222E-01	.25279E-01	.16607E+01
   1700.	    900.	.84696E-02	.14258E-01	.16835E+01
   1700.	    950.	.47489E-02	.80666E-02	.16986E+01
   1700.	   1000.	.26793E-02	.46079E-02	.17198E+01
   1700.	   1050.	.15192E-02	.26359E-02	.17351E+01
   1700.	   1100.	.86478E-03	.15154E-02	.17523E+01
   1700.	   1150.	.49380E-03	.87621E-03	.17744E+01
   1700.	   1200.	.28263E-03	.50498E-03	.17867E+01
   1700.	   1250.	.16207E-03	.29070E-03	.17937E+01
   1700.	   1300.	.93061E-04	.16723E-03	.17970E+01
   1700.	   1350.	.53498E-04	.96386E-04	.18017E+01
   1700.	   1400.	.30784E-04	.55451E-04	.18013E+01
   1700.	   1450.	.17730E-04	.31832E-04	.17954E+01
   1700.	   1500.	.10221E-04	.18279E-04	.17884E+01
   1700.	   1550.	.58974E-05	.10511E-04	.17823E+01
   1700.	   1600.	.34062E-05	.60543E-05	.17774E+01
   1700.	   1650.	.19694E-05	.34989E-05	.17766E+01
   1700.	   1700.	.11397E-05	.19944E-05	.17500E+01
   1700.	   1750.	.66035E-06	.10993E-05	.16647E+01
   1700.	   1800.	.38282E-06	.62707E-06	.16380E+01
   1700.	   1850.	.22200E-06	.35606E-06	.16038E+01
   1700.	   1900.	.12873E-06	.20538E-06	.15955E+01
   1700.	   1950.	.74589E-07	.11718E-06	.15710E+01
   1700.	   2000.	.43158E-07	.66465E-07	.15400E+01
   1750.	    200.	.45340E+03	.66898E+03	.14755E+01
   1750.	    250.	.12777E+03	.19052E+03	.14911E+01
   1750.	    300.	.43000E+02	.64676E+02	.15041E+01
   1750.	    350.	.16359E+02	.24775E+02	.15144E+01
   1750.	    400.	.68044E+01	.10374E+02	.15246E+01
   1750.	    450.	.30268E+01	.46481E+01	.15357E+01
   1750.	    500.	.14180E+01	.21948E+01	.15478E+01
   1750.	    550.	.69202E+00	.10811E+01	.15622E+01
   1750.	    600.	.34887E+00	.54943E+00	.15749E+01
   1750.	    650.	.18055E+00	.28690E+00	.15890E+01
   1750.	    700.	.95456E-01	.15314E+00	.16043E+01
   1750.	    750.	.51349E-01	.83044E-01	.16172E+01
   1750.	    800.	.28017E-01	.45818E-01	.16354E+01
   1750.	    850.	.15466E-01	.25575E-01	.16537E+01
   1750.	    900.	.86178E-02	.14398E-01	.16708E+01
   1750.	    950.	.48387E-02	.81775E-02	.16900E+01
   1750.	   1000.	.27334E-02	.46698E-02	.17084E+01
   1750.	   1050.	.15515E-02	.26818E-02	.17285E+01
   1750.	   1100.	.88395E-03	.15430E-02	.17456E+01
   1750.	   1150.	.50504E-03	.89044E-03	.17631E+01
   1750.	   1200.	.28914E-03	.51574E-03	.17837E+01
   1750.	   1250.	.16578E-03	.29749E-03	.17946E+01
   1750.	   1300.	.95134E-04	.17136E-03	.18013E+01
   1750.	   1350.	.54627E-04	.99014E-04	.18126E+01
   1750.	   1400.	.31379E-04	.56759E-04	.18088E+01
   1750.	   1450.	.18029E-04	.32596E-04	.18079E+01
   1750.	   1500.	.10361E-04	.18667E-04	.18016E+01
   1750.	   1550.	.59560E-05	.10694E-04	.17954E+01
   1750.	   1600.	.34246E-05	.61240E-05	.17882E+01
   1750.	   1650.	.19699E-05	.35126E-05	.17832E+01
   1750.	   1700.	.11336E-05	.20213E-05	.17831E+01
   1751.	   1750.	.65249E-06	.11468E-05	.17576E+01
   1750.	   1800.	.37584E-06	.62727E-06	.16690E+01
   1750.	   1850.	.21648E-06	.35542E-06	.16418E+01
   1750.	   1900.	.12468E-06	.20037E-06	.16071E+01
   1750.	   1950.	.71771E-07	.11459E-06	.15966E+01
   1750.	   2000.	.41270E-07	.64801E-07	.15702E+01
   1800.	    200.	.45363E+03	.66907E+03	.14749E+01
   1800.	    250.	.12789E+03	.19063E+03	.14906E+01
   1800.	    300.	.43064E+02	.64702E+02	.15024E+01
   1800.	    350.	.16395E+02	.24797E+02	.15124E+01
   1800.	    400.	.68255E+01	.10393E+02	.15226E+01
   1800.	    450.	.30392E+01	.46616E+01	.15338E+01
   1800.	    500.	.14255E+01	.22042E+01	.15463E+01
   1800.	    550.	.69653E+00	.10839E+01	.15562E+01
   1800.	    600.	.35162E+00	.55167E+00	.15689E+01
   1800.	    650.	.18224E+00	.28836E+00	.15823E+01
   1800.	    700.	.96490E-01	.15430E+00	.15991E+01
   1800.	    750.	.51984E-01	.83792E-01	.16119E+01
   1800.	    800.	.28408E-01	.46189E-01	.16259E+01
   1800.	    850.	.15705E-01	.25820E-01	.16441E+01
   1800.	    900.	.87644E-02	.14585E-01	.16642E+01
   1800.	    950.	.49281E-02	.82849E-02	.16812E+01
   1800.	   1000.	.27876E-02	.47432E-02	.17015E+01
   1800.	   1050.	.15842E-02	.27224E-02	.17185E+01
   1800.	   1100.	.90350E-03	.15689E-02	.17365E+01
   1800.	   1150.	.51663E-03	.90694E-03	.17555E+01
   1800.	   1200.	.29593E-03	.52443E-03	.17721E+01
   1800.	   1250.	.16970E-03	.30400E-03	.17914E+01
   1800.	   1300.	.97367E-04	.17567E-03	.18042E+01
   1800.	   1350.	.55871E-04	.10112E-03	.18099E+01
   1800.	   1400.	.32055E-04	.58257E-04	.18174E+01
   1800.	   1450.	.18385E-04	.33402E-04	.18168E+01
   1800.	   1500.	.10540E-04	.19133E-04	.18153E+01
   1800.	   1550.	.60396E-05	.10913E-04	.18070E+01
   1800.	   1600.	.34593E-05	.62315E-05	.18014E+01
   1800.	   1650.	.19808E-05	.35515E-05	.17930E+01
   1800.	   1700.	.11339E-05	.20282E-05	.17887E+01
   1800.	   1750.	.64904E-06	.11612E-05	.17891E+01
   1800.	   1800.	.37138E-06	.65548E-06	.17650E+01
   1800.	   1850.	.21254E-06	.35561E-06	.16732E+01
   1800.	   1900.	.12158E-06	.20007E-06	.16456E+01
   1800.	   1950.	.69515E-07	.11192E-06	.16100E+01
   1800.	   2000.	.39711E-07	.63444E-07	.15976E+01
   1850.	    200.	.45385E+03	.66925E+03	.14746E+01
   1850.	    250.	.12800E+03	.19074E+03	.14901E+01
   1850.	    300.	.43124E+02	.64754E+02	.15016E+01
   1850.	    350.	.16429E+02	.24834E+02	.15116E+01
   1850.	    400.	.68454E+01	.10411E+02	.15208E+01
   1850.	    450.	.30510E+01	.46687E+01	.15302E+01
   1850.	    500.	.14326E+01	.22099E+01	.15425E+01
   1850.	    550.	.70084E+00	.10880E+01	.15525E+01
   1850.	    600.	.35425E+00	.55382E+00	.15634E+01
   1850.	    650.	.18386E+00	.29035E+00	.15792E+01
   1850.	    700.	.97488E-01	.15532E+00	.15933E+01
   1850.	    750.	.52600E-01	.84409E-01	.16047E+01
   1850.	    800.	.28788E-01	.46663E-01	.16209E+01
   1850.	    850.	.15940E-01	.26048E-01	.16342E+01
   1850.	    900.	.89087E-02	.14731E-01	.16535E+01
   1850.	    950.	.50166E-02	.83783E-02	.16701E+01
   1850.	   1000.	.28417E-02	.47961E-02	.16878E+01
   1850.	   1050.	.16170E-02	.27650E-02	.17099E+01
   1850.	   1100.	.92330E-03	.15933E-02	.17257E+01
   1850.	   1150.	.52847E-03	.92294E-03	.17464E+01
   1850.	   1200.	.30295E-03	.53467E-03	.17649E+01
   1850.	   1250.	.17380E-03	.30938E-03	.17800E+01
   1850.	   1300.	.99735E-04	.17955E-03	.18003E+01
   1850.	   1350.	.57215E-04	.10362E-03	.18110E+01
   1850.	   1400.	.32802E-04	.59691E-04	.18197E+01
   1850.	   1450.	.18789E-04	.34320E-04	.18266E+01
   1850.	   1500.	.10752E-04	.19614E-04	.18243E+01
   1850.	   1550.	.61455E-05	.11196E-04	.18218E+01
   1850.	   1600.	.35088E-05	.63615E-05	.18130E+01
   1850.	   1650.	.20013E-05	.36129E-05	.18053E+01
   1850.	   1700.	.11404E-05	.20498E-05	.17975E+01
   1850.	   1750.	.64931E-06	.11643E-05	.17932E+01
   1850.	   1800.	.36944E-06	.66308E-06	.17948E+01
   1851.	   1850.	.21002E-06	.37227E-06	.17725E+01
   1850.	   1900.	.11937E-06	.20022E-06	.16773E+01
   1850.	   1950.	.67788E-07	.11178E-06	.16490E+01
   1850.	   2000.	.38464E-07	.62038E-07	.16129E+01
   1900.	    200.	.45405E+03	.66938E+03	.14743E+01
   1900.	    250.	.12810E+03	.19080E+03	.14894E+01
   1900.	    300.	.43181E+02	.64810E+02	.15009E+01
   1900.	    350.	.16461E+02	.24857E+02	.15100E+01
   1900.	    400.	.68641E+01	.10431E+02	.15197E+01
   1900.	    450.	.30622E+01	.46793E+01	.15281E+01
   1900.	    500.	.14393E+01	.22133E+01	.15377E+01
   1900.	    550.	.70495E+00	.10917E+01	.15487E+01
   1900.	    600.	.35677E+00	.55660E+00	.15601E+01
   1900.	    650.	.18541E+00	.29144E+00	.15719E+01
   1900.	    700.	.98450E-01	.15602E+00	.15847E+01
   1900.	    750.	.53197E-01	.85094E-01	.15996E+01
   1900.	    800.	.29158E-01	.47021E-01	.16126E+01
   1900.	    850.	.16169E-01	.26295E-01	.16262E+01
   1900.	    900.	.90506E-02	.14880E-01	.16441E+01
   1900.	    950.	.51041E-02	.84736E-02	.16601E+01
   1900.	   1000.	.28954E-02	.48665E-02	.16808E+01
   1900.	   1050.	.16499E-02	.28009E-02	.16977E+01
   1900.	   1100.	.94325E-03	.16182E-02	.17155E+01
   1900.	   1150.	.54049E-03	.93868E-03	.17367E+01
   1900.	   1200.	.31013E-03	.54439E-03	.17554E+01
   1900.	   1250.	.17805E-03	.31561E-03	.17726E+01
   1900.	   1300.	.10222E-03	.18291E-03	.17894E+01
   1900.	   1350.	.58642E-04	.10604E-03	.18082E+01
   1900.	   1400.	.33609E-04	.61083E-04	.18174E+01
   1900.	   1450.	.19237E-04	.35127E-04	.18261E+01
   1900.	   1500.	.10993E-04	.20096E-04	.18281E+01
   1900.	   1550.	.62713E-05	.11463E-04	.18278E+01
   1900.	   1600.	.35714E-05	.65151E-05	.18243E+01
   1900.	   1650.	.20304E-05	.36937E-05	.18192E+01
   1900.	   1700.	.11524E-05	.20852E-05	.18094E+01
   1900.	   1750.	.65311E-06	.11765E-05	.18014E+01
   1900.	   1800.	.36963E-06	.66435E-06	.17973E+01
   1900.	   1850.	.20894E-06	.37620E-06	.18005E+01
   1900.	   1900.	.11796E-06	.20998E-06	.17801E+01
   1900.	   1950.	.66556E-07	.11188E-06	.16810E+01
   1900.	   2000.	.37509E-07	.61979E-07	.16524E+01
   1950.	    200.	.45423E+03	.66948E+03	.14739E+01
   1950.	    250.	.12820E+03	.19089E+03	.14890E+01
   1950.	    300.	.43234E+02	.64848E+02	.14999E+01
   1950.	    350.	.16492E+02	.24879E+02	.15086E+01
   1950.	    400.	.68819E+01	.10444E+02	.15176E+01
   1950.	    450.	.30727E+01	.46905E+01	.15265E+01
   1950.	    500.	.14457E+01	.22188E+01	.15347E+01
   1950.	    550.	.70886E+00	.10949E+01	.15446E+01
   1950.	    600.	.35919E+00	.55879E+00	.15557E+01
   1950.	    650.	.18691E+00	.29286E+00	.15669E+01
   1950.	    700.	.99378E-01	.15703E+00	.15801E+01
   1950.	    750.	.53775E-01	.85591E-01	.15917E+01
   1950.	    800.	.29518E-01	.47395E-01	.16056E+01
   1950.	    850.	.16393E-01	.26564E-01	.16205E+01
   1950.	    900.	.91897E-02	.15031E-01	.16357E+01
   1950.	    950.	.51904E-02	.85691E-02	.16510E+01
   1950.	   1000.	.29487E-02	.49199E-02	.16685E+01
   1950.	   1050.	.16826E-02	.28408E-02	.16883E+01
   1950.	   1100.	.96325E-03	.16397E-02	.17023E+01
   1950.	   1150.	.55264E-03	.95272E-03	.17240E+01
   1950.	   1200.	.31744E-03	.55297E-03	.17420E+01
   1950.	   1250.	.18241E-03	.32155E-03	.17627E+01
   1950.	   1300.	.10479E-03	.18646E-03	.17794E+01
   1950.	   1350.	.60141E-04	.10795E-03	.17949E+01
   1950.	   1400.	.34469E-04	.62488E-04	.18129E+01
   1950.	   1450.	.19721E-04	.36020E-04	.18265E+01
   1950.	   1500.	.11260E-04	.20643E-04	.18333E+01
   1950.	   1550.	.64147E-05	.11783E-04	.18369E+01
   1950.	   1600.	.36459E-05	.66903E-05	.18350E+01
   1950.	   1650.	.20673E-05	.37806E-05	.18288E+01
   1950.	   1700.	.11695E-05	.21322E-05	.18232E+01
   1950.	   1750.	.66013E-06	.11964E-05	.18124E+01
   1950.	   1800.	.37185E-06	.67127E-06	.18052E+01
   1950.	   1850.	.20907E-06	.37657E-06	.18011E+01
   1950.	   1900.	.11736E-06	.21198E-06	.18062E+01
   1951.	   1950.	.65775E-07	.11757E-06	.17875E+01
   1950.	   2000.	.36828E-07	.62045E-07	.16847E+01
   2000.	    200.	.45441E+03	.66959E+03	.14735E+01
   2000.	    250.	.12829E+03	.19095E+03	.14884E+01
   2000.	    300.	.43284E+02	.64881E+02	.14990E+01
   2000.	    350.	.16520E+02	.24912E+02	.15080E+01
   2000.	    400.	.68986E+01	.10447E+02	.15144E+01
   2000.	    450.	.30828E+01	.46981E+01	.15240E+01
   2000.	    500.	.14518E+01	.22253E+01	.15328E+01
   2000.	    550.	.71260E+00	.10981E+01	.15410E+01
   2000.	    600.	.36149E+00	.56082E+00	.15514E+01
   2000.	    650.	.18834E+00	.29428E+00	.15625E+01
   2000.	    700.	.10027E+00	.15776E+00	.15733E+01
   2000.	    750.	.54333E-01	.86230E-01	.15871E+01
   2000.	    800.	.29867E-01	.47764E-01	.15992E+01
   2000.	    850.	.16611E-01	.26777E-01	.16120E+01
   2000.	    900.	.93258E-02	.15189E-01	.16287E+01
   2000.	    950.	.52751E-02	.86581E-02	.16413E+01
   2000.	   1000.	.30013E-02	.49770E-02	.16583E+01
   2000.	   1050.	.17151E-02	.28743E-02	.16759E+01
   2000.	   1100.	.98323E-03	.16675E-02	.16960E+01
   2000.	   1150.	.56484E-03	.96661E-03	.17113E+01
   2000.	   1200.	.32484E-03	.56158E-03	.17288E+01
   2000.	   1250.	.18686E-03	.32682E-03	.17490E+01
   2000.	   1300.	.10743E-03	.18997E-03	.17683E+01
   2000.	   1350.	.61697E-04	.11020E-03	.17862E+01
   2000.	   1400.	.35372E-04	.63748E-04	.18022E+01
   2000.	   1450.	.20237E-04	.36767E-04	.18168E+01
   2000.	   1500.	.11550E-04	.21143E-04	.18306E+01
   2000.	   1550.	.65738E-05	.12080E-04	.18376E+01
   2000.	   1600.	.37309E-05	.68639E-05	.18398E+01
   2000.	   1650.	.21112E-05	.38845E-05	.18400E+01
   2000.	   1700.	.11911E-05	.21821E-05	.18320E+01
   2000.	   1750.	.67008E-06	.12239E-05	.18265E+01
   2000.	   1800.	.37593E-06	.68235E-06	.18151E+01
   2000.	   1850.	.21037E-06	.38040E-06	.18083E+01
   2000.	   1900.	.11745E-06	.21200E-06	.18050E+01
   2000.	   1950.	.65446E-07	.11854E-06	.18113E+01
   2000.	   2000.	.36398E-07	.65330E-07	.17949E+01
