    200.	    200.	.17986E+03	.24241E+03	.13477E+01
    200.	    250.	.17384E+03	.22900E+03	.13173E+01
    200.	    300.	.16417E+03	.21174E+03	.12898E+01
    200.	    350.	.15554E+03	.20129E+03	.12941E+01
    200.	    400.	.14802E+03	.19240E+03	.12999E+01
    200.	    450.	.14153E+03	.18548E+03	.13105E+01
    200.	    500.	.13595E+03	.17961E+03	.13211E+01
    200.	    550.	.13116E+03	.17402E+03	.13267E+01
    200.	    600.	.12704E+03	.16929E+03	.13326E+01
    200.	    650.	.12347E+03	.16506E+03	.13368E+01
    200.	    700.	.12038E+03	.16131E+03	.13400E+01
    200.	    750.	.11769E+03	.15815E+03	.13438E+01
    200.	    800.	.11534E+03	.15541E+03	.13475E+01
    200.	    850.	.11327E+03	.15301E+03	.13508E+01
    200.	    900.	.11144E+03	.15086E+03	.13537E+01
    200.	    950.	.10983E+03	.14891E+03	.13558E+01
    200.	   1000.	.10839E+03	.14722E+03	.13582E+01
    200.	   1050.	.10711E+03	.14566E+03	.13598E+01
    200.	   1100.	.10597E+03	.14433E+03	.13620E+01
    200.	   1150.	.10494E+03	.14307E+03	.13634E+01
    200.	   1200.	.10401E+03	.14196E+03	.13649E+01
    200.	   1250.	.10317E+03	.14096E+03	.13662E+01
    200.	   1300.	.10241E+03	.14002E+03	.13672E+01
    200.	   1350.	.10172E+03	.13918E+03	.13682E+01
    200.	   1400.	.10109E+03	.13843E+03	.13693E+01
    200.	   1450.	.10052E+03	.13774E+03	.13703E+01
    200.	   1500.	.99990E+02	.13711E+03	.13712E+01
    200.	   1550.	.99506E+02	.13652E+03	.13720E+01
    200.	   1600.	.99062E+02	.13598E+03	.13727E+01
    200.	   1650.	.98652E+02	.13550E+03	.13735E+01
    200.	   1700.	.98273E+02	.13504E+03	.13741E+01
    200.	   1750.	.97923E+02	.13461E+03	.13747E+01
    200.	   1800.	.97598E+02	.13422E+03	.13752E+01
    200.	   1850.	.97297E+02	.13386E+03	.13758E+01
    200.	   1900.	.97016E+02	.13353E+03	.13763E+01
    200.	   1950.	.96755E+02	.13322E+03	.13768E+01
    200.	   2000.	.96511E+02	.13293E+03	.13773E+01
    250.	    200.	.62615E+02	.79774E+02	.12740E+01
    251.	    250.	.58720E+02	.78281E+02	.13331E+01
    250.	    300.	.56963E+02	.74803E+02	.13132E+01
    250.	    350.	.54120E+02	.69220E+02	.12790E+01
    250.	    400.	.51477E+02	.65624E+02	.12748E+01
    250.	    450.	.49078E+02	.62859E+02	.12808E+01
    250.	    500.	.46932E+02	.60452E+02	.12881E+01
    250.	    550.	.45024E+02	.58398E+02	.12970E+01
    250.	    600.	.43333E+02	.56626E+02	.13068E+01
    250.	    650.	.41837E+02	.54804E+02	.13099E+01
    250.	    700.	.40511E+02	.53293E+02	.13155E+01
    250.	    750.	.39336E+02	.51920E+02	.13199E+01
    250.	    800.	.38291E+02	.50642E+02	.13225E+01
    250.	    850.	.37361E+02	.49530E+02	.13257E+01
    250.	    900.	.36530E+02	.48595E+02	.13303E+01
    250.	    950.	.35785E+02	.47713E+02	.13333E+01
    250.	   1000.	.35117E+02	.46942E+02	.13367E+01
    250.	   1050.	.34516E+02	.46222E+02	.13392E+01
    250.	   1100.	.33972E+02	.45580E+02	.13417E+01
    250.	   1150.	.33481E+02	.45000E+02	.13440E+01
    250.	   1200.	.33035E+02	.44487E+02	.13467E+01
    250.	   1250.	.32629E+02	.44000E+02	.13485E+01
    250.	   1300.	.32260E+02	.43553E+02	.13501E+01
    250.	   1350.	.31922E+02	.43151E+02	.13518E+01
    250.	   1400.	.31612E+02	.42785E+02	.13534E+01
    250.	   1450.	.31328E+02	.42445E+02	.13549E+01
    250.	   1500.	.31067E+02	.42126E+02	.13560E+01
    250.	   1550.	.30826E+02	.41846E+02	.13575E+01
    250.	   1600.	.30604E+02	.41582E+02	.13587E+01
    250.	   1650.	.30399E+02	.41336E+02	.13598E+01
    250.	   1700.	.30208E+02	.41107E+02	.13608E+01
    250.	   1750.	.30031E+02	.40901E+02	.13619E+01
    250.	   1800.	.29867E+02	.40705E+02	.13628E+01
    250.	   1850.	.29714E+02	.40521E+02	.13637E+01
    250.	   1900.	.29572E+02	.40350E+02	.13645E+01
    250.	   1950.	.29439E+02	.40190E+02	.13652E+01
    250.	   2000.	.29314E+02	.40042E+02	.13660E+01
    300.	    200.	.24585E+02	.31283E+02	.12725E+01
    300.	    250.	.23861E+02	.30193E+02	.12654E+01
    300.	    300.	.22556E+02	.29733E+02	.13182E+01
    300.	    350.	.21958E+02	.28666E+02	.13055E+01
    300.	    400.	.20974E+02	.26591E+02	.12678E+01
    300.	    450.	.20034E+02	.25221E+02	.12589E+01
    300.	    500.	.19156E+02	.24196E+02	.12631E+01
    300.	    550.	.18348E+02	.23264E+02	.12679E+01
    300.	    600.	.17612E+02	.22455E+02	.12750E+01
    300.	    650.	.16944E+02	.21749E+02	.12836E+01
    300.	    700.	.16340E+02	.21090E+02	.12907E+01
    300.	    750.	.15795E+02	.20447E+02	.12945E+01
    300.	    800.	.15302E+02	.19867E+02	.12983E+01
    300.	    850.	.14857E+02	.19348E+02	.13022E+01
    300.	    900.	.14455E+02	.18855E+02	.13045E+01
    300.	    950.	.14090E+02	.18428E+02	.13079E+01
    300.	   1000.	.13759E+02	.18054E+02	.13121E+01
    300.	   1050.	.13459E+02	.17701E+02	.13152E+01
    300.	   1100.	.13185E+02	.17384E+02	.13184E+01
    300.	   1150.	.12936E+02	.17092E+02	.13213E+01
    300.	   1200.	.12708E+02	.16824E+02	.13239E+01
    300.	   1250.	.12500E+02	.16579E+02	.13264E+01
    300.	   1300.	.12308E+02	.16356E+02	.13289E+01
    300.	   1350.	.12133E+02	.16150E+02	.13311E+01
    300.	   1400.	.11971E+02	.15956E+02	.13329E+01
    300.	   1450.	.11822E+02	.15777E+02	.13346E+01
    300.	   1500.	.11684E+02	.15619E+02	.13368E+01
    300.	   1550.	.11557E+02	.15467E+02	.13383E+01
    300.	   1600.	.11439E+02	.15326E+02	.13398E+01
    300.	   1650.	.11329E+02	.15197E+02	.13414E+01
    300.	   1700.	.11227E+02	.15077E+02	.13429E+01
    300.	   1750.	.11132E+02	.14965E+02	.13443E+01
    300.	   1800.	.11044E+02	.14861E+02	.13456E+01
    300.	   1850.	.10962E+02	.14765E+02	.13470E+01
    300.	   1900.	.10885E+02	.14674E+02	.13481E+01
    300.	   1950.	.10812E+02	.14587E+02	.13491E+01
    300.	   2000.	.10745E+02	.14508E+02	.13502E+01
    350.	    200.	.10622E+02	.13528E+02	.12736E+01
    350.	    250.	.10457E+02	.13181E+02	.12605E+01
    350.	    300.	.10175E+02	.12788E+02	.12569E+01
    351.	    350.	.96784E+01	.12623E+02	.13042E+01
    350.	    400.	.94521E+01	.12261E+02	.12972E+01
    350.	    450.	.90710E+01	.11427E+02	.12597E+01
    350.	    500.	.86989E+01	.10851E+02	.12474E+01
    350.	    550.	.83442E+01	.10414E+02	.12481E+01
    350.	    600.	.80111E+01	.10037E+02	.12529E+01
    350.	    650.	.77013E+01	.96882E+01	.12580E+01
    350.	    700.	.74151E+01	.93701E+01	.12637E+01
    350.	    750.	.71517E+01	.90912E+01	.12712E+01
    350.	    800.	.69101E+01	.88149E+01	.12757E+01
    350.	    850.	.66885E+01	.85536E+01	.12789E+01
    350.	    900.	.64856E+01	.83205E+01	.12829E+01
    350.	    950.	.62997E+01	.81024E+01	.12861E+01
    350.	   1000.	.61294E+01	.78967E+01	.12883E+01
    350.	   1050.	.59732E+01	.77126E+01	.12912E+01
    350.	   1100.	.58298E+01	.75492E+01	.12949E+01
    350.	   1150.	.56981E+01	.73954E+01	.12979E+01
    350.	   1200.	.55768E+01	.72543E+01	.13008E+01
    350.	   1250.	.54651E+01	.71252E+01	.13038E+01
    350.	   1300.	.53621E+01	.70045E+01	.13063E+01
    350.	   1350.	.52669E+01	.68930E+01	.13087E+01
    350.	   1400.	.51789E+01	.67918E+01	.13114E+01
    350.	   1450.	.50973E+01	.66960E+01	.13136E+01
    350.	   1500.	.50217E+01	.66054E+01	.13154E+01
    350.	   1550.	.49514E+01	.65223E+01	.13173E+01
    350.	   1600.	.48861E+01	.64477E+01	.13196E+01
    350.	   1650.	.48252E+01	.63760E+01	.13214E+01
    350.	   1700.	.47684E+01	.63083E+01	.13229E+01
    350.	   1750.	.47155E+01	.62468E+01	.13248E+01
    350.	   1800.	.46659E+01	.61881E+01	.13262E+01
    350.	   1850.	.46196E+01	.61339E+01	.13278E+01
    350.	   1900.	.45761E+01	.60832E+01	.13293E+01
    350.	   1950.	.45354E+01	.60362E+01	.13309E+01
    350.	   2000.	.44971E+01	.59915E+01	.13323E+01
    400.	    200.	.49134E+01	.62525E+01	.12725E+01
    400.	    250.	.48987E+01	.61732E+01	.12602E+01
    400.	    300.	.48219E+01	.60277E+01	.12501E+01
    400.	    350.	.47036E+01	.58730E+01	.12486E+01
    400.	    400.	.44968E+01	.58071E+01	.12914E+01
    400.	    450.	.44042E+01	.56761E+01	.12888E+01
    400.	    500.	.42438E+01	.53119E+01	.12517E+01
    400.	    550.	.40846E+01	.50599E+01	.12388E+01
    400.	    600.	.39304E+01	.48580E+01	.12360E+01
    400.	    650.	.37831E+01	.46933E+01	.12406E+01
    400.	    700.	.36440E+01	.45310E+01	.12434E+01
    400.	    750.	.35135E+01	.43853E+01	.12481E+01
    400.	    800.	.33918E+01	.42550E+01	.12545E+01
    400.	    850.	.32785E+01	.41296E+01	.12596E+01
    400.	    900.	.31734E+01	.40066E+01	.12626E+01
    400.	    950.	.30760E+01	.38952E+01	.12663E+01
    400.	   1000.	.29858E+01	.37872E+01	.12684E+01
    400.	   1050.	.29023E+01	.36886E+01	.12709E+01
    400.	   1100.	.28250E+01	.35966E+01	.12731E+01
    400.	   1150.	.27534E+01	.35141E+01	.12763E+01
    400.	   1200.	.26871E+01	.34381E+01	.12795E+01
    400.	   1250.	.26256E+01	.33666E+01	.12822E+01
    400.	   1300.	.25685E+01	.33004E+01	.12850E+01
    400.	   1350.	.25154E+01	.32388E+01	.12876E+01
    400.	   1400.	.24661E+01	.31811E+01	.12899E+01
    400.	   1450.	.24202E+01	.31270E+01	.12920E+01
    400.	   1500.	.23775E+01	.30790E+01	.12951E+01
    400.	   1550.	.23376E+01	.30319E+01	.12970E+01
    400.	   1600.	.23004E+01	.29876E+01	.12987E+01
    400.	   1650.	.22656E+01	.29472E+01	.13008E+01
    400.	   1700.	.22330E+01	.29104E+01	.13033E+01
    400.	   1750.	.22025E+01	.28740E+01	.13049E+01
    400.	   1800.	.21739E+01	.28409E+01	.13068E+01
    400.	   1850.	.21471E+01	.28093E+01	.13084E+01
    400.	   1900.	.21219E+01	.27799E+01	.13101E+01
    400.	   1950.	.20982E+01	.27524E+01	.13118E+01
    400.	   2000.	.20759E+01	.27266E+01	.13135E+01
    450.	    200.	.23918E+01	.30357E+01	.12692E+01
    450.	    250.	.24108E+01	.30344E+01	.12587E+01
    450.	    300.	.23983E+01	.29944E+01	.12486E+01
    450.	    350.	.23622E+01	.29305E+01	.12406E+01
    450.	    400.	.23094E+01	.28653E+01	.12407E+01
    451.	    450.	.22170E+01	.28371E+01	.12797E+01
    450.	    500.	.21769E+01	.27873E+01	.12804E+01
    450.	    550.	.21050E+01	.26206E+01	.12449E+01
    450.	    600.	.20327E+01	.25015E+01	.12306E+01
    450.	    650.	.19618E+01	.24053E+01	.12261E+01
    450.	    700.	.18931E+01	.23261E+01	.12287E+01
    450.	    750.	.18274E+01	.22494E+01	.12309E+01
    450.	    800.	.17650E+01	.21813E+01	.12359E+01
    450.	    850.	.17060E+01	.21149E+01	.12397E+01
    450.	    900.	.16506E+01	.20570E+01	.12462E+01
    450.	    950.	.15986E+01	.19958E+01	.12485E+01
    450.	   1000.	.15499E+01	.19386E+01	.12508E+01
    450.	   1050.	.15044E+01	.18863E+01	.12538E+01
    450.	   1100.	.14619E+01	.18368E+01	.12564E+01
    450.	   1150.	.14223E+01	.17889E+01	.12578E+01
    450.	   1200.	.13852E+01	.17458E+01	.12603E+01
    450.	   1250.	.13507E+01	.17051E+01	.12624E+01
    450.	   1300.	.13184E+01	.16680E+01	.12652E+01
    450.	   1350.	.12883E+01	.16340E+01	.12684E+01
    450.	   1400.	.12601E+01	.16010E+01	.12706E+01
    450.	   1450.	.12337E+01	.15705E+01	.12729E+01
    450.	   1500.	.12091E+01	.15413E+01	.12748E+01
    450.	   1550.	.11860E+01	.15147E+01	.12772E+01
    450.	   1600.	.11643E+01	.14903E+01	.12800E+01
    450.	   1650.	.11440E+01	.14661E+01	.12815E+01
    450.	   1700.	.11249E+01	.14438E+01	.12835E+01
    450.	   1750.	.11070E+01	.14235E+01	.12859E+01
    450.	   1800.	.10902E+01	.14040E+01	.12879E+01
    450.	   1850.	.10743E+01	.13853E+01	.12895E+01
    450.	   1900.	.10594E+01	.13682E+01	.12915E+01
    450.	   1950.	.10453E+01	.13518E+01	.12932E+01
    450.	   2000.	.10320E+01	.13364E+01	.12949E+01
    500.	    200.	.12115E+01	.15313E+01	.12640E+01
    500.	    250.	.12321E+01	.15468E+01	.12553E+01
    500.	    300.	.12374E+01	.15425E+01	.12466E+01
    500.	    350.	.12298E+01	.15226E+01	.12381E+01
    500.	    400.	.12123E+01	.14934E+01	.12319E+01
    500.	    450.	.11876E+01	.14644E+01	.12331E+01
    500.	    500.	.11441E+01	.14516E+01	.12688E+01
    500.	    550.	.11259E+01	.14320E+01	.12719E+01
    500.	    600.	.10920E+01	.13533E+01	.12392E+01
    500.	    650.	.10577E+01	.12945E+01	.12239E+01
    500.	    700.	.10235E+01	.12457E+01	.12171E+01
    500.	    750.	.99012E+00	.12066E+01	.12186E+01
    500.	    800.	.95780E+00	.11695E+01	.12210E+01
    500.	    850.	.92678E+00	.11349E+01	.12246E+01
    500.	    900.	.89718E+00	.11014E+01	.12276E+01
    500.	    950.	.86908E+00	.10712E+01	.12325E+01
    500.	   1000.	.84248E+00	.10419E+01	.12367E+01
    500.	   1050.	.81736E+00	.10118E+01	.12378E+01
    500.	   1100.	.79369E+00	.98544E+00	.12416E+01
    500.	   1150.	.77141E+00	.95880E+00	.12429E+01
    500.	   1200.	.75046E+00	.93405E+00	.12446E+01
    500.	   1250.	.73077E+00	.91043E+00	.12459E+01
    500.	   1300.	.71226E+00	.88934E+00	.12486E+01
    500.	   1350.	.69488E+00	.86922E+00	.12509E+01
    500.	   1400.	.67854E+00	.85029E+00	.12531E+01
    500.	   1450.	.66318E+00	.83207E+00	.12547E+01
    500.	   1500.	.64875E+00	.81578E+00	.12575E+01
    500.	   1550.	.63517E+00	.80001E+00	.12595E+01
    500.	   1600.	.62239E+00	.78500E+00	.12613E+01
    500.	   1650.	.61035E+00	.77131E+00	.12637E+01
    500.	   1700.	.59902E+00	.75849E+00	.12662E+01
    500.	   1750.	.58833E+00	.74598E+00	.12680E+01
    500.	   1800.	.57825E+00	.73407E+00	.12695E+01
    500.	   1850.	.56874E+00	.72345E+00	.12720E+01
    500.	   1900.	.55975E+00	.71304E+00	.12739E+01
    500.	   1950.	.55125E+00	.70307E+00	.12754E+01
    500.	   2000.	.54322E+00	.69373E+00	.12771E+01
    550.	    200.	.63330E+00	.79640E+00	.12575E+01
    550.	    250.	.64886E+00	.81123E+00	.12502E+01
    550.	    300.	.65699E+00	.81663E+00	.12430E+01
    550.	    350.	.65834E+00	.81337E+00	.12355E+01
    550.	    400.	.65403E+00	.80340E+00	.12284E+01
    550.	    450.	.64532E+00	.78957E+00	.12235E+01
    550.	    500.	.63335E+00	.77618E+00	.12255E+01
    551.	    550.	.61190E+00	.77010E+00	.12585E+01
    550.	    600.	.60340E+00	.76228E+00	.12633E+01
    550.	    650.	.58681E+00	.72344E+00	.12328E+01
    550.	    700.	.56983E+00	.69319E+00	.12165E+01
    550.	    750.	.55281E+00	.66846E+00	.12092E+01
    550.	    800.	.53600E+00	.64907E+00	.12110E+01
    550.	    850.	.51957E+00	.62998E+00	.12125E+01
    550.	    900.	.50367E+00	.61213E+00	.12153E+01
    550.	    950.	.48837E+00	.59452E+00	.12174E+01
    550.	   1000.	.47371E+00	.57859E+00	.12214E+01
    550.	   1050.	.45973E+00	.56360E+00	.12259E+01
    550.	   1100.	.44642E+00	.54835E+00	.12283E+01
    550.	   1150.	.43379E+00	.53291E+00	.12285E+01
    550.	   1200.	.42182E+00	.51925E+00	.12310E+01
    550.	   1250.	.41049E+00	.50613E+00	.12330E+01
    550.	   1300.	.39978E+00	.49331E+00	.12340E+01
    550.	   1350.	.38965E+00	.48136E+00	.12354E+01
    550.	   1400.	.38008E+00	.47020E+00	.12371E+01
    550.	   1450.	.37104E+00	.45990E+00	.12395E+01
    550.	   1500.	.36250E+00	.45022E+00	.12420E+01
    550.	   1550.	.35443E+00	.44079E+00	.12437E+01
    550.	   1600.	.34680E+00	.43194E+00	.12455E+01
    550.	   1650.	.33960E+00	.42345E+00	.12469E+01
    550.	   1700.	.33278E+00	.41559E+00	.12488E+01
    550.	   1750.	.32634E+00	.40849E+00	.12517E+01
    550.	   1800.	.32024E+00	.40131E+00	.12531E+01
    550.	   1850.	.31447E+00	.39461E+00	.12548E+01
    550.	   1900.	.30900E+00	.38827E+00	.12566E+01
    550.	   1950.	.30382E+00	.38246E+00	.12589E+01
    550.	   2000.	.29890E+00	.37674E+00	.12604E+01
    600.	    200.	.33968E+00	.42457E+00	.12499E+01
    600.	    250.	.35006E+00	.43533E+00	.12436E+01
    600.	    300.	.35692E+00	.44175E+00	.12377E+01
    600.	    350.	.36028E+00	.44367E+00	.12315E+01
    600.	    400.	.36051E+00	.44162E+00	.12250E+01
    600.	    450.	.35813E+00	.43658E+00	.12191E+01
    600.	    500.	.35369E+00	.42984E+00	.12153E+01
    600.	    550.	.34770E+00	.42344E+00	.12178E+01
    600.	    600.	.33676E+00	.42047E+00	.12486E+01
    600.	    650.	.33268E+00	.41739E+00	.12546E+01
    600.	    700.	.32429E+00	.39762E+00	.12261E+01
    600.	    750.	.31565E+00	.38193E+00	.12100E+01
    600.	    800.	.30691E+00	.36885E+00	.12018E+01
    600.	    850.	.29821E+00	.35854E+00	.12023E+01
    600.	    900.	.28964E+00	.34877E+00	.12042E+01
    600.	    950.	.28127E+00	.33893E+00	.12050E+01
    600.	   1000.	.27316E+00	.33007E+00	.12083E+01
    600.	   1050.	.26534E+00	.32153E+00	.12118E+01
    600.	   1100.	.25782E+00	.31343E+00	.12157E+01
    600.	   1150.	.25062E+00	.30495E+00	.12168E+01
    600.	   1200.	.24374E+00	.29696E+00	.12183E+01
    600.	   1250.	.23718E+00	.28946E+00	.12204E+01
    600.	   1300.	.23093E+00	.28221E+00	.12220E+01
    600.	   1350.	.22499E+00	.27521E+00	.12232E+01
    600.	   1400.	.21935E+00	.26842E+00	.12237E+01
    600.	   1450.	.21399E+00	.26226E+00	.12256E+01
    600.	   1500.	.20890E+00	.25637E+00	.12273E+01
    600.	   1550.	.20407E+00	.25084E+00	.12292E+01
    600.	   1600.	.19948E+00	.24540E+00	.12302E+01
    600.	   1650.	.19513E+00	.24049E+00	.12325E+01
    600.	   1700.	.19101E+00	.23567E+00	.12338E+01
    600.	   1750.	.18709E+00	.23109E+00	.12352E+01
    600.	   1800.	.18337E+00	.22693E+00	.12375E+01
    600.	   1850.	.17984E+00	.22294E+00	.12397E+01
    600.	   1900.	.17648E+00	.21905E+00	.12412E+01
    600.	   1950.	.17329E+00	.21538E+00	.12428E+01
    600.	   2000.	.17026E+00	.21198E+00	.12450E+01
    650.	    200.	.18610E+00	.23101E+00	.12413E+01
    650.	    250.	.19265E+00	.23805E+00	.12356E+01
    650.	    300.	.19758E+00	.24317E+00	.12308E+01
    650.	    350.	.20072E+00	.24604E+00	.12258E+01
    650.	    400.	.20216E+00	.24671E+00	.12204E+01
    650.	    450.	.20211E+00	.24552E+00	.12148E+01
    650.	    500.	.20081E+00	.24293E+00	.12098E+01
    650.	    550.	.19850E+00	.23957E+00	.12069E+01
    650.	    600.	.19542E+00	.23644E+00	.12099E+01
    651.	    650.	.18968E+00	.23494E+00	.12386E+01
    650.	    700.	.18768E+00	.23375E+00	.12455E+01
    650.	    750.	.18333E+00	.22350E+00	.12191E+01
    650.	    800.	.17881E+00	.21512E+00	.12031E+01
    650.	    850.	.17422E+00	.20821E+00	.11951E+01
    650.	    900.	.16961E+00	.20259E+00	.11944E+01
    650.	    950.	.16504E+00	.19742E+00	.11962E+01
    650.	   1000.	.16055E+00	.19203E+00	.11961E+01
    650.	   1050.	.15616E+00	.18734E+00	.11997E+01
    650.	   1100.	.15190E+00	.18253E+00	.12016E+01
    650.	   1150.	.14778E+00	.17823E+00	.12060E+01
    650.	   1200.	.14381E+00	.17371E+00	.12079E+01
    650.	   1250.	.14000E+00	.16919E+00	.12085E+01
    650.	   1300.	.13635E+00	.16515E+00	.12113E+01
    650.	   1350.	.13285E+00	.16089E+00	.12111E+01
    650.	   1400.	.12950E+00	.15699E+00	.12122E+01
    650.	   1450.	.12631E+00	.15317E+00	.12127E+01
    650.	   1500.	.12326E+00	.14968E+00	.12144E+01
    650.	   1550.	.12035E+00	.14628E+00	.12154E+01
    650.	   1600.	.11758E+00	.14313E+00	.12173E+01
    650.	   1650.	.11494E+00	.14001E+00	.12181E+01
    650.	   1700.	.11243E+00	.13716E+00	.12200E+01
    650.	   1750.	.11003E+00	.13444E+00	.12218E+01
    650.	   1800.	.10775E+00	.13176E+00	.12228E+01
    650.	   1850.	.10558E+00	.12930E+00	.12246E+01
    650.	   1900.	.10351E+00	.12701E+00	.12271E+01
    650.	   1950.	.10154E+00	.12472E+00	.12283E+01
    650.	   2000.	.99658E-01	.12253E+00	.12295E+01
    700.	    200.	.10378E+00	.12784E+00	.12318E+01
    700.	    250.	.10780E+00	.13222E+00	.12266E+01
    700.	    300.	.11108E+00	.13579E+00	.12225E+01
    700.	    350.	.11348E+00	.13827E+00	.12185E+01
    700.	    400.	.11497E+00	.13958E+00	.12141E+01
    700.	    450.	.11561E+00	.13982E+00	.12094E+01
    700.	    500.	.11552E+00	.13915E+00	.12045E+01
    700.	    550.	.11480E+00	.13780E+00	.12003E+01
    700.	    600.	.11358E+00	.13609E+00	.11982E+01
    700.	    650.	.11196E+00	.13452E+00	.12015E+01
    700.	    700.	.10888E+00	.13376E+00	.12285E+01
    700.	    750.	.10788E+00	.13334E+00	.12359E+01
    700.	    800.	.10558E+00	.12790E+00	.12115E+01
    700.	    850.	.10317E+00	.12334E+00	.11955E+01
    700.	    900.	.10070E+00	.11960E+00	.11877E+01
    700.	    950.	.98213E-01	.11649E+00	.11861E+01
    700.	   1000.	.95730E-01	.11371E+00	.11878E+01
    700.	   1050.	.93273E-01	.11077E+00	.11876E+01
    700.	   1100.	.90861E-01	.10813E+00	.11901E+01
    700.	   1150.	.88505E-01	.10552E+00	.11923E+01
    700.	   1200.	.86214E-01	.10307E+00	.11955E+01
    700.	   1250.	.83994E-01	.10066E+00	.11984E+01
    700.	   1300.	.81850E-01	.98138E-01	.11990E+01
    700.	   1350.	.79783E-01	.95798E-01	.12007E+01
    700.	   1400.	.77796E-01	.93424E-01	.12009E+01
    700.	   1450.	.75887E-01	.91233E-01	.12022E+01
    700.	   1500.	.74057E-01	.89021E-01	.12021E+01
    700.	   1550.	.72303E-01	.87016E-01	.12035E+01
    700.	   1600.	.70623E-01	.85050E-01	.12043E+01
    700.	   1650.	.69017E-01	.83252E-01	.12063E+01
    700.	   1700.	.67480E-01	.81456E-01	.12071E+01
    700.	   1750.	.66011E-01	.79750E-01	.12081E+01
    700.	   1800.	.64607E-01	.78168E-01	.12099E+01
    700.	   1850.	.63265E-01	.76633E-01	.12113E+01
    700.	   1900.	.61983E-01	.75127E-01	.12121E+01
    700.	   1950.	.60758E-01	.73790E-01	.12145E+01
    700.	   2000.	.59586E-01	.72434E-01	.12156E+01
    750.	    200.	.58733E-01	.71744E-01	.12215E+01
    750.	    250.	.61162E-01	.74401E-01	.12165E+01
    750.	    300.	.63269E-01	.76738E-01	.12129E+01
    750.	    350.	.64940E-01	.78555E-01	.12097E+01
    750.	    400.	.66135E-01	.79774E-01	.12062E+01
    750.	    450.	.66862E-01	.80395E-01	.12024E+01
    750.	    500.	.67161E-01	.80474E-01	.11982E+01
    750.	    550.	.67083E-01	.80101E-01	.11941E+01
    750.	    600.	.66688E-01	.79395E-01	.11905E+01
    750.	    650.	.66031E-01	.78512E-01	.11890E+01
    750.	    700.	.65164E-01	.77715E-01	.11926E+01
    751.	    750.	.63475E-01	.77317E-01	.12181E+01
    750.	    800.	.62978E-01	.77202E-01	.12259E+01
    750.	    850.	.61732E-01	.74256E-01	.12029E+01
    750.	    900.	.60425E-01	.71760E-01	.11876E+01
    750.	    950.	.59079E-01	.69724E-01	.11802E+01
    750.	   1000.	.57712E-01	.67985E-01	.11780E+01
    750.	   1050.	.56342E-01	.66395E-01	.11784E+01
    750.	   1100.	.54979E-01	.64871E-01	.11799E+01
    750.	   1150.	.53633E-01	.63343E-01	.11811E+01
    750.	   1200.	.52311E-01	.61872E-01	.11828E+01
    750.	   1250.	.51019E-01	.60503E-01	.11859E+01
    750.	   1300.	.49762E-01	.59175E-01	.11892E+01
    750.	   1350.	.48541E-01	.57744E-01	.11896E+01
    750.	   1400.	.47360E-01	.56378E-01	.11904E+01
    750.	   1450.	.46218E-01	.55058E-01	.11913E+01
    750.	   1500.	.45118E-01	.53778E-01	.11920E+01
    750.	   1550.	.44057E-01	.52500E-01	.11916E+01
    750.	   1600.	.43038E-01	.51333E-01	.11928E+01
    750.	   1650.	.42058E-01	.50203E-01	.11937E+01
    750.	   1700.	.41117E-01	.49129E-01	.11949E+01
    750.	   1750.	.40214E-01	.48097E-01	.11960E+01
    750.	   1800.	.39348E-01	.47095E-01	.11969E+01
    750.	   1850.	.38517E-01	.46146E-01	.11981E+01
    750.	   1900.	.37721E-01	.45210E-01	.11985E+01
    750.	   1950.	.36958E-01	.44342E-01	.11998E+01
    750.	   2000.	.36226E-01	.43540E-01	.12019E+01
    800.	    200.	.33657E-01	.40737E-01	.12104E+01
    800.	    250.	.35110E-01	.42320E-01	.12054E+01
    800.	    300.	.36432E-01	.43795E-01	.12021E+01
    800.	    350.	.37545E-01	.45033E-01	.11995E+01
    800.	    400.	.38410E-01	.45969E-01	.11968E+01
    800.	    450.	.39020E-01	.46582E-01	.11938E+01
    800.	    500.	.39385E-01	.46885E-01	.11904E+01
    800.	    550.	.39528E-01	.46909E-01	.11867E+01
    800.	    600.	.39475E-01	.46704E-01	.11831E+01
    800.	    650.	.39255E-01	.46329E-01	.11802E+01
    800.	    700.	.38897E-01	.45868E-01	.11792E+01
    800.	    750.	.38426E-01	.45457E-01	.11830E+01
    800.	    800.	.37484E-01	.45247E-01	.12071E+01
    800.	    850.	.37235E-01	.45245E-01	.12151E+01
    800.	    900.	.36552E-01	.43627E-01	.11936E+01
    800.	    950.	.35831E-01	.42237E-01	.11788E+01
    800.	   1000.	.35086E-01	.41101E-01	.11714E+01
    800.	   1050.	.34326E-01	.40130E-01	.11691E+01
    800.	   1100.	.33559E-01	.39229E-01	.11689E+01
    800.	   1150.	.32793E-01	.38389E-01	.11706E+01
    800.	   1200.	.32033E-01	.37525E-01	.11714E+01
    800.	   1250.	.31283E-01	.36710E-01	.11735E+01
    800.	   1300.	.30547E-01	.35916E-01	.11758E+01
    800.	   1350.	.29827E-01	.35177E-01	.11794E+01
    800.	   1400.	.29125E-01	.34376E-01	.11803E+01
    800.	   1450.	.28443E-01	.33558E-01	.11799E+01
    800.	   1500.	.27781E-01	.32811E-01	.11811E+01
    800.	   1550.	.27140E-01	.32076E-01	.11819E+01
    800.	   1600.	.26520E-01	.31336E-01	.11816E+01
    800.	   1650.	.25923E-01	.30636E-01	.11818E+01
    800.	   1700.	.25346E-01	.29973E-01	.11826E+01
    800.	   1750.	.24790E-01	.29344E-01	.11837E+01
    800.	   1800.	.24255E-01	.28735E-01	.11847E+01
    800.	   1850.	.23741E-01	.28140E-01	.11853E+01
    800.	   1900.	.23246E-01	.27568E-01	.11859E+01
    800.	   1950.	.22770E-01	.27019E-01	.11866E+01
    800.	   2000.	.22313E-01	.26500E-01	.11877E+01
    850.	    200.	.19490E-01	.23356E-01	.11984E+01
    850.	    250.	.20356E-01	.24290E-01	.11933E+01
    850.	    300.	.21173E-01	.25200E-01	.11902E+01
    850.	    350.	.21893E-01	.26008E-01	.11880E+01
    850.	    400.	.22486E-01	.26666E-01	.11859E+01
    850.	    450.	.22942E-01	.27155E-01	.11836E+01
    850.	    500.	.23260E-01	.27470E-01	.11810E+01
    850.	    550.	.23448E-01	.27621E-01	.11780E+01
    850.	    600.	.23518E-01	.27628E-01	.11747E+01
    850.	    650.	.23485E-01	.27515E-01	.11716E+01
    850.	    700.	.23362E-01	.27315E-01	.11692E+01
    850.	    750.	.23165E-01	.27071E-01	.11686E+01
    850.	    800.	.22906E-01	.26858E-01	.11725E+01
    851.	    850.	.22373E-01	.26746E-01	.11955E+01
    850.	    900.	.22247E-01	.26778E-01	.12037E+01
    850.	    950.	.21868E-01	.25882E-01	.11836E+01
    850.	   1000.	.21466E-01	.25095E-01	.11690E+01
    850.	   1050.	.21049E-01	.24457E-01	.11619E+01
    850.	   1100.	.20621E-01	.23904E-01	.11592E+01
    850.	   1150.	.20187E-01	.23404E-01	.11593E+01
    850.	   1200.	.19752E-01	.22925E-01	.11606E+01
    850.	   1250.	.19318E-01	.22443E-01	.11617E+01
    850.	   1300.	.18889E-01	.21977E-01	.11635E+01
    850.	   1350.	.18465E-01	.21525E-01	.11657E+01
    850.	   1400.	.18049E-01	.21113E-01	.11697E+01
    850.	   1450.	.17642E-01	.20640E-01	.11700E+01
    850.	   1500.	.17244E-01	.20165E-01	.11694E+01
    850.	   1550.	.16857E-01	.19726E-01	.11702E+01
    850.	   1600.	.16482E-01	.19302E-01	.11711E+01
    850.	   1650.	.16117E-01	.18872E-01	.11709E+01
    850.	   1700.	.15764E-01	.18453E-01	.11706E+01
    850.	   1750.	.15422E-01	.18066E-01	.11714E+01
    850.	   1800.	.15092E-01	.17690E-01	.11721E+01
    850.	   1850.	.14773E-01	.17331E-01	.11732E+01
    850.	   1900.	.14465E-01	.16968E-01	.11730E+01
    850.	   1950.	.14169E-01	.16634E-01	.11740E+01
    850.	   2000.	.13883E-01	.16306E-01	.11746E+01
    900.	    200.	.11386E-01	.13497E-01	.11855E+01
    900.	    250.	.11900E-01	.14046E-01	.11803E+01
    900.	    300.	.12401E-01	.14599E-01	.11773E+01
    900.	    350.	.12858E-01	.15111E-01	.11753E+01
    900.	    400.	.13251E-01	.15553E-01	.11737E+01
    900.	    450.	.13572E-01	.15906E-01	.11720E+01
    900.	    500.	.13816E-01	.16164E-01	.11700E+01
    900.	    550.	.13985E-01	.16329E-01	.11676E+01
    900.	    600.	.14084E-01	.16407E-01	.11650E+01
    900.	    650.	.14120E-01	.16408E-01	.11621E+01
    900.	    700.	.14099E-01	.16347E-01	.11594E+01
    900.	    750.	.14031E-01	.16239E-01	.11574E+01
    900.	    800.	.13921E-01	.16109E-01	.11572E+01
    900.	    850.	.13776E-01	.15997E-01	.11612E+01
    900.	    900.	.13471E-01	.15937E-01	.11831E+01
    900.	    950.	.13409E-01	.15975E-01	.11914E+01
    900.	   1000.	.13196E-01	.15471E-01	.11724E+01
    900.	   1050.	.12969E-01	.15025E-01	.11585E+01
    900.	   1100.	.12733E-01	.14661E-01	.11515E+01
    900.	   1150.	.12489E-01	.14344E-01	.11485E+01
    900.	   1200.	.12242E-01	.14062E-01	.11487E+01
    900.	   1250.	.11993E-01	.13785E-01	.11495E+01
    900.	   1300.	.11743E-01	.13518E-01	.11512E+01
    900.	   1350.	.11495E-01	.13248E-01	.11526E+01
    900.	   1400.	.11249E-01	.12988E-01	.11546E+01
    900.	   1450.	.11007E-01	.12745E-01	.11580E+01
    900.	   1500.	.10769E-01	.12477E-01	.11586E+01
    900.	   1550.	.10536E-01	.12201E-01	.11580E+01
    900.	   1600.	.10308E-01	.11945E-01	.11588E+01
    900.	   1650.	.10086E-01	.11695E-01	.11596E+01
    900.	   1700.	.98700E-02	.11445E-01	.11596E+01
    900.	   1750.	.96602E-02	.11195E-01	.11589E+01
    900.	   1800.	.94566E-02	.10967E-01	.11597E+01
    900.	   1850.	.92592E-02	.10743E-01	.11603E+01
    900.	   1900.	.90681E-02	.10528E-01	.11610E+01
    900.	   1950.	.88832E-02	.10312E-01	.11608E+01
    900.	   2000.	.87044E-02	.10111E-01	.11616E+01
    950.	    200.	.66998E-02	.78505E-02	.11717E+01
    950.	    250.	.70050E-02	.81708E-02	.11664E+01
    950.	    300.	.73099E-02	.85040E-02	.11634E+01
    950.	    350.	.75965E-02	.88232E-02	.11615E+01
    950.	    400.	.78521E-02	.91098E-02	.11602E+01
    950.	    450.	.80693E-02	.93516E-02	.11589E+01
    950.	    500.	.82443E-02	.95428E-02	.11575E+01
    950.	    550.	.83768E-02	.96814E-02	.11557E+01
    950.	    600.	.84682E-02	.97691E-02	.11536E+01
    950.	    650.	.85215E-02	.98100E-02	.11512E+01
    950.	    700.	.85401E-02	.98099E-02	.11487E+01
    950.	    750.	.85281E-02	.97763E-02	.11464E+01
    950.	    800.	.84893E-02	.97182E-02	.11448E+01
    950.	    850.	.84275E-02	.96485E-02	.11449E+01
    950.	    900.	.83464E-02	.95899E-02	.11490E+01
    951.	    950.	.81698E-02	.95572E-02	.11698E+01
    950.	   1000.	.81391E-02	.95899E-02	.11782E+01
    950.	   1050.	.80184E-02	.93041E-02	.11603E+01
    950.	   1100.	.78896E-02	.90487E-02	.11469E+01
    950.	   1150.	.77546E-02	.88404E-02	.11400E+01
    950.	   1200.	.76152E-02	.86583E-02	.11370E+01
    950.	   1250.	.74728E-02	.84977E-02	.11371E+01
    950.	   1300.	.73288E-02	.83405E-02	.11381E+01
    950.	   1350.	.71841E-02	.81860E-02	.11395E+01
    950.	   1400.	.70396E-02	.80312E-02	.11409E+01
    950.	   1450.	.68961E-02	.78807E-02	.11428E+01
    950.	   1500.	.67541E-02	.77400E-02	.11460E+01
    950.	   1550.	.66142E-02	.75848E-02	.11467E+01
    950.	   1600.	.64767E-02	.74229E-02	.11461E+01
    950.	   1650.	.63420E-02	.72732E-02	.11468E+01
    950.	   1700.	.62103E-02	.71257E-02	.11474E+01
    950.	   1750.	.60817E-02	.69780E-02	.11474E+01
    950.	   1800.	.59564E-02	.68296E-02	.11466E+01
    950.	   1850.	.58345E-02	.66938E-02	.11473E+01
    950.	   1900.	.57160E-02	.65607E-02	.11478E+01
    950.	   1950.	.56009E-02	.64314E-02	.11483E+01
    950.	   2000.	.54893E-02	.63016E-02	.11480E+01
   1000.	    200.	.39662E-02	.45894E-02	.11571E+01
   1000.	    250.	.41472E-02	.47761E-02	.11516E+01
   1000.	    300.	.43320E-02	.49752E-02	.11485E+01
   1000.	    350.	.45102E-02	.51715E-02	.11466E+01
   1000.	    400.	.46736E-02	.53535E-02	.11455E+01
   1000.	    450.	.48171E-02	.55135E-02	.11446E+01
   1000.	    500.	.49378E-02	.56468E-02	.11436E+01
   1000.	    550.	.50346E-02	.57511E-02	.11423E+01
   1000.	    600.	.51075E-02	.58263E-02	.11407E+01
   1000.	    650.	.51577E-02	.58737E-02	.11388E+01
   1000.	    700.	.51868E-02	.58957E-02	.11367E+01
   1000.	    750.	.51968E-02	.58956E-02	.11345E+01
   1000.	    800.	.51898E-02	.58772E-02	.11325E+01
   1000.	    850.	.51678E-02	.58458E-02	.11312E+01
   1000.	    900.	.51329E-02	.58082E-02	.11316E+01
   1000.	    950.	.50870E-02	.57774E-02	.11357E+01
   1000.	   1000.	.49838E-02	.57596E-02	.11557E+01
   1000.	   1050.	.49692E-02	.57847E-02	.11641E+01
   1000.	   1100.	.49002E-02	.56216E-02	.11472E+01
   1000.	   1150.	.48264E-02	.54747E-02	.11343E+01
   1000.	   1200.	.47488E-02	.53549E-02	.11276E+01
   1000.	   1250.	.46683E-02	.52495E-02	.11245E+01
   1000.	   1300.	.45859E-02	.51573E-02	.11246E+01
   1000.	   1350.	.45021E-02	.50674E-02	.11256E+01
   1000.	   1400.	.44177E-02	.49784E-02	.11269E+01
   1000.	   1450.	.43332E-02	.48889E-02	.11283E+01
   1000.	   1500.	.42489E-02	.48018E-02	.11301E+01
   1000.	   1550.	.41653E-02	.47202E-02	.11332E+01
   1000.	   1600.	.40826E-02	.46289E-02	.11338E+01
   1000.	   1650.	.40011E-02	.45343E-02	.11333E+01
   1000.	   1700.	.39210E-02	.44463E-02	.11340E+01
   1000.	   1750.	.38425E-02	.43597E-02	.11346E+01
   1000.	   1800.	.37656E-02	.42712E-02	.11343E+01
   1000.	   1850.	.36905E-02	.41834E-02	.11336E+01
   1000.	   1900.	.36172E-02	.41020E-02	.11340E+01
   1000.	   1950.	.35458E-02	.40219E-02	.11343E+01
   1000.	   2000.	.34763E-02	.39448E-02	.11348E+01
   1050.	    200.	.23594E-02	.26935E-02	.11416E+01
   1050.	    250.	.24668E-02	.28021E-02	.11359E+01
   1050.	    300.	.25785E-02	.29204E-02	.11326E+01
   1050.	    350.	.26885E-02	.30399E-02	.11307E+01
   1050.	    400.	.27918E-02	.31538E-02	.11297E+01
   1050.	    450.	.28850E-02	.32571E-02	.11290E+01
   1050.	    500.	.29660E-02	.33465E-02	.11283E+01
   1050.	    550.	.30336E-02	.34203E-02	.11275E+01
   1050.	    600.	.30876E-02	.34777E-02	.11263E+01
   1050.	    650.	.31283E-02	.35190E-02	.11249E+01
   1050.	    700.	.31562E-02	.35450E-02	.11232E+01
   1050.	    750.	.31724E-02	.35570E-02	.11212E+01
   1050.	    800.	.31779E-02	.35570E-02	.11193E+01
   1050.	    850.	.31738E-02	.35470E-02	.11176E+01
   1050.	    900.	.31613E-02	.35299E-02	.11166E+01
   1050.	    950.	.31415E-02	.35096E-02	.11172E+01
   1050.	   1000.	.31153E-02	.34934E-02	.11214E+01
   1051.	   1050.	.30546E-02	.34837E-02	.11405E+01
   1050.	   1100.	.30479E-02	.35019E-02	.11490E+01
   1050.	   1150.	.30083E-02	.34081E-02	.11329E+01
   1050.	   1200.	.29657E-02	.33232E-02	.11205E+01
   1050.	   1250.	.29208E-02	.32540E-02	.11141E+01
   1050.	   1300.	.28741E-02	.31932E-02	.11110E+01
   1050.	   1350.	.28261E-02	.31400E-02	.11111E+01
   1050.	   1400.	.27771E-02	.30883E-02	.11120E+01
   1050.	   1450.	.27277E-02	.30367E-02	.11133E+01
   1050.	   1500.	.26779E-02	.29850E-02	.11147E+01
   1050.	   1550.	.26282E-02	.29344E-02	.11165E+01
   1050.	   1600.	.25787E-02	.28875E-02	.11197E+01
   1050.	   1650.	.25297E-02	.28336E-02	.11201E+01
   1050.	   1700.	.24812E-02	.27778E-02	.11196E+01
   1050.	   1750.	.24334E-02	.27261E-02	.11203E+01
   1050.	   1800.	.23864E-02	.26745E-02	.11207E+01
   1050.	   1850.	.23403E-02	.26214E-02	.11201E+01
   1050.	   1900.	.22951E-02	.25699E-02	.11197E+01
   1050.	   1950.	.22509E-02	.25207E-02	.11199E+01
   1050.	   2000.	.22077E-02	.24730E-02	.11201E+01
   1100.	    200.	.14090E-02	.15852E-02	.11251E+01
   1100.	    250.	.14727E-02	.16483E-02	.11193E+01
   1100.	    300.	.15401E-02	.17184E-02	.11158E+01
   1100.	    350.	.16076E-02	.17905E-02	.11138E+01
   1100.	    400.	.16723E-02	.18609E-02	.11127E+01
   1100.	    450.	.17321E-02	.19264E-02	.11122E+01
   1100.	    500.	.17854E-02	.19849E-02	.11117E+01
   1100.	    550.	.18314E-02	.20350E-02	.11112E+01
   1100.	    600.	.18696E-02	.20761E-02	.11105E+01
   1100.	    650.	.19000E-02	.21080E-02	.11094E+01
   1100.	    700.	.19229E-02	.21308E-02	.11081E+01
   1100.	    750.	.19386E-02	.21452E-02	.11065E+01
   1100.	    800.	.19478E-02	.21519E-02	.11048E+01
   1100.	    850.	.19508E-02	.21520E-02	.11031E+01
   1100.	    900.	.19485E-02	.21466E-02	.11017E+01
   1100.	    950.	.19414E-02	.21373E-02	.11009E+01
   1100.	   1000.	.19300E-02	.21263E-02	.11017E+01
   1100.	   1050.	.19151E-02	.21179E-02	.11059E+01
   1100.	   1100.	.18791E-02	.21125E-02	.11242E+01
   1100.	   1150.	.18763E-02	.21252E-02	.11327E+01
   1100.	   1200.	.18534E-02	.20709E-02	.11174E+01
   1100.	   1250.	.18287E-02	.20215E-02	.11054E+01
   1100.	   1300.	.18026E-02	.19815E-02	.10992E+01
   1100.	   1350.	.17754E-02	.19465E-02	.10964E+01
   1100.	   1400.	.17473E-02	.19156E-02	.10963E+01
   1100.	   1450.	.17185E-02	.18858E-02	.10973E+01
   1100.	   1500.	.16894E-02	.18560E-02	.10986E+01
   1100.	   1550.	.16600E-02	.18261E-02	.11000E+01
   1100.	   1600.	.16306E-02	.17970E-02	.11020E+01
   1100.	   1650.	.16012E-02	.17695E-02	.11051E+01
   1100.	   1700.	.15720E-02	.17374E-02	.11052E+01
   1100.	   1750.	.15431E-02	.17048E-02	.11048E+01
   1100.	   1800.	.15145E-02	.16743E-02	.11056E+01
   1100.	   1850.	.14863E-02	.16430E-02	.11054E+01
   1100.	   1900.	.14585E-02	.16115E-02	.11049E+01
   1100.	   1950.	.14313E-02	.15810E-02	.11046E+01
   1100.	   2000.	.14046E-02	.15520E-02	.11050E+01
   1150.	    200.	.84383E-03	.93466E-03	.11076E+01
   1150.	    250.	.88165E-03	.97127E-03	.11017E+01
   1150.	    300.	.92222E-03	.10126E-02	.10980E+01
   1150.	    350.	.96353E-03	.10559E-02	.10958E+01
   1150.	    400.	.10038E-02	.10989E-02	.10947E+01
   1150.	    450.	.10417E-02	.11399E-02	.10942E+01
   1150.	    500.	.10763E-02	.11774E-02	.10939E+01
   1150.	    550.	.11069E-02	.12105E-02	.10936E+01
   1150.	    600.	.11331E-02	.12387E-02	.10932E+01
   1150.	    650.	.11549E-02	.12617E-02	.10925E+01
   1150.	    700.	.11722E-02	.12795E-02	.10915E+01
   1150.	    750.	.11852E-02	.12922E-02	.10903E+01
   1150.	    800.	.11941E-02	.13003E-02	.10889E+01
   1150.	    850.	.11993E-02	.13041E-02	.10874E+01
   1150.	    900.	.12011E-02	.13042E-02	.10859E+01
   1150.	    950.	.11998E-02	.13013E-02	.10846E+01
   1150.	   1000.	.11957E-02	.12963E-02	.10841E+01
   1150.	   1050.	.11892E-02	.12904E-02	.10851E+01
   1150.	   1100.	.11806E-02	.12859E-02	.10892E+01
   1151.	   1150.	.11591E-02	.12830E-02	.11069E+01
   1150.	   1200.	.11582E-02	.12916E-02	.11152E+01
   1150.	   1250.	.11449E-02	.12601E-02	.11006E+01
   1150.	   1300.	.11305E-02	.12313E-02	.10891E+01
   1150.	   1350.	.11153E-02	.12080E-02	.10831E+01
   1150.	   1400.	.10993E-02	.11879E-02	.10806E+01
   1150.	   1450.	.10828E-02	.11699E-02	.10804E+01
   1150.	   1500.	.10659E-02	.11530E-02	.10817E+01
   1150.	   1550.	.10487E-02	.11354E-02	.10827E+01
   1150.	   1600.	.10313E-02	.11180E-02	.10841E+01
   1150.	   1650.	.10138E-02	.11010E-02	.10860E+01
   1150.	   1700.	.99635E-03	.10851E-02	.10891E+01
   1150.	   1750.	.97892E-03	.10663E-02	.10892E+01
   1150.	   1800.	.96159E-03	.10471E-02	.10890E+01
   1150.	   1850.	.94443E-03	.10287E-02	.10893E+01
   1150.	   1900.	.92747E-03	.10104E-02	.10894E+01
   1150.	   1950.	.91075E-03	.99137E-03	.10885E+01
   1150.	   2000.	.89430E-03	.97360E-03	.10887E+01
   1200.	    200.	.50640E-03	.55156E-03	.10892E+01
   1200.	    250.	.52886E-03	.57278E-03	.10830E+01
   1200.	    300.	.55325E-03	.59705E-03	.10792E+01
   1200.	    350.	.57844E-03	.62289E-03	.10768E+01
   1200.	    400.	.60337E-03	.64900E-03	.10756E+01
   1200.	    450.	.62723E-03	.67432E-03	.10751E+01
   1200.	    500.	.64940E-03	.69800E-03	.10748E+01
   1200.	    550.	.66943E-03	.71943E-03	.10747E+01
   1200.	    600.	.68704E-03	.73821E-03	.10745E+01
   1200.	    650.	.70209E-03	.75411E-03	.10741E+01
   1200.	    700.	.71454E-03	.76704E-03	.10735E+01
   1200.	    750.	.72444E-03	.77702E-03	.10726E+01
   1200.	    800.	.73189E-03	.78419E-03	.10715E+01
   1200.	    850.	.73702E-03	.78873E-03	.10702E+01
   1200.	    900.	.74001E-03	.79090E-03	.10688E+01
   1200.	    950.	.74104E-03	.79103E-03	.10675E+01
   1200.	   1000.	.74029E-03	.78949E-03	.10665E+01
   1200.	   1050.	.73796E-03	.78677E-03	.10661E+01
   1200.	   1100.	.73422E-03	.78356E-03	.10672E+01
   1200.	   1150.	.72926E-03	.78129E-03	.10714E+01
   1200.	   1200.	.71644E-03	.77969E-03	.10883E+01
   1200.	   1250.	.71627E-03	.78537E-03	.10965E+01
   1200.	   1300.	.70854E-03	.76705E-03	.10826E+01
   1200.	   1350.	.70015E-03	.75023E-03	.10715E+01
   1200.	   1400.	.69122E-03	.73669E-03	.10658E+01
   1200.	   1450.	.68185E-03	.72516E-03	.10635E+01
   1200.	   1500.	.67213E-03	.71473E-03	.10634E+01
   1200.	   1550.	.66214E-03	.70508E-03	.10648E+01
   1200.	   1600.	.65196E-03	.69462E-03	.10654E+01
   1200.	   1650.	.64164E-03	.68464E-03	.10670E+01
   1200.	   1700.	.63123E-03	.67473E-03	.10689E+01
   1200.	   1750.	.62080E-03	.66547E-03	.10720E+01
   1200.	   1800.	.61037E-03	.65428E-03	.10719E+01
   1200.	   1850.	.59999E-03	.64338E-03	.10723E+01
   1200.	   1900.	.58967E-03	.63214E-03	.10720E+01
   1200.	   1950.	.57946E-03	.62127E-03	.10722E+01
   1200.	   2000.	.56937E-03	.60976E-03	.10709E+01
   1250.	    200.	.30427E-03	.32548E-03	.10697E+01
   1250.	    250.	.31761E-03	.33776E-03	.10634E+01
   1250.	    300.	.33226E-03	.35198E-03	.10593E+01
   1250.	    350.	.34757E-03	.36732E-03	.10568E+01
   1250.	    400.	.36293E-03	.38305E-03	.10555E+01
   1250.	    450.	.37784E-03	.39855E-03	.10548E+01
   1250.	    500.	.39191E-03	.41331E-03	.10546E+01
   1250.	    550.	.40486E-03	.42694E-03	.10545E+01
   1250.	    600.	.41649E-03	.43917E-03	.10545E+01
   1250.	    650.	.42666E-03	.44983E-03	.10543E+01
   1250.	    700.	.43534E-03	.45881E-03	.10539E+01
   1250.	    750.	.44251E-03	.46610E-03	.10533E+01
   1250.	    800.	.44821E-03	.47173E-03	.10525E+01
   1250.	    850.	.45250E-03	.47578E-03	.10515E+01
   1250.	    900.	.45546E-03	.47836E-03	.10503E+01
   1250.	    950.	.45720E-03	.47962E-03	.10490E+01
   1250.	   1000.	.45781E-03	.47974E-03	.10479E+01
   1250.	   1050.	.45739E-03	.47892E-03	.10471E+01
   1250.	   1100.	.45606E-03	.47745E-03	.10469E+01
   1250.	   1150.	.45391E-03	.47573E-03	.10481E+01
   1250.	   1200.	.45103E-03	.47458E-03	.10522E+01
   1251.	   1250.	.44334E-03	.47370E-03	.10685E+01
   1250.	   1300.	.44349E-03	.47745E-03	.10766E+01
   1250.	   1350.	.43897E-03	.46673E-03	.10632E+01
   1250.	   1400.	.43406E-03	.45690E-03	.10526E+01
   1250.	   1450.	.42882E-03	.44904E-03	.10471E+01
   1250.	   1500.	.42331E-03	.44245E-03	.10452E+01
   1250.	   1550.	.41757E-03	.43631E-03	.10449E+01
   1250.	   1600.	.41166E-03	.43082E-03	.10465E+01
   1250.	   1650.	.40562E-03	.42469E-03	.10470E+01
   1250.	   1700.	.39948E-03	.41895E-03	.10487E+01
   1250.	   1750.	.39328E-03	.41328E-03	.10508E+01
   1250.	   1800.	.38705E-03	.40777E-03	.10535E+01
   1250.	   1850.	.38080E-03	.40114E-03	.10534E+01
   1250.	   1900.	.37457E-03	.39480E-03	.10540E+01
   1250.	   1950.	.36837E-03	.38807E-03	.10535E+01
   1250.	   2000.	.36221E-03	.38166E-03	.10537E+01
   1300.	    200.	.18291E-03	.19191E-03	.10492E+01
   1300.	    250.	.19084E-03	.19900E-03	.10428E+01
   1300.	    300.	.19962E-03	.20730E-03	.10385E+01
   1300.	    350.	.20890E-03	.21637E-03	.10358E+01
   1300.	    400.	.21831E-03	.22579E-03	.10342E+01
   1300.	    450.	.22758E-03	.23519E-03	.10335E+01
   1300.	    500.	.23645E-03	.24429E-03	.10332E+01
   1300.	    550.	.24473E-03	.25284E-03	.10331E+01
   1300.	    600.	.25230E-03	.26067E-03	.10332E+01
   1300.	    650.	.25905E-03	.26764E-03	.10331E+01
   1300.	    700.	.26495E-03	.27369E-03	.10330E+01
   1300.	    750.	.26997E-03	.27877E-03	.10326E+01
   1300.	    800.	.27412E-03	.28290E-03	.10320E+01
   1300.	    850.	.27741E-03	.28608E-03	.10312E+01
   1300.	    900.	.27990E-03	.28838E-03	.10303E+01
   1300.	    950.	.28163E-03	.28985E-03	.10292E+01
   1300.	   1000.	.28264E-03	.29059E-03	.10281E+01
   1300.	   1050.	.28301E-03	.29068E-03	.10271E+01
   1300.	   1100.	.28278E-03	.29026E-03	.10265E+01
   1300.	   1150.	.28202E-03	.28947E-03	.10264E+01
   1300.	   1200.	.28078E-03	.28855E-03	.10277E+01
   1300.	   1250.	.27911E-03	.28797E-03	.10317E+01
   1300.	   1300.	.27448E-03	.28749E-03	.10474E+01
   1300.	   1350.	.27472E-03	.28993E-03	.10554E+01
   1300.	   1400.	.27208E-03	.28366E-03	.10426E+01
   1300.	   1450.	.26920E-03	.27792E-03	.10324E+01
   1300.	   1500.	.26612E-03	.27334E-03	.10271E+01
   1300.	   1550.	.26287E-03	.26953E-03	.10254E+01
   1300.	   1600.	.25948E-03	.26601E-03	.10252E+01
   1300.	   1650.	.25598E-03	.26281E-03	.10267E+01
   1300.	   1700.	.25239E-03	.25926E-03	.10272E+01
   1300.	   1750.	.24874E-03	.25597E-03	.10291E+01
   1300.	   1800.	.24504E-03	.25269E-03	.10312E+01
   1300.	   1850.	.24131E-03	.24939E-03	.10335E+01
   1300.	   1900.	.23757E-03	.24549E-03	.10333E+01
   1300.	   1950.	.23383E-03	.24185E-03	.10343E+01
   1300.	   2000.	.23010E-03	.23782E-03	.10336E+01
   1350.	    200.	.10993E-03	.11296E-03	.10276E+01
   1350.	    250.	.11464E-03	.11705E-03	.10211E+01
   1350.	    300.	.11990E-03	.12189E-03	.10166E+01
   1350.	    350.	.12550E-03	.12722E-03	.10137E+01
   1350.	    400.	.13126E-03	.13282E-03	.10119E+01
   1350.	    450.	.13698E-03	.13849E-03	.10110E+01
   1350.	    500.	.14252E-03	.14404E-03	.10106E+01
   1350.	    550.	.14778E-03	.14934E-03	.10106E+01
   1350.	    600.	.15265E-03	.15427E-03	.10106E+01
   1350.	    650.	.15707E-03	.15875E-03	.10107E+01
   1350.	    700.	.16100E-03	.16272E-03	.10107E+01
   1350.	    750.	.16443E-03	.16616E-03	.10105E+01
   1350.	    800.	.16734E-03	.16904E-03	.10101E+01
   1350.	    850.	.16975E-03	.17137E-03	.10096E+01
   1350.	    900.	.17167E-03	.17318E-03	.10088E+01
   1350.	    950.	.17312E-03	.17449E-03	.10079E+01
   1350.	   1000.	.17412E-03	.17533E-03	.10070E+01
   1350.	   1050.	.17472E-03	.17576E-03	.10060E+01
   1350.	   1100.	.17494E-03	.17584E-03	.10051E+01
   1350.	   1150.	.17482E-03	.17562E-03	.10046E+01
   1350.	   1200.	.17438E-03	.17520E-03	.10047E+01
   1350.	   1250.	.17367E-03	.17471E-03	.10060E+01
   1350.	   1300.	.17271E-03	.17443E-03	.10100E+01
   1351.	   1350.	.16991E-03	.17417E-03	.10251E+01
   1350.	   1400.	.17015E-03	.17574E-03	.10329E+01
   1350.	   1450.	.16860E-03	.17206E-03	.10205E+01
   1350.	   1500.	.16691E-03	.16872E-03	.10108E+01
   1350.	   1550.	.16510E-03	.16603E-03	.10057E+01
   1350.	   1600.	.16318E-03	.16385E-03	.10041E+01
   1350.	   1650.	.16117E-03	.16188E-03	.10044E+01
   1350.	   1700.	.15910E-03	.15996E-03	.10054E+01
   1350.	   1750.	.15697E-03	.15794E-03	.10062E+01
   1350.	   1800.	.15479E-03	.15604E-03	.10080E+01
   1350.	   1850.	.15259E-03	.15423E-03	.10108E+01
   1350.	   1900.	.15036E-03	.15221E-03	.10123E+01
   1350.	   1950.	.14812E-03	.14990E-03	.10120E+01
   1350.	   2000.	.14587E-03	.14783E-03	.10135E+01
   1400.	    200.	.66013E-04	.66337E-04	.10049E+01
   1400.	    250.	.68805E-04	.68689E-04	.99833E+00
   1400.	    300.	.71949E-04	.71494E-04	.99369E+00
   1400.	    350.	.75328E-04	.74617E-04	.99056E+00
   1400.	    400.	.78828E-04	.77930E-04	.98861E+00
   1400.	    450.	.82345E-04	.81317E-04	.98752E+00
   1400.	    500.	.85792E-04	.84677E-04	.98701E+00
   1400.	    550.	.89095E-04	.87925E-04	.98687E+00
   1400.	    600.	.92197E-04	.90991E-04	.98692E+00
   1400.	    650.	.95056E-04	.93822E-04	.98702E+00
   1400.	    700.	.97642E-04	.96380E-04	.98707E+00
   1400.	    750.	.99937E-04	.98640E-04	.98702E+00
   1400.	    800.	.10193E-03	.10059E-03	.98682E+00
   1400.	    850.	.10363E-03	.10222E-03	.98644E+00
   1400.	    900.	.10503E-03	.10355E-03	.98589E+00
   1400.	    950.	.10615E-03	.10457E-03	.98519E+00
   1400.	   1000.	.10699E-03	.10532E-03	.98437E+00
   1400.	   1050.	.10758E-03	.10581E-03	.98349E+00
   1400.	   1100.	.10794E-03	.10606E-03	.98262E+00
   1400.	   1150.	.10807E-03	.10612E-03	.98189E+00
   1400.	   1200.	.10801E-03	.10601E-03	.98148E+00
   1400.	   1250.	.10776E-03	.10579E-03	.98168E+00
   1400.	   1300.	.10735E-03	.10553E-03	.98305E+00
   1400.	   1350.	.10679E-03	.10540E-03	.98696E+00
   1400.	   1400.	.10510E-03	.10525E-03	.10015E+01
   1400.	   1450.	.10530E-03	.10625E-03	.10091E+01
   1400.	   1500.	.10439E-03	.10410E-03	.99718E+00
   1400.	   1550.	.10340E-03	.10215E-03	.98795E+00
   1400.	   1600.	.10233E-03	.10059E-03	.98298E+00
   1400.	   1650.	.10120E-03	.99337E-04	.98158E+00
   1400.	   1700.	.10002E-03	.98242E-04	.98226E+00
   1400.	   1750.	.98786E-04	.97061E-04	.98253E+00
   1400.	   1800.	.97520E-04	.95960E-04	.98400E+00
   1400.	   1850.	.96225E-04	.94873E-04	.98594E+00
   1400.	   1900.	.94909E-04	.93866E-04	.98901E+00
   1400.	   1950.	.93577E-04	.92582E-04	.98937E+00
   1400.	   2000.	.92234E-04	.91283E-04	.98969E+00
   1450.	    200.	.39579E-04	.38835E-04	.98119E+00
   1450.	    250.	.41234E-04	.40184E-04	.97453E+00
   1450.	    300.	.43110E-04	.41806E-04	.96975E+00
   1450.	    350.	.45141E-04	.43625E-04	.96642E+00
   1450.	    400.	.47262E-04	.45573E-04	.96426E+00
   1450.	    450.	.49414E-04	.47585E-04	.96298E+00
   1450.	    500.	.51543E-04	.49601E-04	.96231E+00
   1450.	    550.	.53606E-04	.51572E-04	.96206E+00
   1450.	    600.	.55565E-04	.53456E-04	.96205E+00
   1450.	    650.	.57393E-04	.55221E-04	.96214E+00
   1450.	    700.	.59071E-04	.56840E-04	.96224E+00
   1450.	    750.	.60583E-04	.58297E-04	.96227E+00
   1450.	    800.	.61922E-04	.59581E-04	.96219E+00
   1450.	    850.	.63086E-04	.60686E-04	.96196E+00
   1450.	    900.	.64075E-04	.61613E-04	.96158E+00
   1450.	    950.	.64893E-04	.62365E-04	.96105E+00
   1450.	   1000.	.65545E-04	.62949E-04	.96038E+00
   1450.	   1050.	.66041E-04	.63375E-04	.95962E+00
   1450.	   1100.	.66389E-04	.63656E-04	.95882E+00
   1450.	   1150.	.66600E-04	.63806E-04	.95806E+00
   1450.	   1200.	.66683E-04	.63844E-04	.95744E+00
   1450.	   1250.	.66649E-04	.63792E-04	.95713E+00
   1450.	   1300.	.66508E-04	.63676E-04	.95742E+00
   1450.	   1350.	.66272E-04	.63542E-04	.95881E+00
   1450.	   1400.	.65948E-04	.63485E-04	.96265E+00
   1451.	   1450.	.64927E-04	.63406E-04	.97657E+00
   1450.	   1500.	.65079E-04	.64038E-04	.98401E+00
   1450.	   1550.	.64549E-04	.62776E-04	.97253E+00
   1450.	   1600.	.63967E-04	.61646E-04	.96372E+00
   1450.	   1650.	.63339E-04	.60735E-04	.95889E+00
   1450.	   1700.	.62671E-04	.60023E-04	.95774E+00
   1450.	   1750.	.61971E-04	.59409E-04	.95866E+00
   1450.	   1800.	.61242E-04	.58711E-04	.95867E+00
   1450.	   1850.	.60490E-04	.58112E-04	.96069E+00
   1450.	   1900.	.59720E-04	.57504E-04	.96289E+00
   1450.	   1950.	.58936E-04	.56898E-04	.96543E+00
   1450.	   2000.	.58140E-04	.56178E-04	.96625E+00
   1500.	    200.	.23679E-04	.22647E-04	.95641E+00
   1500.	    250.	.24659E-04	.23419E-04	.94971E+00
   1500.	    300.	.25776E-04	.24352E-04	.94478E+00
   1500.	    350.	.26993E-04	.25408E-04	.94127E+00
   1500.	    400.	.28274E-04	.26546E-04	.93890E+00
   1500.	    450.	.29584E-04	.27732E-04	.93742E+00
   1500.	    500.	.30892E-04	.28932E-04	.93657E+00
   1500.	    550.	.32170E-04	.30118E-04	.93619E+00
   1500.	    600.	.33398E-04	.31263E-04	.93608E+00
   1500.	    650.	.34556E-04	.32349E-04	.93613E+00
   1500.	    700.	.35632E-04	.33360E-04	.93623E+00
   1500.	    750.	.36615E-04	.34283E-04	.93630E+00
   1500.	    800.	.37499E-04	.35110E-04	.93630E+00
   1500.	    850.	.38281E-04	.35838E-04	.93618E+00
   1500.	    900.	.38960E-04	.36464E-04	.93593E+00
   1500.	    950.	.39538E-04	.36989E-04	.93555E+00
   1500.	   1000.	.40015E-04	.37416E-04	.93503E+00
   1500.	   1050.	.40398E-04	.37748E-04	.93440E+00
   1500.	   1100.	.40689E-04	.37991E-04	.93370E+00
   1500.	   1150.	.40894E-04	.38153E-04	.93298E+00
   1500.	   1200.	.41020E-04	.38243E-04	.93230E+00
   1500.	   1250.	.41071E-04	.38269E-04	.93178E+00
   1500.	   1300.	.41054E-04	.38244E-04	.93156E+00
   1500.	   1350.	.40975E-04	.38185E-04	.93192E+00
   1500.	   1400.	.40839E-04	.38116E-04	.93333E+00
   1500.	   1450.	.40652E-04	.38094E-04	.93707E+00
   1500.	   1500.	.40034E-04	.38051E-04	.95045E+00
   1500.	   1550.	.40146E-04	.38447E-04	.95768E+00
   1500.	   1600.	.39836E-04	.37707E-04	.94656E+00
   1500.	   1650.	.39494E-04	.37055E-04	.93823E+00
   1500.	   1700.	.39125E-04	.36521E-04	.93344E+00
   1500.	   1750.	.38732E-04	.36130E-04	.93281E+00
   1500.	   1800.	.38318E-04	.35773E-04	.93357E+00
   1500.	   1850.	.37887E-04	.35376E-04	.93373E+00
   1500.	   1900.	.37442E-04	.35021E-04	.93535E+00
   1500.	   1950.	.36984E-04	.34687E-04	.93790E+00
   1500.	   2000.	.36517E-04	.34348E-04	.94061E+00
   1550.	    200.	.14128E-04	.13147E-04	.93059E+00
   1550.	    250.	.14706E-04	.13587E-04	.92387E+00
   1550.	    300.	.15370E-04	.14122E-04	.91881E+00
   1550.	    350.	.16097E-04	.14731E-04	.91512E+00
   1550.	    400.	.16867E-04	.15392E-04	.91255E+00
   1550.	    450.	.17661E-04	.16086E-04	.91085E+00
   1550.	    500.	.18460E-04	.16795E-04	.90983E+00
   1550.	    550.	.19247E-04	.17501E-04	.90929E+00
   1550.	    600.	.20011E-04	.18191E-04	.90906E+00
   1550.	    650.	.20738E-04	.18852E-04	.90904E+00
   1550.	    700.	.21421E-04	.19474E-04	.90910E+00
   1550.	    750.	.22052E-04	.20049E-04	.90918E+00
   1550.	    800.	.22628E-04	.20573E-04	.90921E+00
   1550.	    850.	.23145E-04	.21042E-04	.90917E+00
   1550.	    900.	.23601E-04	.21454E-04	.90902E+00
   1550.	    950.	.23998E-04	.21808E-04	.90875E+00
   1550.	   1000.	.24335E-04	.22105E-04	.90837E+00
   1550.	   1050.	.24614E-04	.22346E-04	.90787E+00
   1550.	   1100.	.24838E-04	.22535E-04	.90728E+00
   1550.	   1150.	.25009E-04	.22674E-04	.90664E+00
   1550.	   1200.	.25130E-04	.22768E-04	.90598E+00
   1550.	   1250.	.25205E-04	.22821E-04	.90539E+00
   1550.	   1300.	.25237E-04	.22838E-04	.90495E+00
   1550.	   1350.	.25229E-04	.22828E-04	.90482E+00
   1550.	   1400.	.25184E-04	.22798E-04	.90523E+00
   1550.	   1450.	.25107E-04	.22763E-04	.90665E+00
   1550.	   1500.	.24999E-04	.22756E-04	.91029E+00
   1551.	   1550.	.24626E-04	.22733E-04	.92312E+00
   1550.	   1600.	.24705E-04	.22979E-04	.93015E+00
   1550.	   1650.	.24524E-04	.22546E-04	.91937E+00
   1550.	   1700.	.24324E-04	.22171E-04	.91151E+00
   1550.	   1750.	.24107E-04	.21862E-04	.90685E+00
   1550.	   1800.	.23876E-04	.21646E-04	.90661E+00
   1550.	   1850.	.23632E-04	.21438E-04	.90717E+00
   1550.	   1900.	.23378E-04	.21222E-04	.90780E+00
   1550.	   1950.	.23114E-04	.21016E-04	.90924E+00
   1550.	   2000.	.22843E-04	.20830E-04	.91191E+00
   1600.	    200.	.84005E-05	.75920E-05	.90375E+00
   1600.	    250.	.87415E-05	.78414E-05	.89704E+00
   1600.	    300.	.91342E-05	.81466E-05	.89187E+00
   1600.	    350.	.95672E-05	.84958E-05	.88802E+00
   1600.	    400.	.10029E-04	.88777E-05	.88524E+00
   1600.	    450.	.10507E-04	.92814E-05	.88334E+00
   1600.	    500.	.10992E-04	.96965E-05	.88212E+00
   1600.	    550.	.11474E-04	.10114E-04	.88140E+00
   1600.	    600.	.11946E-04	.10525E-04	.88104E+00
   1600.	    650.	.12399E-04	.10922E-04	.88091E+00
   1600.	    700.	.12828E-04	.11300E-04	.88091E+00
   1600.	    750.	.13229E-04	.11654E-04	.88096E+00
   1600.	    800.	.13599E-04	.11981E-04	.88101E+00
   1600.	    850.	.13935E-04	.12277E-04	.88100E+00
   1600.	    900.	.14237E-04	.12542E-04	.88092E+00
   1600.	    950.	.14503E-04	.12774E-04	.88074E+00
   1600.	   1000.	.14735E-04	.12973E-04	.88045E+00
   1600.	   1050.	.14932E-04	.13141E-04	.88006E+00
   1600.	   1100.	.15095E-04	.13277E-04	.87958E+00
   1600.	   1150.	.15226E-04	.13384E-04	.87903E+00
   1600.	   1200.	.15327E-04	.13464E-04	.87844E+00
   1600.	   1250.	.15398E-04	.13518E-04	.87785E+00
   1600.	   1300.	.15443E-04	.13549E-04	.87733E+00
   1600.	   1350.	.15463E-04	.13560E-04	.87697E+00
   1600.	   1400.	.15459E-04	.13556E-04	.87690E+00
   1600.	   1450.	.15434E-04	.13542E-04	.87736E+00
   1600.	   1500.	.15390E-04	.13525E-04	.87878E+00
   1600.	   1550.	.15328E-04	.13524E-04	.88231E+00
   1600.	   1600.	.15103E-04	.13511E-04	.89462E+00
   1600.	   1650.	.15157E-04	.13664E-04	.90144E+00
   1600.	   1700.	.15052E-04	.13411E-04	.89099E+00
   1600.	   1750.	.14935E-04	.13197E-04	.88361E+00
   1600.	   1800.	.14809E-04	.13018E-04	.87911E+00
   1600.	   1850.	.14673E-04	.12896E-04	.87888E+00
   1600.	   1900.	.14529E-04	.12781E-04	.87964E+00
   1600.	   1950.	.14379E-04	.12663E-04	.88062E+00
   1600.	   2000.	.14224E-04	.12545E-04	.88199E+00
   1650.	    200.	.49754E-05	.43580E-05	.87591E+00
   1650.	    250.	.51757E-05	.44989E-05	.86923E+00
   1650.	    300.	.54074E-05	.46720E-05	.86399E+00
   1650.	    350.	.56642E-05	.48711E-05	.85998E+00
   1650.	    400.	.59393E-05	.50901E-05	.85702E+00
   1650.	    450.	.62264E-05	.53231E-05	.85492E+00
   1650.	    500.	.65193E-05	.55643E-05	.85351E+00
   1650.	    550.	.68126E-05	.58085E-05	.85261E+00
   1650.	    600.	.71012E-05	.60509E-05	.85209E+00
   1650.	    650.	.73810E-05	.62874E-05	.85184E+00
   1650.	    700.	.76485E-05	.65145E-05	.85174E+00
   1650.	    750.	.79008E-05	.67294E-05	.85174E+00
   1650.	    800.	.81358E-05	.69298E-05	.85176E+00
   1650.	    850.	.83520E-05	.71139E-05	.85176E+00
   1650.	    900.	.85483E-05	.72807E-05	.85172E+00
   1650.	    950.	.87241E-05	.74294E-05	.85159E+00
   1650.	   1000.	.88794E-05	.75598E-05	.85139E+00
   1650.	   1050.	.90142E-05	.76719E-05	.85109E+00
   1650.	   1100.	.91290E-05	.77661E-05	.85070E+00
   1650.	   1150.	.92245E-05	.78430E-05	.85024E+00
   1650.	   1200.	.93013E-05	.79035E-05	.84972E+00
   1650.	   1250.	.93605E-05	.79486E-05	.84917E+00
   1650.	   1300.	.94029E-05	.79797E-05	.84864E+00
   1650.	   1350.	.94297E-05	.79981E-05	.84819E+00
   1650.	   1400.	.94419E-05	.80057E-05	.84789E+00
   1650.	   1450.	.94406E-05	.80045E-05	.84788E+00
   1650.	   1500.	.94268E-05	.79974E-05	.84837E+00
   1650.	   1550.	.94016E-05	.79893E-05	.84977E+00
   1650.	   1600.	.93660E-05	.79910E-05	.85319E+00
   1651.	   1650.	.92303E-05	.79840E-05	.86497E+00
   1650.	   1700.	.92675E-05	.80771E-05	.87156E+00
   1650.	   1750.	.92063E-05	.79312E-05	.86150E+00
   1650.	   1800.	.91383E-05	.78084E-05	.85447E+00
   1650.	   1850.	.90642E-05	.77069E-05	.85026E+00
   1650.	   1900.	.89848E-05	.76399E-05	.85031E+00
   1650.	   1950.	.89007E-05	.75728E-05	.85081E+00
   1650.	   2000.	.88126E-05	.75102E-05	.85221E+00
   1700.	    200.	.29334E-05	.24851E-05	.84714E+00
   1700.	    250.	.30507E-05	.25641E-05	.84050E+00
   1700.	    300.	.31869E-05	.26617E-05	.83520E+00
   1700.	    350.	.33385E-05	.27745E-05	.83107E+00
   1700.	    400.	.35018E-05	.28993E-05	.82794E+00
   1700.	    450.	.36731E-05	.30327E-05	.82565E+00
   1700.	    500.	.38489E-05	.31717E-05	.82404E+00
   1700.	    550.	.40261E-05	.33133E-05	.82296E+00
   1700.	    600.	.42017E-05	.34549E-05	.82227E+00
   1700.	    650.	.43731E-05	.35942E-05	.82188E+00
   1700.	    700.	.45383E-05	.37290E-05	.82169E+00
   1700.	    750.	.46954E-05	.38578E-05	.82160E+00
   1700.	    800.	.48431E-05	.39790E-05	.82158E+00
   1700.	    850.	.49803E-05	.40916E-05	.82156E+00
   1700.	    900.	.51063E-05	.41949E-05	.82152E+00
   1700.	    950.	.52205E-05	.42883E-05	.82143E+00
   1700.	   1000.	.53228E-05	.43715E-05	.82127E+00
   1700.	   1050.	.54131E-05	.44444E-05	.82104E+00
   1700.	   1100.	.54916E-05	.45071E-05	.82072E+00
   1700.	   1150.	.55585E-05	.45599E-05	.82034E+00
   1700.	   1200.	.56142E-05	.46030E-05	.81989E+00
   1700.	   1250.	.56591E-05	.46371E-05	.81941E+00
   1700.	   1300.	.56939E-05	.46627E-05	.81890E+00
   1700.	   1350.	.57189E-05	.46805E-05	.81843E+00
   1700.	   1400.	.57349E-05	.46913E-05	.81803E+00
   1700.	   1450.	.57425E-05	.46961E-05	.81778E+00
   1700.	   1500.	.57422E-05	.46961E-05	.81782E+00
   1700.	   1550.	.57346E-05	.46928E-05	.81833E+00
   1700.	   1600.	.57204E-05	.46891E-05	.81972E+00
   1700.	   1650.	.57001E-05	.46912E-05	.82301E+00
   1700.	   1700.	.56185E-05	.46874E-05	.83428E+00
   1700.	   1750.	.56433E-05	.47438E-05	.84061E+00
   1700.	   1800.	.56079E-05	.46599E-05	.83095E+00
   1700.	   1850.	.55684E-05	.45894E-05	.82418E+00
   1700.	   1900.	.55253E-05	.45329E-05	.82039E+00
   1700.	   1950.	.54790E-05	.44946E-05	.82033E+00
   1700.	   2000.	.54299E-05	.44571E-05	.82085E+00
   1750.	    200.	.17206E-05	.14069E-05	.81766E+00
   1750.	    250.	.17890E-05	.14510E-05	.81107E+00
   1750.	    300.	.18687E-05	.15057E-05	.80571E+00
   1750.	    350.	.19578E-05	.15691E-05	.80146E+00
   1750.	    400.	.20542E-05	.16396E-05	.79816E+00
   1750.	    450.	.21558E-05	.17154E-05	.79567E+00
   1750.	    500.	.22608E-05	.17947E-05	.79386E+00
   1750.	    550.	.23671E-05	.18761E-05	.79257E+00
   1750.	    600.	.24731E-05	.19580E-05	.79171E+00
   1750.	    650.	.25773E-05	.20391E-05	.79116E+00
   1750.	    700.	.26784E-05	.21182E-05	.79083E+00
   1750.	    750.	.27754E-05	.21943E-05	.79065E+00
   1750.	    800.	.28672E-05	.22667E-05	.79056E+00
   1750.	    850.	.29533E-05	.23346E-05	.79050E+00
   1750.	    900.	.30331E-05	.23975E-05	.79045E+00
   1750.	    950.	.31062E-05	.24551E-05	.79037E+00
   1750.	   1000.	.31725E-05	.25070E-05	.79024E+00
   1750.	   1050.	.32318E-05	.25533E-05	.79005E+00
   1750.	   1100.	.32842E-05	.25939E-05	.78980E+00
   1750.	   1150.	.33298E-05	.26288E-05	.78948E+00
   1750.	   1200.	.33686E-05	.26582E-05	.78910E+00
   1750.	   1250.	.34011E-05	.26823E-05	.78868E+00
   1750.	   1300.	.34273E-05	.27015E-05	.78822E+00
   1750.	   1350.	.34477E-05	.27159E-05	.78775E+00
   1750.	   1400.	.34624E-05	.27261E-05	.78732E+00
   1750.	   1450.	.34720E-05	.27324E-05	.78697E+00
   1750.	   1500.	.34767E-05	.27354E-05	.78678E+00
   1750.	   1550.	.34768E-05	.27357E-05	.78685E+00
   1750.	   1600.	.34727E-05	.27343E-05	.78737E+00
   1750.	   1650.	.34647E-05	.27327E-05	.78873E+00
   1750.	   1700.	.34531E-05	.27345E-05	.79189E+00
   1751.	   1750.	.34042E-05	.27324E-05	.80265E+00
   1750.	   1800.	.34206E-05	.27663E-05	.80871E+00
   1750.	   1850.	.34002E-05	.27181E-05	.79940E+00
   1750.	   1900.	.33773E-05	.26783E-05	.79302E+00
   1750.	   1950.	.33524E-05	.26467E-05	.78951E+00
   1750.	   2000.	.33255E-05	.26250E-05	.78937E+00
   1800.	    200.	.10034E-05	.79038E-06	.78766E+00
   1800.	    250.	.10431E-05	.81484E-06	.78114E+00
   1800.	    300.	.10896E-05	.84524E-06	.77575E+00
   1800.	    350.	.11417E-05	.88064E-06	.77138E+00
   1800.	    400.	.11982E-05	.92014E-06	.76791E+00
   1800.	    450.	.12582E-05	.96280E-06	.76524E+00
   1800.	    500.	.13204E-05	.10077E-05	.76322E+00
   1800.	    550.	.13837E-05	.10540E-05	.76175E+00
   1800.	    600.	.14472E-05	.11009E-05	.76070E+00
   1800.	    650.	.15101E-05	.11476E-05	.75998E+00
   1800.	    700.	.15715E-05	.11935E-05	.75951E+00
   1800.	    750.	.16307E-05	.12380E-05	.75920E+00
   1800.	    800.	.16872E-05	.12806E-05	.75900E+00
   1800.	    850.	.17406E-05	.13209E-05	.75887E+00
   1800.	    900.	.17906E-05	.13586E-05	.75877E+00
   1800.	    950.	.18368E-05	.13935E-05	.75866E+00
   1800.	   1000.	.18791E-05	.14253E-05	.75853E+00
   1800.	   1050.	.19174E-05	.14541E-05	.75836E+00
   1800.	   1100.	.19517E-05	.14796E-05	.75814E+00
   1800.	   1150.	.19820E-05	.15021E-05	.75787E+00
   1800.	   1200.	.20083E-05	.15214E-05	.75754E+00
   1800.	   1250.	.20308E-05	.15377E-05	.75716E+00
   1800.	   1300.	.20497E-05	.15511E-05	.75675E+00
   1800.	   1350.	.20649E-05	.15617E-05	.75631E+00
   1800.	   1400.	.20768E-05	.15699E-05	.75589E+00
   1800.	   1450.	.20855E-05	.15756E-05	.75550E+00
   1800.	   1500.	.20912E-05	.15793E-05	.75519E+00
   1800.	   1550.	.20941E-05	.15811E-05	.75504E+00
   1800.	   1600.	.20943E-05	.15815E-05	.75514E+00
   1800.	   1650.	.20921E-05	.15810E-05	.75567E+00
   1800.	   1700.	.20877E-05	.15803E-05	.75699E+00
   1800.	   1750.	.20811E-05	.15817E-05	.76002E+00
   1800.	   1800.	.20519E-05	.15806E-05	.77029E+00
   1800.	   1850.	.20626E-05	.16007E-05	.77605E+00
   1800.	   1900.	.20509E-05	.15731E-05	.76705E+00
   1800.	   1950.	.20377E-05	.15510E-05	.76114E+00
   1800.	   2000.	.20233E-05	.15338E-05	.75806E+00
   1850.	    200.	.58146E-06	.44043E-06	.75746E+00
   1850.	    250.	.60438E-06	.45390E-06	.75102E+00
   1850.	    300.	.63127E-06	.47068E-06	.74561E+00
   1850.	    350.	.66154E-06	.49028E-06	.74113E+00
   1850.	    400.	.69455E-06	.51223E-06	.73751E+00
   1850.	    450.	.72967E-06	.53604E-06	.73463E+00
   1850.	    500.	.76627E-06	.56122E-06	.73241E+00
   1850.	    550.	.80375E-06	.58732E-06	.73072E+00
   1850.	    600.	.84154E-06	.61388E-06	.72947E+00
   1850.	    650.	.87913E-06	.64050E-06	.72856E+00
   1850.	    700.	.91606E-06	.66681E-06	.72792E+00
   1850.	    750.	.95191E-06	.69249E-06	.72747E+00
   1850.	    800.	.98636E-06	.71725E-06	.72717E+00
   1850.	    850.	.10191E-05	.74087E-06	.72696E+00
   1850.	    900.	.10500E-05	.76314E-06	.72679E+00
   1850.	    950.	.10788E-05	.78391E-06	.72664E+00
   1850.	   1000.	.11054E-05	.80309E-06	.72648E+00
   1850.	   1050.	.11298E-05	.82058E-06	.72630E+00
   1850.	   1100.	.11519E-05	.83635E-06	.72609E+00
   1850.	   1150.	.11716E-05	.85038E-06	.72583E+00
   1850.	   1200.	.11890E-05	.86269E-06	.72554E+00
   1850.	   1250.	.12042E-05	.87330E-06	.72519E+00
   1850.	   1300.	.12172E-05	.88227E-06	.72482E+00
   1850.	   1350.	.12281E-05	.88966E-06	.72441E+00
   1850.	   1400.	.12370E-05	.89557E-06	.72400E+00
   1850.	   1450.	.12439E-05	.90008E-06	.72360E+00
   1850.	   1500.	.12490E-05	.90332E-06	.72324E+00
   1850.	   1550.	.12524E-05	.90542E-06	.72297E+00
   1850.	   1600.	.12541E-05	.90653E-06	.72284E+00
   1850.	   1650.	.12544E-05	.90685E-06	.72296E+00
   1850.	   1700.	.12532E-05	.90668E-06	.72349E+00
   1850.	   1750.	.12507E-05	.90648E-06	.72476E+00
   1850.	   1800.	.12471E-05	.90744E-06	.72766E+00
   1851.	   1850.	.12297E-05	.90681E-06	.73744E+00
   1850.	   1900.	.12365E-05	.91862E-06	.74290E+00
   1850.	   1950.	.12298E-05	.90297E-06	.73421E+00
   1850.	   2000.	.12223E-05	.89077E-06	.72875E+00
   1900.	    200.	.33451E-06	.24338E-06	.72756E+00
   1900.	    250.	.34768E-06	.25073E-06	.72117E+00
   1900.	    300.	.36316E-06	.25992E-06	.71572E+00
   1900.	    350.	.38064E-06	.27069E-06	.71113E+00
   1900.	    400.	.39978E-06	.28278E-06	.70734E+00
   1900.	    450.	.42022E-06	.29595E-06	.70427E+00
   1900.	    500.	.44160E-06	.30993E-06	.70183E+00
   1900.	    550.	.46360E-06	.32449E-06	.69993E+00
   1900.	    600.	.48588E-06	.33938E-06	.69848E+00
   1900.	    650.	.50816E-06	.35438E-06	.69738E+00
   1900.	    700.	.53016E-06	.36929E-06	.69655E+00
   1900.	    750.	.55166E-06	.38393E-06	.69595E+00
   1900.	    800.	.57244E-06	.39813E-06	.69550E+00
   1900.	    850.	.59235E-06	.41177E-06	.69516E+00
   1900.	    900.	.61123E-06	.42473E-06	.69489E+00
   1900.	    950.	.62898E-06	.43692E-06	.69466E+00
   1900.	   1000.	.64551E-06	.44827E-06	.69445E+00
   1900.	   1050.	.66077E-06	.45873E-06	.69423E+00
   1900.	   1100.	.67473E-06	.46826E-06	.69400E+00
   1900.	   1150.	.68736E-06	.47685E-06	.69374E+00
   1900.	   1200.	.69867E-06	.48449E-06	.69344E+00
   1900.	   1250.	.70867E-06	.49119E-06	.69311E+00
   1900.	   1300.	.71739E-06	.49697E-06	.69276E+00
   1900.	   1350.	.72486E-06	.50187E-06	.69237E+00
   1900.	   1400.	.73113E-06	.50592E-06	.69197E+00
   1900.	   1450.	.73625E-06	.50916E-06	.69156E+00
   1900.	   1500.	.74026E-06	.51165E-06	.69118E+00
   1900.	   1550.	.74324E-06	.51346E-06	.69084E+00
   1900.	   1600.	.74523E-06	.51465E-06	.69059E+00
   1900.	   1650.	.74629E-06	.51530E-06	.69049E+00
   1900.	   1700.	.74649E-06	.51554E-06	.69061E+00
   1900.	   1750.	.74589E-06	.51551E-06	.69113E+00
   1900.	   1800.	.74454E-06	.51548E-06	.69235E+00
   1900.	   1850.	.74250E-06	.51611E-06	.69510E+00
   1900.	   1900.	.73220E-06	.51576E-06	.70440E+00
   1900.	   1950.	.73656E-06	.52259E-06	.70950E+00
   1900.	   2000.	.73277E-06	.51375E-06	.70111E+00
   1950.	    200.	.19098E-06	.13342E-06	.69864E+00
   1950.	    250.	.19849E-06	.13741E-06	.69227E+00
   1950.	    300.	.20734E-06	.14239E-06	.68674E+00
   1950.	    350.	.21736E-06	.14824E-06	.68201E+00
   1950.	    400.	.22837E-06	.15484E-06	.67803E+00
   1950.	    450.	.24017E-06	.16205E-06	.67474E+00
   1950.	    500.	.25256E-06	.16973E-06	.67206E+00
   1950.	    550.	.26536E-06	.17777E-06	.66991E+00
   1950.	    600.	.27839E-06	.18602E-06	.66820E+00
   1950.	    650.	.29148E-06	.19437E-06	.66685E+00
   1950.	    700.	.30447E-06	.20272E-06	.66581E+00
   1950.	    750.	.31723E-06	.21096E-06	.66500E+00
   1950.	    800.	.32963E-06	.21900E-06	.66437E+00
   1950.	    850.	.34158E-06	.22677E-06	.66387E+00
   1950.	    900.	.35299E-06	.23420E-06	.66346E+00
   1950.	    950.	.36379E-06	.24124E-06	.66312E+00
   1950.	   1000.	.37392E-06	.24784E-06	.66281E+00
   1950.	   1050.	.38335E-06	.25398E-06	.66252E+00
   1950.	   1100.	.39204E-06	.25962E-06	.66223E+00
   1950.	   1150.	.39999E-06	.26477E-06	.66193E+00
   1950.	   1200.	.40718E-06	.26940E-06	.66161E+00
   1950.	   1250.	.41362E-06	.27352E-06	.66127E+00
   1950.	   1300.	.41932E-06	.27714E-06	.66091E+00
   1950.	   1350.	.42430E-06	.28026E-06	.66053E+00
   1950.	   1400.	.42857E-06	.28291E-06	.66013E+00
   1950.	   1450.	.43216E-06	.28510E-06	.65972E+00
   1950.	   1500.	.43509E-06	.28687E-06	.65932E+00
   1950.	   1550.	.43741E-06	.28823E-06	.65895E+00
   1950.	   1600.	.43913E-06	.28922E-06	.65862E+00
   1950.	   1650.	.44030E-06	.28989E-06	.65838E+00
   1950.	   1700.	.44094E-06	.29027E-06	.65829E+00
   1950.	   1750.	.44110E-06	.29042E-06	.65841E+00
   1950.	   1800.	.44079E-06	.29044E-06	.65891E+00
   1950.	   1850.	.44005E-06	.29046E-06	.66006E+00
   1950.	   1900.	.43892E-06	.29086E-06	.66267E+00
   1951.	   1950.	.43286E-06	.29067E-06	.67151E+00
   1950.	   2000.	.43560E-06	.29459E-06	.67629E+00
   2000.	    200.	.10815E-06	.72478E-07	.67019E+00
   2000.	    250.	.11240E-06	.74623E-07	.66391E+00
   2000.	    300.	.11742E-06	.77310E-07	.65839E+00
   2000.	    350.	.12312E-06	.80473E-07	.65359E+00
   2000.	    400.	.12940E-06	.84047E-07	.64949E+00
   2000.	    450.	.13616E-06	.87963E-07	.64603E+00
   2000.	    500.	.14328E-06	.92153E-07	.64316E+00
   2000.	    550.	.15066E-06	.96546E-07	.64080E+00
   2000.	    600.	.15821E-06	.10108E-06	.63889E+00
   2000.	    650.	.16582E-06	.10569E-06	.63734E+00
   2000.	    700.	.17342E-06	.11031E-06	.63610E+00
   2000.	    750.	.18091E-06	.11490E-06	.63511E+00
   2000.	    800.	.18823E-06	.11940E-06	.63431E+00
   2000.	    850.	.19532E-06	.12377E-06	.63367E+00
   2000.	    900.	.20213E-06	.12798E-06	.63313E+00
   2000.	    950.	.20862E-06	.13199E-06	.63268E+00
   2000.	   1000.	.21475E-06	.13578E-06	.63229E+00
   2000.	   1050.	.22049E-06	.13933E-06	.63192E+00
   2000.	   1100.	.22582E-06	.14262E-06	.63158E+00
   2000.	   1150.	.23074E-06	.14565E-06	.63123E+00
   2000.	   1200.	.23523E-06	.14841E-06	.63089E+00
   2000.	   1250.	.23930E-06	.15089E-06	.63053E+00
   2000.	   1300.	.24295E-06	.15309E-06	.63016E+00
   2000.	   1350.	.24617E-06	.15503E-06	.62977E+00
   2000.	   1400.	.24899E-06	.15671E-06	.62936E+00
   2000.	   1450.	.25142E-06	.15813E-06	.62895E+00
   2000.	   1500.	.25346E-06	.15931E-06	.62854E+00
   2000.	   1550.	.25513E-06	.16026E-06	.62814E+00
   2000.	   1600.	.25646E-06	.16100E-06	.62777E+00
   2000.	   1650.	.25745E-06	.16154E-06	.62745E+00
   2000.	   1700.	.25813E-06	.16191E-06	.62722E+00
   2000.	   1750.	.25852E-06	.16212E-06	.62712E+00
   2000.	   1800.	.25863E-06	.16222E-06	.62724E+00
   2000.	   1850.	.25847E-06	.16224E-06	.62770E+00
   2000.	   1900.	.25808E-06	.16228E-06	.62879E+00
   2000.	   1950.	.25746E-06	.16252E-06	.63124E+00
   2000.	   2000.	.25391E-06	.16241E-06	.63964E+00
