    200.	    200.	.88120E+03	.10278E+04	.11663E+01
    200.	    250.	.46391E+03	.52274E+03	.11268E+01
    200.	    300.	.25823E+03	.29473E+03	.11414E+01
    200.	    350.	.15129E+03	.17338E+03	.11460E+01
    200.	    400.	.92315E+02	.11006E+03	.11922E+01
    200.	    450.	.58232E+02	.71020E+02	.12196E+01
    200.	    500.	.37758E+02	.46613E+02	.12345E+01
    200.	    550.	.25058E+02	.31215E+02	.12457E+01
    200.	    600.	.16962E+02	.21277E+02	.12544E+01
    200.	    650.	.11680E+02	.14738E+02	.12619E+01
    200.	    700.	.81627E+01	.10363E+02	.12695E+01
    200.	    750.	.57795E+01	.73706E+01	.12753E+01
    200.	    800.	.41394E+01	.53020E+01	.12809E+01
    200.	    850.	.29949E+01	.38530E+01	.12865E+01
    200.	    900.	.21866E+01	.28398E+01	.12987E+01
    200.	    950.	.16094E+01	.20956E+01	.13020E+01
    200.	   1000.	.11933E+01	.15616E+01	.13087E+01
    200.	   1050.	.89052E+00	.11698E+01	.13136E+01
    200.	   1100.	.66852E+00	.88099E+00	.13178E+01
    200.	   1150.	.50455E+00	.66740E+00	.13228E+01
    200.	   1200.	.38264E+00	.50725E+00	.13256E+01
    200.	   1250.	.29146E+00	.38761E+00	.13299E+01
    200.	   1300.	.22289E+00	.29756E+00	.13350E+01
    200.	   1350.	.17107E+00	.22902E+00	.13387E+01
    200.	   1400.	.13173E+00	.17700E+00	.13436E+01
    200.	   1450.	.10174E+00	.13721E+00	.13486E+01
    200.	   1500.	.78790E-01	.10663E+00	.13534E+01
    200.	   1550.	.61166E-01	.83077E-01	.13582E+01
    200.	   1600.	.47589E-01	.64855E-01	.13628E+01
    200.	   1650.	.37100E-01	.50724E-01	.13672E+01
    200.	   1700.	.28974E-01	.39740E-01	.13716E+01
    200.	   1750.	.22664E-01	.31183E-01	.13759E+01
    200.	   1800.	.17754E-01	.24507E-01	.13804E+01
    200.	   1850.	.13925E-01	.19287E-01	.13851E+01
    200.	   1900.	.10933E-01	.15194E-01	.13897E+01
    200.	   1950.	.85931E-02	.11982E-01	.13944E+01
    200.	   2000.	.67593E-02	.94550E-02	.13988E+01
    250.	    200.	.53470E+03	.66602E+03	.12456E+01
    251.	    250.	.28698E+03	.33851E+03	.11795E+01
    250.	    300.	.16620E+03	.18953E+03	.11404E+01
    250.	    350.	.99783E+02	.11440E+03	.11465E+01
    250.	    400.	.62119E+02	.71327E+02	.11482E+01
    250.	    450.	.39840E+02	.47358E+02	.11887E+01
    250.	    500.	.26196E+02	.31886E+02	.12172E+01
    250.	    550.	.17593E+02	.21703E+02	.12337E+01
    250.	    600.	.12031E+02	.14979E+02	.12451E+01
    250.	    650.	.83573E+01	.10483E+02	.12543E+01
    250.	    700.	.58858E+01	.74294E+01	.12623E+01
    250.	    750.	.41955E+01	.53253E+01	.12693E+01
    250.	    800.	.30227E+01	.38573E+01	.12761E+01
    250.	    850.	.21985E+01	.28183E+01	.12819E+01
    250.	    900.	.16126E+01	.20746E+01	.12865E+01
    250.	    950.	.11918E+01	.15474E+01	.12983E+01
    250.	   1000.	.88690E+00	.11551E+01	.13024E+01
    250.	   1050.	.66407E+00	.86879E+00	.13083E+01
    250.	   1100.	.49999E+00	.65645E+00	.13129E+01
    250.	   1150.	.37835E+00	.49858E+00	.13178E+01
    250.	   1200.	.28760E+00	.38024E+00	.13221E+01
    250.	   1250.	.21953E+00	.29125E+00	.13267E+01
    250.	   1300.	.16820E+00	.22351E+00	.13289E+01
    250.	   1350.	.12931E+00	.17244E+00	.13336E+01
    250.	   1400.	.99719E-01	.13337E+00	.13375E+01
    250.	   1450.	.77117E-01	.10349E+00	.13420E+01
    250.	   1500.	.59789E-01	.80508E-01	.13465E+01
    250.	   1550.	.46461E-01	.62765E-01	.13509E+01
    250.	   1600.	.36179E-01	.49041E-01	.13555E+01
    250.	   1650.	.28225E-01	.38383E-01	.13599E+01
    250.	   1700.	.22057E-01	.30088E-01	.13641E+01
    250.	   1750.	.17262E-01	.23618E-01	.13682E+01
    250.	   1800.	.13527E-01	.18561E-01	.13722E+01
    250.	   1850.	.10613E-01	.14606E-01	.13763E+01
    250.	   1900.	.83345E-02	.11508E-01	.13807E+01
    250.	   1950.	.65512E-02	.90734E-02	.13850E+01
    250.	   2000.	.51532E-02	.71587E-02	.13892E+01
    300.	    200.	.33445E+03	.43535E+03	.13017E+01
    300.	    250.	.18716E+03	.23340E+03	.12471E+01
    300.	    300.	.10939E+03	.13019E+03	.11901E+01
    300.	    350.	.67629E+02	.77956E+02	.11527E+01
    300.	    400.	.42852E+02	.49447E+02	.11539E+01
    300.	    450.	.27894E+02	.32167E+02	.11532E+01
    300.	    500.	.18573E+02	.22108E+02	.11903E+01
    300.	    550.	.12609E+02	.15356E+02	.12179E+01
    300.	    600.	.87030E+01	.10734E+02	.12334E+01
    300.	    650.	.60949E+01	.75923E+01	.12457E+01
    300.	    700.	.43230E+01	.54280E+01	.12556E+01
    300.	    750.	.31007E+01	.39181E+01	.12636E+01
    300.	    800.	.22462E+01	.28530E+01	.12701E+01
    300.	    850.	.16417E+01	.20967E+01	.12772E+01
    300.	    900.	.12094E+01	.15519E+01	.12832E+01
    300.	    950.	.89728E+00	.11567E+01	.12891E+01
    300.	   1000.	.67002E+00	.86930E+00	.12974E+01
    300.	   1050.	.50321E+00	.65615E+00	.13039E+01
    300.	   1100.	.37992E+00	.49695E+00	.13080E+01
    300.	   1150.	.28819E+00	.37833E+00	.13128E+01
    300.	   1200.	.21955E+00	.28936E+00	.13180E+01
    300.	   1250.	.16791E+00	.22215E+00	.13230E+01
    300.	   1300.	.12887E+00	.17108E+00	.13275E+01
    300.	   1350.	.99227E-01	.13196E+00	.13299E+01
    300.	   1400.	.76625E-01	.10220E+00	.13338E+01
    300.	   1450.	.59328E-01	.79399E-01	.13383E+01
    300.	   1500.	.46045E-01	.61810E-01	.13424E+01
    300.	   1550.	.35813E-01	.48228E-01	.13467E+01
    300.	   1600.	.27909E-01	.37704E-01	.13509E+01
    300.	   1650.	.21787E-01	.29522E-01	.13550E+01
    300.	   1700.	.17034E-01	.23154E-01	.13592E+01
    300.	   1750.	.13337E-01	.18181E-01	.13632E+01
    300.	   1800.	.10455E-01	.14296E-01	.13675E+01
    300.	   1850.	.82039E-02	.11247E-01	.13709E+01
    300.	   1900.	.64438E-02	.88582E-02	.13747E+01
    300.	   1950.	.50652E-02	.69836E-02	.13787E+01
    300.	   2000.	.39841E-02	.55088E-02	.13827E+01
    350.	    200.	.21615E+03	.29071E+03	.13450E+01
    350.	    250.	.12437E+03	.16125E+03	.12965E+01
    350.	    300.	.74945E+02	.93622E+02	.12492E+01
    351.	    350.	.46500E+02	.55753E+02	.11990E+01
    350.	    400.	.30144E+02	.35084E+02	.11639E+01
    350.	    450.	.19884E+02	.23106E+02	.11621E+01
    350.	    500.	.13391E+02	.15520E+02	.11590E+01
    350.	    550.	.91795E+01	.10961E+02	.11940E+01
    350.	    600.	.63902E+01	.77895E+01	.12190E+01
    350.	    650.	.45087E+01	.55651E+01	.12343E+01
    350.	    700.	.32189E+01	.40104E+01	.12459E+01
    350.	    750.	.23221E+01	.29170E+01	.12562E+01
    350.	    800.	.16908E+01	.21390E+01	.12651E+01
    350.	    850.	.12413E+01	.15791E+01	.12721E+01
    350.	    900.	.91815E+00	.11746E+01	.12793E+01
    350.	    950.	.68366E+00	.87912E+00	.12859E+01
    350.	   1000.	.51214E+00	.66125E+00	.12912E+01
    350.	   1050.	.38574E+00	.50047E+00	.12974E+01
    350.	   1100.	.29197E+00	.38096E+00	.13048E+01
    350.	   1150.	.22198E+00	.29061E+00	.13092E+01
    350.	   1200.	.16945E+00	.22261E+00	.13137E+01
    350.	   1250.	.12983E+00	.17110E+00	.13179E+01
    350.	   1300.	.99807E-01	.13223E+00	.13248E+01
    350.	   1350.	.76958E-01	.10226E+00	.13288E+01
    350.	   1400.	.59503E-01	.79256E-01	.13320E+01
    350.	   1450.	.46121E-01	.61605E-01	.13357E+01
    350.	   1500.	.35829E-01	.48017E-01	.13402E+01
    350.	   1550.	.27890E-01	.37486E-01	.13441E+01
    350.	   1600.	.21749E-01	.29322E-01	.13482E+01
    350.	   1650.	.16988E-01	.22972E-01	.13523E+01
    350.	   1700.	.13288E-01	.18019E-01	.13561E+01
    350.	   1750.	.10407E-01	.14154E-01	.13601E+01
    350.	   1800.	.81600E-02	.11129E-01	.13638E+01
    350.	   1850.	.64043E-02	.87592E-02	.13677E+01
    350.	   1900.	.50305E-02	.68971E-02	.13711E+01
    350.	   1950.	.39542E-02	.54355E-02	.13746E+01
    350.	   2000.	.31099E-02	.42868E-02	.13785E+01
    400.	    200.	.14349E+03	.19782E+03	.13786E+01
    400.	    250.	.84552E+02	.11297E+03	.13361E+01
    400.	    300.	.51964E+02	.67218E+02	.12935E+01
    400.	    350.	.33012E+02	.41332E+02	.12520E+01
    400.	    400.	.21405E+02	.25834E+02	.12069E+01
    400.	    450.	.14383E+02	.16883E+02	.11738E+01
    400.	    500.	.97861E+01	.11453E+02	.11704E+01
    400.	    550.	.67685E+01	.78933E+01	.11662E+01
    400.	    600.	.47486E+01	.56898E+01	.11982E+01
    400.	    650.	.33733E+01	.41174E+01	.12206E+01
    400.	    700.	.24228E+01	.29935E+01	.12356E+01
    400.	    750.	.17571E+01	.21911E+01	.12470E+01
    400.	    800.	.12855E+01	.16173E+01	.12581E+01
    400.	    850.	.94777E+00	.12005E+01	.12667E+01
    400.	    900.	.70365E+00	.89688E+00	.12746E+01
    400.	    950.	.52570E+00	.67375E+00	.12816E+01
    400.	   1000.	.39498E+00	.50888E+00	.12884E+01
    400.	   1050.	.29829E+00	.38604E+00	.12942E+01
    400.	   1100.	.22631E+00	.29449E+00	.13012E+01
    400.	   1150.	.17243E+00	.22513E+00	.13056E+01
    400.	   1200.	.13188E+00	.17281E+00	.13104E+01
    400.	   1250.	.10121E+00	.13309E+00	.13150E+01
    400.	   1300.	.77921E-01	.10279E+00	.13192E+01
    400.	   1350.	.60161E-01	.79849E-01	.13273E+01
    400.	   1400.	.46569E-01	.61998E-01	.13313E+01
    400.	   1450.	.36132E-01	.48222E-01	.13346E+01
    400.	   1500.	.28092E-01	.37599E-01	.13384E+01
    400.	   1550.	.21883E-01	.29385E-01	.13428E+01
    400.	   1600.	.17075E-01	.22992E-01	.13465E+01
    400.	   1650.	.13343E-01	.18021E-01	.13506E+01
    400.	   1700.	.10441E-01	.14141E-01	.13544E+01
    400.	   1750.	.81798E-02	.11108E-01	.13580E+01
    400.	   1800.	.64148E-02	.87347E-02	.13616E+01
    400.	   1850.	.50350E-02	.68743E-02	.13653E+01
    400.	   1900.	.39549E-02	.54136E-02	.13688E+01
    400.	   1950.	.31084E-02	.42649E-02	.13720E+01
    400.	   2000.	.24443E-02	.33623E-02	.13756E+01
    450.	    200.	.97418E+02	.13686E+03	.14049E+01
    450.	    250.	.58602E+02	.80177E+02	.13682E+01
    450.	    300.	.36642E+02	.48736E+02	.13301E+01
    450.	    350.	.23620E+02	.30522E+02	.12922E+01
    450.	    400.	.15610E+02	.19597E+02	.12554E+01
    451.	    450.	.10468E+02	.12708E+02	.12140E+01
    450.	    500.	.72333E+01	.85622E+01	.11837E+01
    450.	    550.	.50437E+01	.59480E+01	.11793E+01
    450.	    600.	.35638E+01	.41812E+01	.11732E+01
    450.	    650.	.25476E+01	.30646E+01	.12029E+01
    450.	    700.	.18399E+01	.22505E+01	.12232E+01
    450.	    750.	.13409E+01	.16598E+01	.12378E+01
    450.	    800.	.98528E+00	.12302E+01	.12485E+01
    450.	    850.	.72926E+00	.91910E+00	.12603E+01
    450.	    900.	.54333E+00	.68929E+00	.12686E+01
    450.	    950.	.40719E+00	.52007E+00	.12772E+01
    450.	   1000.	.30680E+00	.39405E+00	.12844E+01
    450.	   1050.	.23227E+00	.29991E+00	.12912E+01
    450.	   1100.	.17661E+00	.22908E+00	.12971E+01
    450.	   1150.	.13483E+00	.17580E+00	.13039E+01
    450.	   1200.	.10330E+00	.13514E+00	.13083E+01
    450.	   1250.	.79402E-01	.10420E+00	.13123E+01
    450.	   1300.	.61214E-01	.80620E-01	.13170E+01
    450.	   1350.	.47319E-01	.62518E-01	.13212E+01
    450.	   1400.	.36666E-01	.48772E-01	.13302E+01
    450.	   1450.	.28474E-01	.37991E-01	.13342E+01
    450.	   1500.	.22155E-01	.29635E-01	.13376E+01
    450.	   1550.	.17269E-01	.23164E-01	.13414E+01
    450.	   1600.	.13482E-01	.18143E-01	.13458E+01
    450.	   1650.	.10540E-01	.14221E-01	.13493E+01
    450.	   1700.	.82498E-02	.11165E-01	.13534E+01
    450.	   1750.	.64644E-02	.87712E-02	.13568E+01
    450.	   1800.	.50700E-02	.68965E-02	.13603E+01
    450.	   1850.	.39796E-02	.54272E-02	.13638E+01
    450.	   1900.	.31257E-02	.42748E-02	.13677E+01
    450.	   1950.	.24563E-02	.33663E-02	.13705E+01
    450.	   2000.	.19310E-02	.26527E-02	.13737E+01
    500.	    200.	.67417E+02	.96151E+02	.14262E+01
    500.	    250.	.41291E+02	.57576E+02	.13944E+01
    500.	    300.	.26214E+02	.35674E+02	.13609E+01
    500.	    350.	.17119E+02	.22704E+02	.13263E+01
    500.	    400.	.11440E+02	.14784E+02	.12923E+01
    500.	    450.	.77942E+01	.98151E+01	.12593E+01
    500.	    500.	.53672E+01	.65540E+01	.12211E+01
    500.	    550.	.37922E+01	.45246E+01	.11931E+01
    500.	    600.	.26971E+01	.32039E+01	.11879E+01
    500.	    650.	.19391E+01	.22896E+01	.11808E+01
    500.	    700.	.14076E+01	.17012E+01	.12086E+01
    500.	    750.	.10306E+01	.12645E+01	.12269E+01
    500.	    800.	.76033E+00	.94317E+00	.12405E+01
    500.	    850.	.56480E+00	.70773E+00	.12531E+01
    500.	    900.	.42215E+00	.53313E+00	.12629E+01
    500.	    950.	.31729E+00	.40328E+00	.12710E+01
    500.	   1000.	.23967E+00	.30669E+00	.12796E+01
    500.	   1050.	.18187E+00	.23412E+00	.12873E+01
    500.	   1100.	.13857E+00	.17930E+00	.12939E+01
    500.	   1150.	.10599E+00	.13779E+00	.13000E+01
    500.	   1200.	.81334E-01	.10629E+00	.13068E+01
    500.	   1250.	.62608E-01	.82103E-01	.13114E+01
    500.	   1300.	.48327E-01	.63551E-01	.13150E+01
    500.	   1350.	.37398E-01	.49344E-01	.13194E+01
    500.	   1400.	.29006E-01	.38396E-01	.13237E+01
    500.	   1450.	.22543E-01	.30058E-01	.13333E+01
    500.	   1500.	.17552E-01	.23475E-01	.13374E+01
    500.	   1550.	.13689E-01	.18354E-01	.13408E+01
    500.	   1600.	.10691E-01	.14376E-01	.13446E+01
    500.	   1650.	.83610E-02	.11277E-01	.13487E+01
    500.	   1700.	.65460E-02	.88526E-02	.13524E+01
    500.	   1750.	.51300E-02	.69574E-02	.13562E+01
    500.	   1800.	.40236E-02	.54701E-02	.13595E+01
    500.	   1850.	.31580E-02	.43041E-02	.13629E+01
    500.	   1900.	.24801E-02	.33884E-02	.13662E+01
    500.	   1950.	.19485E-02	.26688E-02	.13697E+01
    500.	   2000.	.15313E-02	.21019E-02	.13726E+01
    550.	    200.	.47430E+02	.68475E+02	.14437E+01
    550.	    250.	.29513E+02	.41786E+02	.14159E+01
    550.	    300.	.18991E+02	.26334E+02	.13866E+01
    550.	    350.	.12546E+02	.17011E+02	.13558E+01
    550.	    400.	.84692E+01	.11217E+02	.13244E+01
    550.	    450.	.58209E+01	.75295E+01	.12935E+01
    550.	    500.	.40627E+01	.51337E+01	.12636E+01
    551.	    550.	.28577E+01	.35103E+01	.12284E+01
    550.	    600.	.20558E+01	.24706E+01	.12018E+01
    550.	    650.	.14860E+01	.17777E+01	.11963E+01
    550.	    700.	.10838E+01	.12881E+01	.11885E+01
    550.	    750.	.79685E+00	.96774E+00	.12144E+01
    550.	    800.	.59010E+00	.72660E+00	.12313E+01
    550.	    850.	.43982E+00	.54715E+00	.12440E+01
    550.	    900.	.32972E+00	.41418E+00	.12562E+01
    550.	    950.	.24848E+00	.31443E+00	.12654E+01
    550.	   1000.	.18814E+00	.23965E+00	.12738E+01
    550.	   1050.	.14307E+00	.18345E+00	.12822E+01
    550.	   1100.	.10922E+00	.14093E+00	.12903E+01
    550.	   1150.	.83675E-01	.10851E+00	.12968E+01
    550.	   1200.	.64308E-01	.83791E-01	.13030E+01
    550.	   1250.	.49567E-01	.64920E-01	.13097E+01
    550.	   1300.	.38305E-01	.50347E-01	.13144E+01
    550.	   1350.	.29672E-01	.39127E-01	.13187E+01
    550.	   1400.	.23033E-01	.30467E-01	.13227E+01
    550.	   1450.	.17914E-01	.23771E-01	.13270E+01
    550.	   1500.	.13956E-01	.18654E-01	.13366E+01
    550.	   1550.	.10889E-01	.14598E-01	.13406E+01
    550.	   1600.	.85078E-02	.11435E-01	.13440E+01
    550.	   1650.	.66552E-02	.89722E-02	.13482E+01
    550.	   1700.	.52113E-02	.70450E-02	.13519E+01
    550.	   1750.	.40842E-02	.55368E-02	.13556E+01
    550.	   1800.	.32033E-02	.43541E-02	.13593E+01
    550.	   1850.	.25139E-02	.34248E-02	.13624E+01
    550.	   1900.	.19738E-02	.26953E-02	.13656E+01
    550.	   1950.	.15503E-02	.21227E-02	.13692E+01
    550.	   2000.	.12179E-02	.16711E-02	.13721E+01
    600.	    200.	.33850E+02	.49357E+02	.14581E+01
    600.	    250.	.21359E+02	.30631E+02	.14341E+01
    600.	    300.	.13910E+02	.19587E+02	.14081E+01
    600.	    350.	.92862E+01	.12823E+02	.13809E+01
    600.	    400.	.63256E+01	.85562E+01	.13526E+01
    600.	    450.	.43824E+01	.58016E+01	.13239E+01
    600.	    500.	.30801E+01	.39906E+01	.12956E+01
    600.	    550.	.21920E+01	.27801E+01	.12683E+01
    600.	    600.	.15687E+01	.19385E+01	.12357E+01
    600.	    650.	.11454E+01	.13872E+01	.12110E+01
    600.	    700.	.83908E+00	.10110E+01	.12049E+01
    600.	    750.	.61933E+00	.74096E+00	.11964E+01
    600.	    800.	.46024E+00	.56185E+00	.12208E+01
    600.	    850.	.34409E+00	.42535E+00	.12361E+01
    600.	    900.	.25867E+00	.32288E+00	.12482E+01
    600.	    950.	.19542E+00	.24608E+00	.12593E+01
    600.	   1000.	.14830E+00	.18810E+00	.12684E+01
    600.	   1050.	.11299E+00	.14431E+00	.12772E+01
    600.	   1100.	.86411E-01	.11108E+00	.12855E+01
    600.	   1150.	.66302E-01	.85776E-01	.12937E+01
    600.	   1200.	.51026E-01	.66337E-01	.13001E+01
    600.	   1250.	.39376E-01	.51409E-01	.13056E+01
    600.	   1300.	.30461E-01	.39979E-01	.13125E+01
    600.	   1350.	.23616E-01	.31115E-01	.13175E+01
    600.	   1400.	.18346E-01	.24273E-01	.13231E+01
    600.	   1450.	.14277E-01	.18944E-01	.13268E+01
    600.	   1500.	.11129E-01	.14809E-01	.13307E+01
    600.	   1550.	.86865E-02	.11639E-01	.13399E+01
    600.	   1600.	.67889E-02	.91229E-02	.13438E+01
    600.	   1650.	.53115E-02	.71567E-02	.13474E+01
    600.	   1700.	.41595E-02	.56227E-02	.13518E+01
    600.	   1750.	.32599E-02	.44181E-02	.13553E+01
    600.	   1800.	.25565E-02	.34744E-02	.13591E+01
    600.	   1850.	.20059E-02	.27326E-02	.13623E+01
    600.	   1900.	.15745E-02	.21498E-02	.13654E+01
    600.	   1950.	.12363E-02	.16918E-02	.13685E+01
    600.	   2000.	.97081E-03	.13318E-02	.13718E+01
    650.	    200.	.24464E+02	.35959E+02	.14699E+01
    650.	    250.	.15629E+02	.22654E+02	.14495E+01
    650.	    300.	.10289E+02	.14678E+02	.14266E+01
    650.	    350.	.69333E+01	.97229E+01	.14023E+01
    650.	    400.	.47619E+01	.65571E+01	.13770E+01
    650.	    450.	.33229E+01	.44890E+01	.13509E+01
    650.	    500.	.23505E+01	.31135E+01	.13246E+01
    650.	    550.	.16822E+01	.21842E+01	.12984E+01
    650.	    600.	.12164E+01	.15489E+01	.12734E+01
    651.	    650.	.88304E+00	.10977E+01	.12431E+01
    650.	    700.	.65276E+00	.79635E+00	.12200E+01
    650.	    750.	.48354E+00	.58680E+00	.12135E+01
    650.	    800.	.36048E+00	.43426E+00	.12047E+01
    650.	    850.	.27028E+00	.33173E+00	.12273E+01
    650.	    900.	.20371E+00	.25294E+00	.12417E+01
    650.	    950.	.15425E+00	.19326E+00	.12529E+01
    650.	   1000.	.11729E+00	.14822E+00	.12636E+01
    650.	   1050.	.89534E-01	.11392E+00	.12724E+01
    650.	   1100.	.68581E-01	.87857E-01	.12811E+01
    650.	   1150.	.52696E-01	.67932E-01	.12891E+01
    650.	   1200.	.40605E-01	.52684E-01	.12975E+01
    650.	   1250.	.31369E-01	.40892E-01	.13036E+01
    650.	   1300.	.24289E-01	.31795E-01	.13090E+01
    650.	   1350.	.18846E-01	.24797E-01	.13158E+01
    650.	   1400.	.14650E-01	.19350E-01	.13208E+01
    650.	   1450.	.11407E-01	.15140E-01	.13272E+01
    650.	   1500.	.88951E-02	.11833E-01	.13303E+01
    650.	   1550.	.69453E-02	.92761E-02	.13356E+01
    650.	   1600.	.54292E-02	.72889E-02	.13425E+01
    650.	   1650.	.42481E-02	.57208E-02	.13467E+01
    650.	   1700.	.33267E-02	.44942E-02	.13509E+01
    650.	   1750.	.26070E-02	.35332E-02	.13553E+01
    650.	   1800.	.20442E-02	.27775E-02	.13588E+01
    650.	   1850.	.16035E-02	.21848E-02	.13625E+01
    650.	   1900.	.12583E-02	.17182E-02	.13655E+01
    650.	   1950.	.98752E-03	.13513E-02	.13684E+01
    650.	   2000.	.77509E-03	.10630E-02	.13715E+01
    700.	    200.	.17878E+02	.26473E+02	.14808E+01
    700.	    250.	.11549E+02	.16892E+02	.14627E+01
    700.	    300.	.76765E+01	.11075E+02	.14427E+01
    700.	    350.	.52169E+01	.74143E+01	.14212E+01
    700.	    400.	.36099E+01	.50486E+01	.13986E+01
    700.	    450.	.25357E+01	.34861E+01	.13748E+01
    700.	    500.	.18041E+01	.24362E+01	.13503E+01
    700.	    550.	.12980E+01	.17212E+01	.13261E+01
    700.	    600.	.94289E+00	.12276E+01	.13020E+01
    700.	    650.	.69082E+00	.88331E+00	.12786E+01
    700.	    700.	.50749E+00	.63471E+00	.12507E+01
    700.	    750.	.37903E+00	.46564E+00	.12285E+01
    700.	    800.	.28340E+00	.34628E+00	.12219E+01
    700.	    850.	.21306E+00	.25842E+00	.12129E+01
    700.	    900.	.16096E+00	.19868E+00	.12343E+01
    700.	    950.	.12214E+00	.15239E+00	.12477E+01
    700.	   1000.	.93052E-01	.11708E+00	.12582E+01
    700.	   1050.	.71148E-01	.90236E-01	.12683E+01
    700.	   1100.	.54578E-01	.69686E-01	.12768E+01
    700.	   1150.	.41991E-01	.53971E-01	.12853E+01
    700.	   1200.	.32392E-01	.41887E-01	.12931E+01
    700.	   1250.	.25048E-01	.32597E-01	.13014E+01
    700.	   1300.	.19411E-01	.25378E-01	.13074E+01
    700.	   1350.	.15071E-01	.19785E-01	.13127E+01
    700.	   1400.	.11723E-01	.15466E-01	.13193E+01
    700.	   1450.	.91318E-02	.12093E-01	.13243E+01
    700.	   1500.	.71233E-02	.94794E-02	.13308E+01
    700.	   1550.	.55633E-02	.74242E-02	.13345E+01
    700.	   1600.	.43493E-02	.58260E-02	.13395E+01
    700.	   1650.	.34033E-02	.45785E-02	.13453E+01
    700.	   1700.	.26650E-02	.35978E-02	.13500E+01
    700.	   1750.	.20882E-02	.28279E-02	.13542E+01
    700.	   1800.	.16369E-02	.22240E-02	.13586E+01
    700.	   1850.	.12836E-02	.17488E-02	.13623E+01
    700.	   1900.	.10068E-02	.13751E-02	.13658E+01
    700.	   1950.	.78982E-03	.10810E-02	.13687E+01
    700.	   2000.	.61957E-03	.84977E-03	.13715E+01
    750.	    200.	.13194E+02	.19659E+02	.14900E+01
    750.	    250.	.86086E+01	.12686E+02	.14736E+01
    750.	    300.	.57721E+01	.84078E+01	.14566E+01
    750.	    350.	.39529E+01	.56829E+01	.14377E+01
    750.	    400.	.27538E+01	.39028E+01	.14172E+01
    750.	    450.	.19461E+01	.27172E+01	.13962E+01
    750.	    500.	.13921E+01	.19125E+01	.13739E+01
    750.	    550.	.10063E+01	.13595E+01	.13510E+01
    750.	    600.	.73412E+00	.97518E+00	.13284E+01
    750.	    650.	.53992E+00	.70506E+00	.13059E+01
    750.	    700.	.39995E+00	.51357E+00	.12841E+01
    751.	    750.	.29674E+00	.37334E+00	.12581E+01
    750.	    800.	.22355E+00	.27651E+00	.12369E+01
    750.	    850.	.16847E+00	.20726E+00	.12302E+01
    750.	    900.	.12755E+00	.15577E+00	.12212E+01
    750.	    950.	.96979E-01	.12039E+00	.12414E+01
    750.	   1000.	.74012E-01	.92800E-01	.12539E+01
    750.	   1050.	.56676E-01	.71617E-01	.12636E+01
    750.	   1100.	.43535E-01	.55434E-01	.12733E+01
    750.	   1150.	.33533E-01	.42971E-01	.12814E+01
    750.	   1200.	.25894E-01	.33396E-01	.12897E+01
    750.	   1250.	.20041E-01	.25999E-01	.12973E+01
    750.	   1300.	.15542E-01	.20290E-01	.13055E+01
    750.	   1350.	.12075E-01	.15833E-01	.13112E+01
    750.	   1400.	.93961E-02	.12373E-01	.13168E+01
    750.	   1450.	.73222E-02	.96870E-02	.13230E+01
    750.	   1500.	.57133E-02	.75870E-02	.13280E+01
    750.	   1550.	.44627E-02	.59533E-02	.13340E+01
    750.	   1600.	.34891E-02	.46713E-02	.13388E+01
    750.	   1650.	.27301E-02	.36677E-02	.13434E+01
    750.	   1700.	.21376E-02	.28818E-02	.13482E+01
    750.	   1750.	.16745E-02	.22658E-02	.13531E+01
    750.	   1800.	.13123E-02	.17815E-02	.13576E+01
    750.	   1850.	.10286E-02	.14011E-02	.13620E+01
    750.	   1900.	.80645E-03	.11015E-02	.13658E+01
    750.	   1950.	.63227E-03	.86547E-03	.13688E+01
    750.	   2000.	.49568E-03	.67999E-03	.13718E+01
    800.	    200.	.98231E+01	.14716E+02	.14981E+01
    800.	    250.	.64670E+01	.95949E+01	.14837E+01
    800.	    300.	.43705E+01	.64181E+01	.14685E+01
    800.	    350.	.30139E+01	.43767E+01	.14522E+01
    800.	    400.	.21127E+01	.30295E+01	.14340E+01
    800.	    450.	.15012E+01	.21242E+01	.14150E+01
    800.	    500.	.10792E+01	.15056E+01	.13952E+01
    800.	    550.	.78351E+00	.10767E+01	.13741E+01
    800.	    600.	.57385E+00	.77615E+00	.13525E+01
    800.	    650.	.42353E+00	.56379E+00	.13312E+01
    800.	    700.	.31471E+00	.41233E+00	.13102E+01
    800.	    750.	.23528E+00	.30346E+00	.12898E+01
    800.	    800.	.17603E+00	.22276E+00	.12655E+01
    800.	    850.	.13358E+00	.16632E+00	.12451E+01
    800.	    900.	.10134E+00	.12551E+00	.12385E+01
    800.	    950.	.77187E-01	.94900E-01	.12295E+01
    800.	   1000.	.59000E-01	.73667E-01	.12486E+01
    800.	   1050.	.45244E-01	.57017E-01	.12602E+01
    800.	   1100.	.34795E-01	.44167E-01	.12693E+01
    800.	   1150.	.26830E-01	.34306E-01	.12786E+01
    800.	   1200.	.20737E-01	.26677E-01	.12864E+01
    800.	   1250.	.16061E-01	.20790E-01	.12944E+01
    800.	   1300.	.12463E-01	.16226E-01	.13019E+01
    800.	   1350.	.96880E-02	.12690E-01	.13099E+01
    800.	   1400.	.75419E-02	.99196E-02	.13153E+01
    800.	   1450.	.58790E-02	.77664E-02	.13210E+01
    800.	   1500.	.45880E-02	.60867E-02	.13267E+01
    800.	   1550.	.35840E-02	.47731E-02	.13318E+01
    800.	   1600.	.28021E-02	.37471E-02	.13373E+01
    800.	   1650.	.21922E-02	.29428E-02	.13424E+01
    800.	   1700.	.17161E-02	.23114E-02	.13469E+01
    800.	   1750.	.13439E-02	.18161E-02	.13513E+01
    800.	   1800.	.10528E-02	.14280E-02	.13564E+01
    800.	   1850.	.82490E-03	.11233E-02	.13618E+01
    800.	   1900.	.64637E-03	.88280E-03	.13658E+01
    800.	   1950.	.50646E-03	.69350E-03	.13693E+01
    800.	   2000.	.39677E-03	.54443E-03	.13721E+01
    850.	    200.	.73714E+01	.11098E+02	.15056E+01
    850.	    250.	.48924E+01	.73019E+01	.14925E+01
    850.	    300.	.33300E+01	.49254E+01	.14791E+01
    850.	    350.	.23110E+01	.33858E+01	.14651E+01
    850.	    400.	.16291E+01	.23607E+01	.14491E+01
    850.	    450.	.11635E+01	.16656E+01	.14316E+01
    850.	    500.	.84014E+00	.11877E+01	.14136E+01
    850.	    550.	.61244E+00	.85444E+00	.13951E+01
    850.	    600.	.45016E+00	.61913E+00	.13754E+01
    850.	    650.	.33331E+00	.45155E+00	.13547E+01
    850.	    700.	.24840E+00	.33150E+00	.13346E+01
    850.	    750.	.18618E+00	.24478E+00	.13147E+01
    850.	    800.	.14027E+00	.18174E+00	.12956E+01
    851.	    850.	.10569E+00	.13451E+00	.12727E+01
    850.	    900.	.80697E-01	.10112E+00	.12531E+01
    850.	    950.	.61564E-01	.76746E-01	.12466E+01
    850.	   1000.	.47126E-01	.58326E-01	.12377E+01
    850.	   1050.	.36183E-01	.45437E-01	.12557E+01
    850.	   1100.	.27858E-01	.35286E-01	.12666E+01
    850.	   1150.	.21501E-01	.27419E-01	.12752E+01
    850.	   1200.	.16631E-01	.21356E-01	.12841E+01
    850.	   1250.	.12890E-01	.16648E-01	.12916E+01
    850.	   1300.	.10008E-01	.13004E-01	.12993E+01
    850.	   1350.	.77826E-02	.10169E-01	.13066E+01
    850.	   1400.	.60605E-02	.79656E-02	.13143E+01
    850.	   1450.	.47252E-02	.62346E-02	.13194E+01
    850.	   1500.	.36879E-02	.48877E-02	.13253E+01
    850.	   1550.	.28809E-02	.38335E-02	.13307E+01
    850.	   1600.	.22521E-02	.30086E-02	.13359E+01
    850.	   1650.	.17617E-02	.23633E-02	.13415E+01
    850.	   1700.	.13787E-02	.18556E-02	.13459E+01
    850.	   1750.	.10793E-02	.14572E-02	.13502E+01
    850.	   1800.	.84513E-03	.11445E-02	.13542E+01
    850.	   1850.	.66183E-03	.89998E-03	.13598E+01
    850.	   1900.	.51828E-03	.70790E-03	.13659E+01
    850.	   1950.	.40582E-03	.55577E-03	.13695E+01
    850.	   2000.	.31769E-03	.43612E-03	.13728E+01
    900.	    200.	.55709E+01	.84237E+01	.15121E+01
    900.	    250.	.37246E+01	.55895E+01	.15007E+01
    900.	    300.	.25517E+01	.37980E+01	.14884E+01
    900.	    350.	.17811E+01	.26288E+01	.14759E+01
    900.	    400.	.12621E+01	.18457E+01	.14624E+01
    900.	    450.	.90551E+00	.13104E+01	.14471E+01
    900.	    500.	.65657E+00	.93923E+00	.14305E+01
    900.	    550.	.48040E+00	.67908E+00	.14136E+01
    900.	    600.	.35428E+00	.49454E+00	.13959E+01
    900.	    650.	.26309E+00	.36227E+00	.13770E+01
    900.	    700.	.19659E+00	.26685E+00	.13574E+01
    900.	    750.	.14770E+00	.19768E+00	.13384E+01
    900.	    800.	.11152E+00	.14716E+00	.13196E+01
    900.	    850.	.84570E-01	.11006E+00	.13015E+01
    900.	    900.	.64097E-01	.82045E-01	.12800E+01
    900.	    950.	.49193E-01	.62039E-01	.12611E+01
    900.	   1000.	.37706E-01	.47303E-01	.12545E+01
    900.	   1050.	.28983E-01	.36107E-01	.12458E+01
    900.	   1100.	.22336E-01	.28209E-01	.12629E+01
    900.	   1150.	.17254E-01	.21966E-01	.12731E+01
    900.	   1200.	.13355E-01	.17111E-01	.12812E+01
    900.	   1250.	.10357E-01	.13358E-01	.12897E+01
    900.	   1300.	.80450E-02	.10433E-01	.12968E+01
    900.	   1350.	.62582E-02	.81632E-02	.13044E+01
    900.	   1400.	.48745E-02	.63929E-02	.13115E+01
    900.	   1450.	.38009E-02	.50129E-02	.13189E+01
    900.	   1500.	.29666E-02	.39269E-02	.13237E+01
    900.	   1550.	.23172E-02	.30808E-02	.13295E+01
    900.	   1600.	.18112E-02	.24177E-02	.13349E+01
    900.	   1650.	.14164E-02	.18978E-02	.13399E+01
    900.	   1700.	.11081E-02	.14903E-02	.13449E+01
    900.	   1750.	.86710E-03	.11702E-02	.13496E+01
    900.	   1800.	.67862E-03	.91844E-03	.13534E+01
    900.	   1850.	.53112E-03	.72151E-03	.13585E+01
    900.	   1900.	.41565E-03	.56686E-03	.13638E+01
    900.	   1950.	.32522E-03	.44555E-03	.13700E+01
    900.	   2000.	.25439E-03	.34932E-03	.13732E+01
    950.	    200.	.42371E+01	.64343E+01	.15186E+01
    950.	    250.	.28518E+01	.43002E+01	.15079E+01
    950.	    300.	.19654E+01	.29424E+01	.14971E+01
    950.	    350.	.13791E+01	.20488E+01	.14855E+01
    950.	    400.	.98186E+00	.14472E+01	.14740E+01
    950.	    450.	.70744E+00	.10334E+01	.14608E+01
    950.	    500.	.51489E+00	.74451E+00	.14460E+01
    950.	    550.	.37802E+00	.54071E+00	.14304E+01
    950.	    600.	.27962E+00	.39547E+00	.14143E+01
    950.	    650.	.20822E+00	.29094E+00	.13972E+01
    950.	    700.	.15597E+00	.21513E+00	.13793E+01
    950.	    750.	.11744E+00	.15979E+00	.13606E+01
    950.	    800.	.88845E-01	.11926E+00	.13424E+01
    950.	    850.	.67491E-01	.89394E-01	.13245E+01
    950.	    900.	.51462E-01	.67279E-01	.13073E+01
    951.	    950.	.39198E-01	.50460E-01	.12873E+01
    950.	   1000.	.30213E-01	.38337E-01	.12689E+01
    950.	   1050.	.23248E-01	.29348E-01	.12624E+01
    950.	   1100.	.17932E-01	.22483E-01	.12538E+01
    950.	   1150.	.13861E-01	.17606E-01	.12701E+01
    950.	   1200.	.10736E-01	.13738E-01	.12796E+01
    950.	   1250.	.83297E-02	.10723E-01	.12873E+01
    950.	   1300.	.64726E-02	.83848E-02	.12954E+01
    950.	   1350.	.50363E-02	.65587E-02	.13023E+01
    950.	   1400.	.39233E-02	.51380E-02	.13096E+01
    950.	   1450.	.30593E-02	.40277E-02	.13165E+01
    950.	   1500.	.23877E-02	.31599E-02	.13234E+01
    950.	   1550.	.18648E-02	.24768E-02	.13282E+01
    950.	   1600.	.14572E-02	.19437E-02	.13339E+01
    950.	   1650.	.11392E-02	.15254E-02	.13390E+01
    950.	   1700.	.89083E-03	.11973E-02	.13441E+01
    950.	   1750.	.69675E-03	.93971E-03	.13487E+01
    950.	   1800.	.54498E-03	.73766E-03	.13535E+01
    950.	   1850.	.42626E-03	.57861E-03	.13574E+01
    950.	   1900.	.33334E-03	.45401E-03	.13620E+01
    950.	   1950.	.26061E-03	.35644E-03	.13677E+01
    950.	   2000.	.20367E-03	.27979E-03	.13737E+01
   1000.	    200.	.32413E+01	.49404E+01	.15242E+01
   1000.	    250.	.21949E+01	.33244E+01	.15146E+01
   1000.	    300.	.15209E+01	.22886E+01	.15048E+01
   1000.	    350.	.10724E+01	.16029E+01	.14947E+01
   1000.	    400.	.76677E+00	.11378E+01	.14838E+01
   1000.	    450.	.55461E+00	.81675E+00	.14727E+01
   1000.	    500.	.40506E+00	.59146E+00	.14602E+01
   1000.	    550.	.29831E+00	.43131E+00	.14459E+01
   1000.	    600.	.22129E+00	.31662E+00	.14308E+01
   1000.	    650.	.16519E+00	.23384E+00	.14156E+01
   1000.	    700.	.12402E+00	.17353E+00	.13993E+01
   1000.	    750.	.93569E-01	.12932E+00	.13821E+01
   1000.	    800.	.70911E-01	.96731E-01	.13641E+01
   1000.	    850.	.53953E-01	.72659E-01	.13467E+01
   1000.	    900.	.41196E-01	.54776E-01	.13296E+01
   1000.	    950.	.31556E-01	.41441E-01	.13133E+01
   1000.	   1000.	.24134E-01	.31250E-01	.12948E+01
   1000.	   1050.	.18669E-01	.23839E-01	.12769E+01
   1000.	   1100.	.14411E-01	.18305E-01	.12702E+01
   1000.	   1150.	.11147E-01	.14065E-01	.12618E+01
   1000.	   1200.	.86379E-02	.11033E-01	.12772E+01
   1000.	   1250.	.67044E-02	.86228E-02	.12861E+01
   1000.	   1300.	.52111E-02	.67403E-02	.12934E+01
   1000.	   1350.	.40554E-02	.52769E-02	.13012E+01
   1000.	   1400.	.31594E-02	.41321E-02	.13079E+01
   1000.	   1450.	.24636E-02	.32397E-02	.13150E+01
   1000.	   1500.	.19224E-02	.25411E-02	.13218E+01
   1000.	   1550.	.15011E-02	.19934E-02	.13280E+01
   1000.	   1600.	.11726E-02	.15630E-02	.13329E+01
   1000.	   1650.	.91635E-03	.12265E-02	.13385E+01
   1000.	   1700.	.71623E-03	.96222E-03	.13435E+01
   1000.	   1750.	.55987E-03	.75488E-03	.13483E+01
   1000.	   1800.	.43764E-03	.59211E-03	.13529E+01
   1000.	   1850.	.34205E-03	.46430E-03	.13574E+01
   1000.	   1900.	.26728E-03	.36391E-03	.13615E+01
   1000.	   1950.	.20878E-03	.28502E-03	.13652E+01
   1000.	   2000.	.16301E-03	.22373E-03	.13725E+01
   1050.	    200.	.24926E+01	.38125E+01	.15295E+01
   1050.	    250.	.16973E+01	.25815E+01	.15209E+01
   1050.	    300.	.11819E+01	.17870E+01	.15120E+01
   1050.	    350.	.83705E+00	.12580E+01	.15029E+01
   1050.	    400.	.60088E+00	.89726E+00	.14932E+01
   1050.	    450.	.43616E+00	.64684E+00	.14830E+01
   1050.	    500.	.31956E+00	.47044E+00	.14721E+01
   1050.	    550.	.23602E+00	.34464E+00	.14602E+01
   1050.	    600.	.17553E+00	.25393E+00	.14466E+01
   1050.	    650.	.13134E+00	.18810E+00	.14322E+01
   1050.	    700.	.98804E-01	.14005E+00	.14175E+01
   1050.	    750.	.74683E-01	.10468E+00	.14017E+01
   1050.	    800.	.56690E-01	.78525E-01	.13852E+01
   1050.	    850.	.43194E-01	.59084E-01	.13679E+01
   1050.	    900.	.33022E-01	.44616E-01	.13511E+01
   1050.	    950.	.25322E-01	.33801E-01	.13349E+01
   1050.	   1000.	.19470E-01	.25684E-01	.13191E+01
   1051.	   1050.	.14942E-01	.19452E-01	.13018E+01
   1050.	   1100.	.11592E-01	.14896E-01	.12850E+01
   1050.	   1150.	.89711E-02	.11469E-01	.12784E+01
   1050.	   1200.	.69547E-02	.88322E-02	.12700E+01
   1050.	   1250.	.53996E-02	.69352E-02	.12844E+01
   1050.	   1300.	.41977E-02	.54267E-02	.12928E+01
   1050.	   1350.	.32670E-02	.42460E-02	.12997E+01
   1050.	   1400.	.25452E-02	.33265E-02	.13070E+01
   1050.	   1450.	.19844E-02	.26066E-02	.13135E+01
   1050.	   1500.	.15482E-02	.20445E-02	.13206E+01
   1050.	   1550.	.12085E-02	.16040E-02	.13273E+01
   1050.	   1600.	.94369E-03	.12575E-02	.13325E+01
   1050.	   1650.	.73709E-03	.98590E-03	.13376E+01
   1050.	   1700.	.57581E-03	.77346E-03	.13433E+01
   1050.	   1750.	.44982E-03	.60641E-03	.13481E+01
   1050.	   1800.	.35137E-03	.47531E-03	.13527E+01
   1050.	   1850.	.27441E-03	.37237E-03	.13570E+01
   1050.	   1900.	.21424E-03	.29161E-03	.13611E+01
   1050.	   1950.	.16719E-03	.22828E-03	.13654E+01
   1050.	   2000.	.13040E-03	.17865E-03	.13700E+01
   1100.	    200.	.19260E+01	.29555E+01	.15345E+01
   1100.	    250.	.13181E+01	.20124E+01	.15267E+01
   1100.	    300.	.92201E+00	.14003E+01	.15188E+01
   1100.	    350.	.65564E+00	.99029E+00	.15104E+01
   1100.	    400.	.47236E+00	.70937E+00	.15018E+01
   1100.	    450.	.34399E+00	.51341E+00	.14925E+01
   1100.	    500.	.25277E+00	.37488E+00	.14831E+01
   1100.	    550.	.18718E+00	.27562E+00	.14725E+01
   1100.	    600.	.13954E+00	.20386E+00	.14609E+01
   1100.	    650.	.10463E+00	.15149E+00	.14479E+01
   1100.	    700.	.78856E-01	.11308E+00	.14340E+01
   1100.	    750.	.59704E-01	.84760E-01	.14197E+01
   1100.	    800.	.45386E-01	.63747E-01	.14046E+01
   1100.	    850.	.34626E-01	.48082E-01	.13886E+01
   1100.	    900.	.26501E-01	.36359E-01	.13719E+01
   1100.	    950.	.20342E-01	.27578E-01	.13557E+01
   1100.	   1000.	.15654E-01	.20978E-01	.13401E+01
   1100.	   1050.	.12073E-01	.15998E-01	.13250E+01
   1100.	   1100.	.92908E-02	.12156E-01	.13084E+01
   1100.	   1150.	.72247E-02	.93358E-02	.12922E+01
   1100.	   1200.	.56026E-02	.72069E-02	.12864E+01
   1100.	   1250.	.43507E-02	.55604E-02	.12780E+01
   1100.	   1300.	.33827E-02	.43689E-02	.12916E+01
   1100.	   1350.	.26327E-02	.34210E-02	.12994E+01
   1100.	   1400.	.20508E-02	.26782E-02	.13059E+01
   1100.	   1450.	.15986E-02	.20987E-02	.13128E+01
   1100.	   1500.	.12469E-02	.16450E-02	.13193E+01
   1100.	   1550.	.97291E-03	.12901E-02	.13261E+01
   1100.	   1600.	.75938E-03	.10119E-02	.13326E+01
   1100.	   1650.	.59282E-03	.79277E-03	.13373E+01
   1100.	   1700.	.46282E-03	.62131E-03	.13424E+01
   1100.	   1750.	.36130E-03	.48701E-03	.13479E+01
   1100.	   1800.	.28201E-03	.38145E-03	.13526E+01
   1100.	   1850.	.22005E-03	.29865E-03	.13572E+01
   1100.	   1900.	.17164E-03	.23363E-03	.13612E+01
   1100.	   1950.	.13381E-03	.18264E-03	.13650E+01
   1100.	   2000.	.10425E-03	.14272E-03	.13689E+01
   1150.	    200.	.14946E+01	.23002E+01	.15390E+01
   1150.	    250.	.10276E+01	.15745E+01	.15321E+01
   1150.	    300.	.72179E+00	.11007E+01	.15250E+01
   1150.	    350.	.51517E+00	.78181E+00	.15176E+01
   1150.	    400.	.37239E+00	.56219E+00	.15097E+01
   1150.	    450.	.27200E+00	.40842E+00	.15015E+01
   1150.	    500.	.20041E+00	.29913E+00	.14926E+01
   1150.	    550.	.14877E+00	.22072E+00	.14837E+01
   1150.	    600.	.11114E+00	.16376E+00	.14734E+01
   1150.	    650.	.83496E-01	.12209E+00	.14622E+01
   1150.	    700.	.63035E-01	.91379E-01	.14496E+01
   1150.	    750.	.47797E-01	.68650E-01	.14363E+01
   1150.	    800.	.36382E-01	.51750E-01	.14224E+01
   1150.	    850.	.27789E-01	.39120E-01	.14077E+01
   1150.	    900.	.21290E-01	.29641E-01	.13923E+01
   1150.	    950.	.16355E-01	.22507E-01	.13761E+01
   1150.	   1000.	.12595E-01	.17135E-01	.13605E+01
   1150.	   1050.	.97201E-02	.13077E-01	.13454E+01
   1150.	   1100.	.75158E-02	.10002E-01	.13309E+01
   1151.	   1150.	.57960E-02	.76196E-02	.13146E+01
   1150.	   1200.	.45152E-02	.58658E-02	.12991E+01
   1150.	   1250.	.35067E-02	.45364E-02	.12936E+01
   1150.	   1300.	.27265E-02	.35057E-02	.12858E+01
   1150.	   1350.	.21218E-02	.27557E-02	.12987E+01
   1150.	   1400.	.16525E-02	.21585E-02	.13061E+01
   1150.	   1450.	.12878E-02	.16900E-02	.13123E+01
   1150.	   1500.	.10041E-02	.13242E-02	.13187E+01
   1150.	   1550.	.78315E-03	.10377E-02	.13250E+01
   1150.	   1600.	.61095E-03	.81346E-03	.13315E+01
   1150.	   1650.	.47666E-03	.63766E-03	.13378E+01
   1150.	   1700.	.37187E-03	.49918E-03	.13423E+01
   1150.	   1750.	.29008E-03	.39090E-03	.13475E+01
   1150.	   1800.	.22622E-03	.30596E-03	.13525E+01
   1150.	   1850.	.17636E-03	.23938E-03	.13573E+01
   1150.	   1900.	.13742E-03	.18708E-03	.13614E+01
   1150.	   1950.	.10702E-03	.14615E-03	.13657E+01
   1150.	   2000.	.83284E-04	.11404E-03	.13693E+01
   1200.	    200.	.11644E+01	.17972E+01	.15435E+01
   1200.	    250.	.80400E+00	.12359E+01	.15372E+01
   1200.	    300.	.56686E+00	.86764E+00	.15306E+01
   1200.	    350.	.40596E+00	.61868E+00	.15240E+01
   1200.	    400.	.29435E+00	.44657E+00	.15171E+01
   1200.	    450.	.21559E+00	.32547E+00	.15097E+01
   1200.	    500.	.15924E+00	.23917E+00	.15020E+01
   1200.	    550.	.11846E+00	.17690E+00	.14933E+01
   1200.	    600.	.88674E-01	.13165E+00	.14846E+01
   1200.	    650.	.66735E-01	.98422E-01	.14748E+01
   1200.	    700.	.50459E-01	.73870E-01	.14640E+01
   1200.	    750.	.38312E-01	.55618E-01	.14517E+01
   1200.	    800.	.29197E-01	.42013E-01	.14389E+01
   1200.	    850.	.22324E-01	.31823E-01	.14255E+01
   1200.	    900.	.17118E-01	.24158E-01	.14112E+01
   1200.	    950.	.13160E-01	.18375E-01	.13963E+01
   1200.	   1000.	.10141E-01	.14000E-01	.13805E+01
   1200.	   1050.	.78298E-02	.10690E-01	.13653E+01
   1200.	   1100.	.60564E-02	.81798E-02	.13506E+01
   1200.	   1150.	.46919E-02	.62716E-02	.13367E+01
   1200.	   1200.	.36242E-02	.47870E-02	.13208E+01
   1200.	   1250.	.28270E-02	.36917E-02	.13059E+01
   1200.	   1300.	.21979E-02	.28590E-02	.13008E+01
   1200.	   1350.	.17102E-02	.22117E-02	.12933E+01
   1200.	   1400.	.13316E-02	.17388E-02	.13058E+01
   1200.	   1450.	.10374E-02	.13619E-02	.13129E+01
   1200.	   1500.	.80846E-03	.10661E-02	.13186E+01
   1200.	   1550.	.63023E-03	.83484E-03	.13247E+01
   1200.	   1600.	.49136E-03	.65389E-03	.13308E+01
   1200.	   1650.	.38310E-03	.51213E-03	.13368E+01
   1200.	   1700.	.29866E-03	.40109E-03	.13430E+01
   1200.	   1750.	.23277E-03	.31366E-03	.13475E+01
   1200.	   1800.	.18137E-03	.24533E-03	.13527E+01
   1200.	   1850.	.14125E-03	.19172E-03	.13573E+01
   1200.	   1900.	.10994E-03	.14974E-03	.13620E+01
   1200.	   1950.	.85521E-04	.11683E-03	.13660E+01
   1200.	   2000.	.66473E-04	.91092E-04	.13704E+01
   1250.	    200.	.91042E+00	.14089E+01	.15475E+01
   1250.	    250.	.63106E+00	.97317E+00	.15421E+01
   1250.	    300.	.44647E+00	.68586E+00	.15362E+01
   1250.	    350.	.32075E+00	.49075E+00	.15300E+01
   1250.	    400.	.23321E+00	.35537E+00	.15238E+01
   1250.	    450.	.17124E+00	.25983E+00	.15173E+01
   1250.	    500.	.12677E+00	.19143E+00	.15101E+01
   1250.	    550.	.94494E-01	.14200E+00	.15027E+01
   1250.	    600.	.70859E-01	.10590E+00	.14946E+01
   1250.	    650.	.53412E-01	.79372E-01	.14860E+01
   1250.	    700.	.40442E-01	.59719E-01	.14767E+01
   1250.	    750.	.30744E-01	.45078E-01	.14663E+01
   1250.	    800.	.23454E-01	.34110E-01	.14543E+01
   1250.	    850.	.17949E-01	.25879E-01	.14418E+01
   1250.	    900.	.13774E-01	.19681E-01	.14288E+01
   1250.	    950.	.10596E-01	.14992E-01	.14149E+01
   1250.	   1000.	.81690E-02	.11439E-01	.14003E+01
   1250.	   1050.	.63098E-02	.87388E-02	.13850E+01
   1250.	   1100.	.48820E-02	.66895E-02	.13702E+01
   1250.	   1150.	.37827E-02	.51291E-02	.13559E+01
   1250.	   1200.	.29347E-02	.39395E-02	.13424E+01
   1251.	   1250.	.22694E-02	.30111E-02	.13268E+01
   1250.	   1300.	.17717E-02	.23254E-02	.13125E+01
   1250.	   1350.	.13783E-02	.18025E-02	.13078E+01
   1250.	   1400.	.10728E-02	.13953E-02	.13006E+01
   1250.	   1450.	.83540E-03	.10967E-02	.13127E+01
   1250.	   1500.	.65074E-03	.85862E-03	.13195E+01
   1250.	   1550.	.50698E-03	.67174E-03	.13250E+01
   1250.	   1600.	.39501E-03	.52562E-03	.13307E+01
   1250.	   1650.	.30774E-03	.41134E-03	.13366E+01
   1250.	   1700.	.23971E-03	.32175E-03	.13422E+01
   1250.	   1750.	.18666E-03	.25167E-03	.13482E+01
   1250.	   1800.	.14530E-03	.19653E-03	.13526E+01
   1250.	   1850.	.11304E-03	.15345E-03	.13575E+01
   1250.	   1900.	.87883E-04	.11972E-03	.13623E+01
   1250.	   1950.	.68277E-04	.93316E-04	.13667E+01
   1250.	   2000.	.53001E-04	.72652E-04	.13708E+01
   1300.	    200.	.71415E+00	.11080E+01	.15514E+01
   1300.	    250.	.49678E+00	.76814E+00	.15463E+01
   1300.	    300.	.35259E+00	.54340E+00	.15412E+01
   1300.	    350.	.25402E+00	.39013E+00	.15358E+01
   1300.	    400.	.18517E+00	.28333E+00	.15301E+01
   1300.	    450.	.13628E+00	.20771E+00	.15242E+01
   1300.	    500.	.10109E+00	.15345E+00	.15179E+01
   1300.	    550.	.75492E-01	.11407E+00	.15111E+01
   1300.	    600.	.56702E-01	.85279E-01	.15040E+01
   1300.	    650.	.42801E-01	.64040E-01	.14962E+01
   1300.	    700.	.32448E-01	.48283E-01	.14880E+01
   1300.	    750.	.24694E-01	.36519E-01	.14789E+01
   1300.	    800.	.18856E-01	.27696E-01	.14688E+01
   1300.	    850.	.14442E-01	.21045E-01	.14573E+01
   1300.	    900.	.11090E-01	.16025E-01	.14450E+01
   1300.	    950.	.85357E-02	.12226E-01	.14323E+01
   1300.	   1000.	.65832E-02	.93404E-02	.14188E+01
   1300.	   1050.	.50865E-02	.71444E-02	.14046E+01
   1300.	   1100.	.39361E-02	.54694E-02	.13895E+01
   1300.	   1150.	.30501E-02	.41943E-02	.13751E+01
   1300.	   1200.	.23662E-02	.32210E-02	.13612E+01
   1300.	   1250.	.18375E-02	.24771E-02	.13481E+01
   1300.	   1300.	.14219E-02	.18950E-02	.13327E+01
   1300.	   1350.	.11105E-02	.14650E-02	.13191E+01
   1300.	   1400.	.86405E-03	.11360E-02	.13147E+01
   1300.	   1450.	.67252E-03	.87953E-03	.13078E+01
   1300.	   1500.	.52357E-03	.69090E-03	.13196E+01
   1300.	   1550.	.40764E-03	.54052E-03	.13260E+01
   1300.	   1600.	.31737E-03	.42252E-03	.13313E+01
   1300.	   1650.	.24706E-03	.33026E-03	.13368E+01
   1300.	   1700.	.19227E-03	.25810E-03	.13424E+01
   1300.	   1750.	.14957E-03	.20161E-03	.13479E+01
   1300.	   1800.	.11630E-03	.15742E-03	.13536E+01
   1300.	   1850.	.90376E-04	.12272E-03	.13579E+01
   1300.	   1900.	.70180E-04	.95668E-04	.13632E+01
   1300.	   1950.	.54453E-04	.74457E-04	.13674E+01
   1300.	   2000.	.42212E-04	.57900E-04	.13717E+01
   1350.	    200.	.56186E+00	.87381E+00	.15552E+01
   1350.	    250.	.39212E+00	.60804E+00	.15507E+01
   1350.	    300.	.27912E+00	.43149E+00	.15459E+01
   1350.	    350.	.20162E+00	.31070E+00	.15411E+01
   1350.	    400.	.14731E+00	.22627E+00	.15360E+01
   1350.	    450.	.10864E+00	.16629E+00	.15306E+01
   1350.	    500.	.80740E-01	.12313E+00	.15250E+01
   1350.	    550.	.60395E-01	.91737E-01	.15190E+01
   1350.	    600.	.45428E-01	.68711E-01	.15125E+01
   1350.	    650.	.34335E-01	.51694E-01	.15056E+01
   1350.	    700.	.26059E-01	.39044E-01	.14983E+01
   1350.	    750.	.19851E-01	.29583E-01	.14903E+01
   1350.	    800.	.15170E-01	.22473E-01	.14814E+01
   1350.	    850.	.11627E-01	.17111E-01	.14717E+01
   1350.	    900.	.89331E-02	.13046E-01	.14604E+01
   1350.	    950.	.68786E-02	.99640E-02	.14486E+01
   1350.	   1000.	.53068E-02	.76215E-02	.14362E+01
   1350.	   1050.	.41011E-02	.58357E-02	.14230E+01
   1350.	   1100.	.31739E-02	.44719E-02	.14090E+01
   1350.	   1150.	.24594E-02	.34289E-02	.13942E+01
   1350.	   1200.	.19077E-02	.26330E-02	.13802E+01
   1350.	   1250.	.14811E-02	.20240E-02	.13665E+01
   1350.	   1300.	.11507E-02	.15578E-02	.13537E+01
   1351.	   1350.	.89068E-03	.11922E-02	.13386E+01
   1350.	   1400.	.69567E-03	.92226E-03	.13257E+01
   1350.	   1450.	.54116E-03	.71516E-03	.13215E+01
   1350.	   1500.	.42103E-03	.55360E-03	.13149E+01
   1350.	   1550.	.32757E-03	.43448E-03	.13264E+01
   1350.	   1600.	.25483E-03	.33955E-03	.13325E+01
   1350.	   1650.	.19819E-03	.26512E-03	.13377E+01
   1350.	   1700.	.15409E-03	.20694E-03	.13430E+01
   1350.	   1750.	.11975E-03	.16146E-03	.13484E+01
   1350.	   1800.	.93004E-04	.12589E-03	.13535E+01
   1350.	   1850.	.72185E-04	.98084E-04	.13588E+01
   1350.	   1900.	.55982E-04	.76320E-04	.13633E+01
   1350.	   1950.	.43377E-04	.59359E-04	.13684E+01
   1350.	   2000.	.33577E-04	.46088E-04	.13726E+01
   1400.	    200.	.44324E+00	.69093E+00	.15588E+01
   1400.	    250.	.31026E+00	.48239E+00	.15548E+01
   1400.	    300.	.22144E+00	.34333E+00	.15505E+01
   1400.	    350.	.16033E+00	.24788E+00	.15460E+01
   1400.	    400.	.11740E+00	.18097E+00	.15415E+01
   1400.	    450.	.86746E-01	.13330E+00	.15366E+01
   1400.	    500.	.64576E-01	.98897E-01	.15315E+01
   1400.	    550.	.48376E-01	.73832E-01	.15262E+01
   1400.	    600.	.36435E-01	.55398E-01	.15205E+01
   1400.	    650.	.27569E-01	.41746E-01	.15142E+01
   1400.	    700.	.20945E-01	.31575E-01	.15075E+01
   1400.	    750.	.15969E-01	.23959E-01	.15004E+01
   1400.	    800.	.12212E-01	.18229E-01	.14927E+01
   1400.	    850.	.93647E-02	.13899E-01	.14842E+01
   1400.	    900.	.71984E-02	.10615E-01	.14747E+01
   1400.	    950.	.55447E-02	.81164E-02	.14638E+01
   1400.	   1000.	.42786E-02	.62134E-02	.14522E+01
   1400.	   1050.	.33068E-02	.47623E-02	.14401E+01
   1400.	   1100.	.25592E-02	.36523E-02	.14271E+01
   1400.	   1150.	.19829E-02	.28027E-02	.14134E+01
   1400.	   1200.	.15378E-02	.21512E-02	.13989E+01
   1400.	   1250.	.11936E-02	.16533E-02	.13851E+01
   1400.	   1300.	.92699E-03	.12716E-02	.13718E+01
   1400.	   1350.	.72027E-03	.97911E-03	.13594E+01
   1400.	   1400.	.55741E-03	.74936E-03	.13444E+01
   1400.	   1450.	.43522E-03	.57982E-03	.13322E+01
   1400.	   1500.	.33837E-03	.44944E-03	.13283E+01
   1400.	   1550.	.26304E-03	.34771E-03	.13219E+01
   1400.	   1600.	.20445E-03	.27255E-03	.13331E+01
   1400.	   1650.	.15886E-03	.21268E-03	.13388E+01
   1400.	   1700.	.12338E-03	.16584E-03	.13441E+01
   1400.	   1750.	.95773E-04	.12922E-03	.13492E+01
   1400.	   1800.	.74296E-04	.10062E-03	.13543E+01
   1400.	   1850.	.57590E-04	.78298E-04	.13596E+01
   1400.	   1900.	.44603E-04	.60849E-04	.13642E+01
   1400.	   1950.	.34510E-04	.47239E-04	.13688E+01
   1400.	   2000.	.26673E-04	.36633E-04	.13734E+01
   1450.	    200.	.35053E+00	.54761E+00	.15622E+01
   1450.	    250.	.24603E+00	.38348E+00	.15587E+01
   1450.	    300.	.17603E+00	.27370E+00	.15549E+01
   1450.	    350.	.12773E+00	.19810E+00	.15510E+01
   1450.	    400.	.93709E-01	.14494E+00	.15467E+01
   1450.	    450.	.69359E-01	.10697E+00	.15423E+01
   1450.	    500.	.51711E-01	.79514E-01	.15377E+01
   1450.	    550.	.38790E-01	.59457E-01	.15328E+01
   1450.	    600.	.29250E-01	.44686E-01	.15277E+01
   1450.	    650.	.22155E-01	.33726E-01	.15223E+01
   1450.	    700.	.16846E-01	.25542E-01	.15162E+01
   1450.	    750.	.12853E-01	.19405E-01	.15098E+01
   1450.	    800.	.98352E-02	.14781E-01	.15028E+01
   1450.	    850.	.75455E-02	.11284E-01	.14954E+01
   1450.	    900.	.58020E-02	.86292E-02	.14873E+01
   1450.	    950.	.44702E-02	.66072E-02	.14781E+01
   1450.	   1000.	.34499E-02	.50625E-02	.14674E+01
   1450.	   1050.	.26664E-02	.38822E-02	.14560E+01
   1450.	   1100.	.20634E-02	.29798E-02	.14441E+01
   1450.	   1150.	.15984E-02	.22880E-02	.14314E+01
   1450.	   1200.	.12393E-02	.17573E-02	.14179E+01
   1450.	   1250.	.96155E-03	.13497E-02	.14037E+01
   1450.	   1300.	.74643E-03	.10377E-02	.13902E+01
   1450.	   1350.	.57967E-03	.79823E-03	.13770E+01
   1450.	   1400.	.45027E-03	.61460E-03	.13649E+01
   1451.	   1450.	.34827E-03	.47020E-03	.13501E+01
   1450.	   1500.	.27174E-03	.36375E-03	.13386E+01
   1450.	   1550.	.21106E-03	.28177E-03	.13350E+01
   1450.	   1600.	.16389E-03	.21778E-03	.13288E+01
   1450.	   1650.	.12721E-03	.17044E-03	.13398E+01
   1450.	   1700.	.98691E-04	.13276E-03	.13452E+01
   1450.	   1750.	.76517E-04	.10334E-03	.13505E+01
   1450.	   1800.	.59282E-04	.80357E-04	.13555E+01
   1450.	   1850.	.45890E-04	.62430E-04	.13604E+01
   1450.	   1900.	.35490E-04	.48467E-04	.13657E+01
   1450.	   1950.	.27418E-04	.37557E-04	.13698E+01
   1450.	   2000.	.21157E-04	.29085E-04	.13747E+01
   1500.	    200.	.27783E+00	.43498E+00	.15656E+01
   1500.	    250.	.19549E+00	.30544E+00	.15624E+01
   1500.	    300.	.14018E+00	.21855E+00	.15591E+01
   1500.	    350.	.10192E+00	.15853E+00	.15555E+01
   1500.	    400.	.74903E-01	.11623E+00	.15517E+01
   1500.	    450.	.55525E-01	.85936E-01	.15477E+01
   1500.	    500.	.41454E-01	.63984E-01	.15435E+01
   1500.	    550.	.31133E-01	.47915E-01	.15390E+01
   1500.	    600.	.23500E-01	.36057E-01	.15343E+01
   1500.	    650.	.17816E-01	.27248E-01	.15294E+01
   1500.	    700.	.13557E-01	.20665E-01	.15243E+01
   1500.	    750.	.10350E-01	.15717E-01	.15185E+01
   1500.	    800.	.79238E-02	.11984E-01	.15124E+01
   1500.	    850.	.60812E-02	.91560E-02	.15056E+01
   1500.	    900.	.46773E-02	.70082E-02	.14984E+01
   1500.	    950.	.36041E-02	.53720E-02	.14905E+01
   1500.	   1000.	.27816E-02	.41211E-02	.14816E+01
   1500.	   1050.	.21497E-02	.31627E-02	.14712E+01
   1500.	   1100.	.16633E-02	.24281E-02	.14598E+01
   1500.	   1150.	.12881E-02	.18657E-02	.14484E+01
   1500.	   1200.	.99838E-03	.14336E-02	.14359E+01
   1500.	   1250.	.77427E-03	.11015E-02	.14226E+01
   1500.	   1300.	.60074E-03	.84616E-03	.14085E+01
   1500.	   1350.	.46624E-03	.65054E-03	.13953E+01
   1500.	   1400.	.36191E-03	.50028E-03	.13823E+01
   1500.	   1450.	.28093E-03	.38502E-03	.13705E+01
   1500.	   1500.	.21709E-03	.29432E-03	.13558E+01
   1500.	   1550.	.16920E-03	.22756E-03	.13449E+01
   1500.	   1600.	.13125E-03	.17610E-03	.13417E+01
   1500.	   1650.	.10176E-03	.13593E-03	.13357E+01
   1500.	   1700.	.78856E-04	.10618E-03	.13465E+01
   1500.	   1750.	.61061E-04	.82531E-04	.13516E+01
   1500.	   1800.	.47243E-04	.64104E-04	.13569E+01
   1500.	   1850.	.36519E-04	.49730E-04	.13618E+01
   1500.	   1900.	.28200E-04	.38541E-04	.13667E+01
   1500.	   1950.	.21751E-04	.29834E-04	.13716E+01
   1500.	   2000.	.16756E-04	.23050E-04	.13756E+01
   1550.	    200.	.22065E+00	.34612E+00	.15686E+01
   1550.	    250.	.15561E+00	.24369E+00	.15660E+01
   1550.	    300.	.11181E+00	.17476E+00	.15630E+01
   1550.	    350.	.81436E-01	.12703E+00	.15599E+01
   1550.	    400.	.59945E-01	.93303E-01	.15565E+01
   1550.	    450.	.44499E-01	.69102E-01	.15529E+01
   1550.	    500.	.33263E-01	.51525E-01	.15490E+01
   1550.	    550.	.25008E-01	.38635E-01	.15449E+01
   1550.	    600.	.18894E-01	.29109E-01	.15406E+01
   1550.	    650.	.14335E-01	.22020E-01	.15361E+01
   1550.	    700.	.10915E-01	.16716E-01	.15314E+01
   1550.	    750.	.83374E-02	.12728E-01	.15266E+01
   1550.	    800.	.63854E-02	.97114E-02	.15209E+01
   1550.	    850.	.49019E-02	.74263E-02	.15150E+01
   1550.	    900.	.37707E-02	.56879E-02	.15084E+01
   1550.	    950.	.29057E-02	.43628E-02	.15015E+01
   1550.	   1000.	.22424E-02	.33502E-02	.14940E+01
   1550.	   1050.	.17328E-02	.25738E-02	.14854E+01
   1550.	   1100.	.13403E-02	.19772E-02	.14751E+01
   1550.	   1150.	.10377E-02	.15193E-02	.14641E+01
   1550.	   1200.	.80392E-03	.11679E-02	.14527E+01
   1550.	   1250.	.62314E-03	.89763E-03	.14405E+01
   1550.	   1300.	.48319E-03	.68966E-03	.14273E+01
   1550.	   1350.	.37475E-03	.52970E-03	.14135E+01
   1550.	   1400.	.29067E-03	.40705E-03	.14004E+01
   1550.	   1450.	.22544E-03	.31282E-03	.13876E+01
   1550.	   1500.	.17481E-03	.24055E-03	.13760E+01
   1551.	   1550.	.13491E-03	.18368E-03	.13614E+01
   1550.	   1600.	.10500E-03	.14188E-03	.13512E+01
   1550.	   1650.	.81317E-04	.10964E-03	.13483E+01
   1550.	   1700.	.62932E-04	.84490E-04	.13426E+01
   1550.	   1750.	.48665E-04	.65852E-04	.13532E+01
   1550.	   1800.	.37599E-04	.51063E-04	.13581E+01
   1550.	   1850.	.29019E-04	.39563E-04	.13633E+01
   1550.	   1900.	.22373E-04	.30609E-04	.13681E+01
   1550.	   1950.	.17228E-04	.23649E-04	.13727E+01
   1550.	   2000.	.13249E-04	.18251E-04	.13776E+01
   1600.	    200.	.17556E+00	.27598E+00	.15719E+01
   1600.	    250.	.12407E+00	.19473E+00	.15695E+01
   1600.	    300.	.89306E-01	.13993E+00	.15669E+01
   1600.	    350.	.65153E-01	.10190E+00	.15640E+01
   1600.	    400.	.48027E-01	.74966E-01	.15609E+01
   1600.	    450.	.35697E-01	.55606E-01	.15577E+01
   1600.	    500.	.26712E-01	.41519E-01	.15543E+01
   1600.	    550.	.20102E-01	.31169E-01	.15505E+01
   1600.	    600.	.15200E-01	.23509E-01	.15467E+01
   1600.	    650.	.11539E-01	.17798E-01	.15424E+01
   1600.	    700.	.87913E-02	.13521E-01	.15381E+01
   1600.	    750.	.67177E-02	.10303E-01	.15337E+01
   1600.	    800.	.51464E-02	.78690E-02	.15290E+01
   1600.	    850.	.39514E-02	.60196E-02	.15234E+01
   1600.	    900.	.30397E-02	.46137E-02	.15178E+01
   1600.	    950.	.23423E-02	.35406E-02	.15116E+01
   1600.	   1000.	.18074E-02	.27196E-02	.15047E+01
   1600.	   1050.	.13963E-02	.20909E-02	.14975E+01
   1600.	   1100.	.10797E-02	.16078E-02	.14892E+01
   1600.	   1150.	.83554E-03	.12360E-02	.14792E+01
   1600.	   1200.	.64699E-03	.95012E-03	.14685E+01
   1600.	   1250.	.50120E-03	.73031E-03	.14571E+01
   1600.	   1300.	.38837E-03	.56124E-03	.14451E+01
   1600.	   1350.	.30098E-03	.43108E-03	.14322E+01
   1600.	   1400.	.23326E-03	.33087E-03	.14185E+01
   1600.	   1450.	.18074E-03	.25405E-03	.14056E+01
   1600.	   1500.	.14001E-03	.19503E-03	.13929E+01
   1600.	   1550.	.10842E-03	.14979E-03	.13816E+01
   1600.	   1600.	.83532E-04	.11421E-03	.13672E+01
   1600.	   1650.	.64899E-04	.88097E-04	.13574E+01
   1600.	   1700.	.50159E-04	.67954E-04	.13548E+01
   1600.	   1750.	.38732E-04	.52266E-04	.13494E+01
   1600.	   1800.	.29880E-04	.40632E-04	.13599E+01
   1600.	   1850.	.23025E-04	.31422E-04	.13647E+01
   1600.	   1900.	.17722E-04	.24276E-04	.13698E+01
   1600.	   1950.	.13623E-04	.18722E-04	.13743E+01
   1600.	   2000.	.10457E-04	.14418E-04	.13788E+01
   1650.	    200.	.13992E+00	.22037E+00	.15750E+01
   1650.	    250.	.99064E-01	.15582E+00	.15730E+01
   1650.	    300.	.71425E-01	.11218E+00	.15707E+01
   1650.	    350.	.52183E-01	.81828E-01	.15681E+01
   1650.	    400.	.38516E-01	.60291E-01	.15654E+01
   1650.	    450.	.28660E-01	.44777E-01	.15624E+01
   1650.	    500.	.21467E-01	.33471E-01	.15592E+01
   1650.	    550.	.16168E-01	.25155E-01	.15559E+01
   1650.	    600.	.12233E-01	.18989E-01	.15523E+01
   1650.	    650.	.92922E-02	.14390E-01	.15486E+01
   1650.	    700.	.70822E-02	.10938E-01	.15444E+01
   1650.	    750.	.54133E-02	.83371E-02	.15401E+01
   1650.	    800.	.41479E-02	.63710E-02	.15359E+01
   1650.	    850.	.31850E-02	.48783E-02	.15316E+01
   1650.	    900.	.24501E-02	.37396E-02	.15263E+01
   1650.	    950.	.18877E-02	.28710E-02	.15209E+01
   1650.	   1000.	.14563E-02	.22063E-02	.15150E+01
   1650.	   1050.	.11247E-02	.16962E-02	.15082E+01
   1650.	   1100.	.86932E-03	.13050E-02	.15012E+01
   1650.	   1150.	.67241E-03	.10041E-02	.14933E+01
   1650.	   1200.	.52036E-03	.77195E-03	.14835E+01
   1650.	   1250.	.40284E-03	.59343E-03	.14731E+01
   1650.	   1300.	.31192E-03	.45598E-03	.14618E+01
   1650.	   1350.	.24153E-03	.35020E-03	.14499E+01
   1650.	   1400.	.18701E-03	.26875E-03	.14371E+01
   1650.	   1450.	.14476E-03	.20608E-03	.14236E+01
   1650.	   1500.	.11202E-03	.15804E-03	.14108E+01
   1650.	   1550.	.86639E-04	.12114E-03	.13983E+01
   1650.	   1600.	.66970E-04	.92894E-04	.13871E+01
   1651.	   1650.	.51494E-04	.70699E-04	.13730E+01
   1650.	   1700.	.39923E-04	.54444E-04	.13637E+01
   1650.	   1750.	.30782E-04	.41903E-04	.13613E+01
   1650.	   1800.	.23709E-04	.32158E-04	.13564E+01
   1650.	   1850.	.18240E-04	.24927E-04	.13666E+01
   1650.	   1900.	.14014E-04	.19217E-04	.13713E+01
   1650.	   1950.	.10753E-04	.14799E-04	.13763E+01
   1650.	   2000.	.82380E-05	.11373E-04	.13805E+01
   1700.	    200.	.11167E+00	.17621E+00	.15779E+01
   1700.	    250.	.79200E-01	.12483E+00	.15762E+01
   1700.	    300.	.57188E-01	.90030E-01	.15743E+01
   1700.	    350.	.41837E-01	.65768E-01	.15720E+01
   1700.	    400.	.30914E-01	.48515E-01	.15693E+01
   1700.	    450.	.23026E-01	.36064E-01	.15662E+01
   1700.	    500.	.17261E-01	.26996E-01	.15640E+01
   1700.	    550.	.13009E-01	.20306E-01	.15609E+01
   1700.	    600.	.98487E-02	.15342E-01	.15578E+01
   1700.	    650.	.74844E-02	.11632E-01	.15541E+01
   1700.	    700.	.57062E-02	.88479E-02	.15506E+01
   1700.	    750.	.43624E-02	.67465E-02	.15465E+01
   1700.	    800.	.33430E-02	.51564E-02	.15424E+01
   1700.	    850.	.25669E-02	.39488E-02	.15383E+01
   1700.	    900.	.19744E-02	.30292E-02	.15342E+01
   1700.	    950.	.15208E-02	.23256E-02	.15292E+01
   1700.	   1000.	.11729E-02	.17875E-02	.15240E+01
   1700.	   1050.	.90546E-03	.13747E-02	.15182E+01
   1700.	   1100.	.69955E-03	.10576E-02	.15118E+01
   1700.	   1150.	.54078E-03	.81373E-03	.15047E+01
   1700.	   1200.	.41823E-03	.62626E-03	.14974E+01
   1700.	   1250.	.32353E-03	.48134E-03	.14878E+01
   1700.	   1300.	.25030E-03	.36985E-03	.14776E+01
   1700.	   1350.	.19364E-03	.28405E-03	.14669E+01
   1700.	   1400.	.14978E-03	.21791E-03	.14549E+01
   1700.	   1450.	.11582E-03	.16701E-03	.14420E+01
   1700.	   1500.	.89516E-04	.12789E-03	.14287E+01
   1700.	   1550.	.69149E-04	.97925E-04	.14161E+01
   1700.	   1600.	.53380E-04	.74926E-04	.14036E+01
   1700.	   1650.	.41173E-04	.57340E-04	.13927E+01
   1700.	   1700.	.31583E-04	.43546E-04	.13788E+01
   1700.	   1750.	.24426E-04	.33466E-04	.13701E+01
   1700.	   1800.	.18782E-04	.25692E-04	.13679E+01
   1700.	   1850.	.14424E-04	.19665E-04	.13633E+01
   1700.	   1900.	.11062E-04	.15195E-04	.13736E+01
   1700.	   1950.	.84716E-05	.11674E-04	.13780E+01
   1700.	   2000.	.64773E-05	.89589E-05	.13831E+01
   1750.	    200.	.89248E-01	.14089E+00	.15787E+01
   1750.	    250.	.63392E-01	.10010E+00	.15791E+01
   1750.	    300.	.45834E-01	.72314E-01	.15777E+01
   1750.	    350.	.33570E-01	.52902E-01	.15759E+01
   1750.	    400.	.24831E-01	.39074E-01	.15736E+01
   1750.	    450.	.18510E-01	.29081E-01	.15711E+01
   1750.	    500.	.13886E-01	.21780E-01	.15685E+01
   1750.	    550.	.10472E-01	.16395E-01	.15657E+01
   1750.	    600.	.79311E-02	.12394E-01	.15627E+01
   1750.	    650.	.60292E-02	.94036E-02	.15597E+01
   1750.	    700.	.45977E-02	.71546E-02	.15561E+01
   1750.	    750.	.35153E-02	.54580E-02	.15526E+01
   1750.	    800.	.26939E-02	.41720E-02	.15487E+01
   1750.	    850.	.20683E-02	.31953E-02	.15449E+01
   1750.	    900.	.15905E-02	.24510E-02	.15410E+01
   1750.	    950.	.12248E-02	.18827E-02	.15372E+01
   1750.	   1000.	.94422E-03	.14469E-02	.15324E+01
   1750.	   1050.	.72857E-03	.11128E-02	.15273E+01
   1750.	   1100.	.56257E-03	.85615E-03	.15219E+01
   1750.	   1150.	.43461E-03	.65860E-03	.15154E+01
   1750.	   1200.	.33587E-03	.50675E-03	.15088E+01
   1750.	   1250.	.25961E-03	.38987E-03	.15018E+01
   1750.	   1300.	.20066E-03	.29944E-03	.14923E+01
   1750.	   1350.	.15509E-03	.22991E-03	.14825E+01
   1750.	   1400.	.11983E-03	.17636E-03	.14718E+01
   1750.	   1450.	.92550E-04	.13512E-03	.14600E+01
   1750.	   1500.	.71445E-04	.10339E-03	.14472E+01
   1750.	   1550.	.55117E-04	.79036E-04	.14340E+01
   1750.	   1600.	.42487E-04	.60396E-04	.14215E+01
   1750.	   1650.	.32723E-04	.46112E-04	.14092E+01
   1750.	   1700.	.25177E-04	.35206E-04	.13983E+01
   1751.	   1750.	.19260E-04	.26669E-04	.13847E+01
   1750.	   1800.	.14853E-04	.20447E-04	.13766E+01
   1750.	   1850.	.11386E-04	.15651E-04	.13745E+01
   1750.	   1900.	.87158E-05	.11944E-04	.13704E+01
   1750.	   1950.	.66613E-05	.91967E-05	.13806E+01
   1750.	   2000.	.50826E-05	.70401E-05	.13851E+01
   1800.	    200.	.71408E-01	.11308E+00	.15835E+01
   1800.	    250.	.50790E-01	.80370E-01	.15824E+01
   1800.	    300.	.36767E-01	.58126E-01	.15809E+01
   1800.	    350.	.26956E-01	.42578E-01	.15795E+01
   1800.	    400.	.19956E-01	.31481E-01	.15775E+01
   1800.	    450.	.14887E-01	.23452E-01	.15753E+01
   1800.	    500.	.11175E-01	.17576E-01	.15728E+01
   1800.	    550.	.84310E-02	.13239E-01	.15703E+01
   1800.	    600.	.63878E-02	.10013E-01	.15675E+01
   1800.	    650.	.48571E-02	.76002E-02	.15648E+01
   1800.	    700.	.37043E-02	.57844E-02	.15615E+01
   1800.	    750.	.28323E-02	.44135E-02	.15583E+01
   1800.	    800.	.21703E-02	.33747E-02	.15550E+01
   1800.	    850.	.16660E-02	.25843E-02	.15512E+01
   1800.	    900.	.12808E-02	.19820E-02	.15475E+01
   1800.	    950.	.98589E-03	.15222E-02	.15440E+01
   1800.	   1000.	.75969E-03	.11699E-02	.15400E+01
   1800.	   1050.	.58586E-03	.89963E-03	.15356E+01
   1800.	   1100.	.45208E-03	.69201E-03	.15307E+01
   1800.	   1150.	.34900E-03	.53232E-03	.15253E+01
   1800.	   1200.	.26949E-03	.40945E-03	.15194E+01
   1800.	   1250.	.20811E-03	.31484E-03	.15128E+01
   1800.	   1300.	.16070E-03	.24200E-03	.15059E+01
   1800.	   1350.	.12407E-03	.18572E-03	.14969E+01
   1800.	   1400.	.95753E-04	.14241E-03	.14872E+01
   1800.	   1450.	.73865E-04	.10908E-03	.14768E+01
   1800.	   1500.	.56946E-04	.83435E-04	.14652E+01
   1800.	   1550.	.43870E-04	.63724E-04	.14526E+01
   1800.	   1600.	.33767E-04	.48608E-04	.14395E+01
   1800.	   1650.	.25966E-04	.37054E-04	.14270E+01
   1800.	   1700.	.19946E-04	.28218E-04	.14147E+01
   1800.	   1750.	.15303E-04	.21486E-04	.14040E+01
   1800.	   1800.	.11670E-04	.16229E-04	.13907E+01
   1800.	   1850.	.89711E-05	.12409E-04	.13832E+01
   1800.	   1900.	.68534E-05	.94672E-05	.13814E+01
   1800.	   1950.	.52271E-05	.72012E-05	.13777E+01
   1800.	   2000.	.39797E-05	.55230E-05	.13878E+01
   1850.	    200.	.57193E-01	.90735E-01	.15865E+01
   1850.	    250.	.40729E-01	.64575E-01	.15855E+01
   1850.	    300.	.29514E-01	.46762E-01	.15844E+01
   1850.	    350.	.21658E-01	.34284E-01	.15829E+01
   1850.	    400.	.16046E-01	.25371E-01	.15811E+01
   1850.	    450.	.11978E-01	.18918E-01	.15794E+01
   1850.	    500.	.89953E-02	.14187E-01	.15771E+01
   1850.	    550.	.67890E-02	.10691E-01	.15747E+01
   1850.	    600.	.51450E-02	.80893E-02	.15722E+01
   1850.	    650.	.39126E-02	.61410E-02	.15695E+01
   1850.	    700.	.29841E-02	.46758E-02	.15669E+01
   1850.	    750.	.22815E-02	.35676E-02	.15637E+01
   1850.	    800.	.17479E-02	.27277E-02	.15606E+01
   1850.	    850.	.13414E-02	.20890E-02	.15574E+01
   1850.	    900.	.10308E-02	.16018E-02	.15539E+01
   1850.	    950.	.79314E-03	.12294E-02	.15501E+01
   1850.	   1000.	.61083E-03	.94478E-03	.15467E+01
   1850.	   1050.	.47076E-03	.72628E-03	.15428E+01
   1850.	   1100.	.36301E-03	.55857E-03	.15387E+01
   1850.	   1150.	.28001E-03	.42956E-03	.15341E+01
   1850.	   1200.	.21602E-03	.33025E-03	.15288E+01
   1850.	   1250.	.16666E-03	.25388E-03	.15234E+01
   1850.	   1300.	.12856E-03	.19502E-03	.15170E+01
   1850.	   1350.	.99138E-04	.14971E-03	.15101E+01
   1850.	   1400.	.76418E-04	.11475E-03	.15016E+01
   1850.	   1450.	.58873E-04	.87851E-04	.14922E+01
   1850.	   1500.	.45324E-04	.67174E-04	.14821E+01
   1850.	   1550.	.34865E-04	.51271E-04	.14705E+01
   1850.	   1600.	.26795E-04	.39072E-04	.14582E+01
   1850.	   1650.	.20571E-04	.29730E-04	.14452E+01
   1850.	   1700.	.15774E-04	.22599E-04	.14327E+01
   1850.	   1750.	.12080E-04	.17159E-04	.14205E+01
   1850.	   1800.	.92382E-05	.13024E-04	.14099E+01
   1851.	   1850.	.70203E-05	.98071E-05	.13970E+01
   1850.	   1900.	.53779E-05	.74753E-05	.13900E+01
   1850.	   1950.	.40929E-05	.56822E-05	.13883E+01
   1850.	   2000.	.31092E-05	.43066E-05	.13851E+01
   1900.	    200.	.45849E-01	.72858E-01	.15891E+01
   1900.	    250.	.32686E-01	.51921E-01	.15885E+01
   1900.	    300.	.23707E-01	.37639E-01	.15876E+01
   1900.	    350.	.17410E-01	.27619E-01	.15864E+01
   1900.	    400.	.12907E-01	.20456E-01	.15849E+01
   1900.	    450.	.96395E-02	.15255E-01	.15825E+01
   1900.	    500.	.72419E-02	.11451E-01	.15812E+01
   1900.	    550.	.54671E-02	.86328E-02	.15790E+01
   1900.	    600.	.41438E-02	.65336E-02	.15767E+01
   1900.	    650.	.31514E-02	.49605E-02	.15741E+01
   1900.	    700.	.24033E-02	.37769E-02	.15715E+01
   1900.	    750.	.18371E-02	.28822E-02	.15689E+01
   1900.	    800.	.14071E-02	.22035E-02	.15660E+01
   1900.	    850.	.10795E-02	.16873E-02	.15630E+01
   1900.	    900.	.82921E-03	.12934E-02	.15597E+01
   1900.	    950.	.63766E-03	.99252E-03	.15565E+01
   1900.	   1000.	.49077E-03	.76212E-03	.15529E+01
   1900.	   1050.	.37797E-03	.58565E-03	.15495E+01
   1900.	   1100.	.29122E-03	.45019E-03	.15459E+01
   1900.	   1150.	.22444E-03	.34614E-03	.15423E+01
   1900.	   1200.	.17298E-03	.26601E-03	.15378E+01
   1900.	   1250.	.13331E-03	.20430E-03	.15325E+01
   1900.	   1300.	.10272E-03	.15692E-03	.15276E+01
   1900.	   1350.	.79116E-04	.12035E-03	.15212E+01
   1900.	   1400.	.60905E-04	.92249E-04	.15146E+01
   1900.	   1450.	.46856E-04	.70595E-04	.15066E+01
   1900.	   1500.	.36020E-04	.53941E-04	.14975E+01
   1900.	   1550.	.27665E-04	.41141E-04	.14871E+01
   1900.	   1600.	.21226E-04	.31333E-04	.14761E+01
   1900.	   1650.	.16268E-04	.23816E-04	.14640E+01
   1900.	   1700.	.12452E-04	.18068E-04	.14511E+01
   1900.	   1750.	.95176E-05	.13691E-04	.14385E+01
   1900.	   1800.	.72642E-05	.10361E-04	.14263E+01
   1900.	   1850.	.55355E-05	.78373E-05	.14158E+01
   1900.	   1900.	.41904E-05	.58804E-05	.14033E+01
   1900.	   1950.	.31976E-05	.44666E-05	.13968E+01
   1900.	   2000.	.24234E-05	.33817E-05	.13955E+01
   1950.	    200.	.36783E-01	.58542E-01	.15916E+01
   1950.	    250.	.26247E-01	.41768E-01	.15913E+01
   1950.	    300.	.19053E-01	.30305E-01	.15906E+01
   1950.	    350.	.14001E-01	.22258E-01	.15897E+01
   1950.	    400.	.10385E-01	.16504E-01	.15892E+01
   1950.	    450.	.77588E-02	.12311E-01	.15867E+01
   1950.	    500.	.58306E-02	.92415E-02	.15850E+01
   1950.	    550.	.44024E-02	.69697E-02	.15831E+01
   1950.	    600.	.33370E-02	.52760E-02	.15810E+01
   1950.	    650.	.25376E-02	.40064E-02	.15788E+01
   1950.	    700.	.19350E-02	.30498E-02	.15762E+01
   1950.	    750.	.14787E-02	.23272E-02	.15738E+01
   1950.	    800.	.11322E-02	.17788E-02	.15711E+01
   1950.	    850.	.86820E-03	.13618E-02	.15685E+01
   1950.	    900.	.66658E-03	.10436E-02	.15656E+01
   1950.	    950.	.51228E-03	.80039E-03	.15624E+01
   1950.	   1000.	.39400E-03	.61424E-03	.15590E+01
   1950.	   1050.	.30320E-03	.47167E-03	.15557E+01
   1950.	   1100.	.23340E-03	.36236E-03	.15525E+01
   1950.	   1150.	.17971E-03	.27838E-03	.15491E+01
   1950.	   1200.	.13836E-03	.21389E-03	.15459E+01
   1950.	   1250.	.10651E-03	.16418E-03	.15414E+01
   1950.	   1300.	.81969E-04	.12595E-03	.15366E+01
   1950.	   1350.	.63052E-04	.96586E-04	.15318E+01
   1950.	   1400.	.48472E-04	.73954E-04	.15257E+01
   1950.	   1450.	.37236E-04	.56577E-04	.15194E+01
   1950.	   1500.	.28580E-04	.43209E-04	.15119E+01
   1950.	   1550.	.21915E-04	.32937E-04	.15029E+01
   1950.	   1600.	.16786E-04	.25052E-04	.14924E+01
   1950.	   1650.	.12841E-04	.19030E-04	.14820E+01
   1950.	   1700.	.98102E-05	.14420E-04	.14699E+01
   1950.	   1750.	.74838E-05	.10905E-04	.14572E+01
   1950.	   1800.	.57001E-05	.82335E-05	.14444E+01
   1950.	   1850.	.43343E-05	.62083E-05	.14323E+01
   1950.	   1900.	.32898E-05	.46780E-05	.14220E+01
   1951.	   1950.	.24798E-05	.34960E-05	.14098E+01
   1950.	   2000.	.18842E-05	.26454E-05	.14039E+01
   2000.	    200.	.29529E-01	.47082E-01	.15944E+01
   2000.	    250.	.21088E-01	.33616E-01	.15941E+01
   2000.	    300.	.15318E-01	.24369E-01	.15909E+01
   2000.	    350.	.11262E-01	.17942E-01	.15931E+01
   2000.	    400.	.83570E-02	.13304E-01	.15920E+01
   2000.	    450.	.62455E-02	.99332E-02	.15905E+01
   2000.	    500.	.46942E-02	.74594E-02	.15891E+01
   2000.	    550.	.35446E-02	.56252E-02	.15870E+01
   2000.	    600.	.26866E-02	.42590E-02	.15852E+01
   2000.	    650.	.20428E-02	.32340E-02	.15831E+01
   2000.	    700.	.15573E-02	.24618E-02	.15808E+01
   2000.	    750.	.11897E-02	.18779E-02	.15785E+01
   2000.	    800.	.91049E-03	.14351E-02	.15761E+01
   2000.	    850.	.69783E-03	.10979E-02	.15734E+01
   2000.	    900.	.53545E-03	.84119E-03	.15710E+01
   2000.	    950.	.41122E-03	.64485E-03	.15681E+01
   2000.	   1000.	.31603E-03	.49458E-03	.15650E+01
   2000.	   1050.	.24298E-03	.37956E-03	.15621E+01
   2000.	   1100.	.18687E-03	.29128E-03	.15587E+01
   2000.	   1150.	.14373E-03	.22357E-03	.15555E+01
   2000.	   1200.	.11054E-03	.17163E-03	.15527E+01
   2000.	   1250.	.84990E-04	.13166E-03	.15492E+01
   2000.	   1300.	.65321E-04	.10094E-03	.15453E+01
   2000.	   1350.	.50177E-04	.77314E-04	.15408E+01
   2000.	   1400.	.38518E-04	.59163E-04	.15360E+01
   2000.	   1450.	.29544E-04	.45212E-04	.15303E+01
   2000.	   1500.	.22639E-04	.34507E-04	.15242E+01
   2000.	   1550.	.17330E-04	.26295E-04	.15173E+01
   2000.	   1600.	.13249E-04	.19987E-04	.15085E+01
   2000.	   1650.	.10117E-04	.15158E-04	.14984E+01
   2000.	   1700.	.77136E-05	.11475E-04	.14877E+01
   2000.	   1750.	.58723E-05	.86677E-05	.14760E+01
   2000.	   1800.	.44632E-05	.65309E-05	.14633E+01
   2000.	   1850.	.33861E-05	.49119E-05	.14506E+01
   2000.	   1900.	.25641E-05	.36888E-05	.14386E+01
   2000.	   1950.	.19378E-05	.27677E-05	.14283E+01
   2000.	   2000.	.14539E-05	.20593E-05	.14164E+01
