    200.	    200.	.12936E+03	.15814E+03	.12224E+01
    200.	    250.	.11528E+03	.12948E+03	.11232E+01
    200.	    300.	.10070E+03	.10559E+03	.10485E+01
    200.	    350.	.88133E+02	.90736E+02	.10295E+01
    200.	    400.	.77434E+02	.78286E+02	.10110E+01
    200.	    450.	.68357E+02	.68488E+02	.10019E+01
    200.	    500.	.60646E+02	.60500E+02	.99759E+00
    200.	    550.	.54076E+02	.53243E+02	.98460E+00
    200.	    600.	.48451E+02	.48203E+02	.99489E+00
    200.	    650.	.43612E+02	.42953E+02	.98489E+00
    200.	    700.	.39427E+02	.39099E+02	.99168E+00
    200.	    750.	.35790E+02	.35308E+02	.98653E+00
    200.	    800.	.32614E+02	.32722E+02	.10033E+01
    200.	    850.	.29825E+02	.30021E+02	.10065E+01
    200.	    900.	.27367E+02	.27892E+02	.10192E+01
    200.	    950.	.25191E+02	.26115E+02	.10367E+01
    200.	   1000.	.23255E+02	.24408E+02	.10496E+01
    200.	   1050.	.21528E+02	.23209E+02	.10781E+01
    200.	   1100.	.19980E+02	.22118E+02	.11070E+01
    200.	   1150.	.18589E+02	.21210E+02	.11410E+01
    200.	   1200.	.17335E+02	.20549E+02	.11855E+01
    200.	   1250.	.16199E+02	.20014E+02	.12355E+01
    200.	   1300.	.15169E+02	.19556E+02	.12892E+01
    200.	   1350.	.14232E+02	.19237E+02	.13517E+01
    200.	   1400.	.13377E+02	.19037E+02	.14231E+01
    200.	   1450.	.12595E+02	.18875E+02	.14986E+01
    200.	   1500.	.11878E+02	.18869E+02	.15885E+01
    200.	   1550.	.11220E+02	.18894E+02	.16840E+01
    200.	   1600.	.10613E+02	.19018E+02	.17919E+01
    200.	   1650.	.10053E+02	.19191E+02	.19089E+01
    200.	   1700.	.95359E+01	.19430E+02	.20376E+01
    200.	   1750.	.90567E+01	.19703E+02	.21755E+01
    200.	   1800.	.86120E+01	.20078E+02	.23315E+01
    200.	   1850.	.81986E+01	.20437E+02	.24928E+01
    200.	   1900.	.78138E+01	.20900E+02	.26747E+01
    200.	   1950.	.74550E+01	.21387E+02	.28688E+01
    200.	   2000.	.71200E+01	.21909E+02	.30771E+01
    250.	    200.	.58376E+02	.72546E+02	.12427E+01
    251.	    250.	.52154E+02	.63217E+02	.12121E+01
    250.	    300.	.47595E+02	.54299E+02	.11409E+01
    250.	    350.	.42689E+02	.45880E+02	.10747E+01
    250.	    400.	.38295E+02	.39989E+02	.10442E+01
    250.	    450.	.34412E+02	.35175E+02	.10222E+01
    250.	    500.	.31003E+02	.31484E+02	.10155E+01
    250.	    550.	.28015E+02	.28259E+02	.10087E+01
    250.	    600.	.25397E+02	.25429E+02	.10013E+01
    250.	    650.	.23097E+02	.22969E+02	.99446E+00
    250.	    700.	.21073E+02	.20688E+02	.98174E+00
    250.	    750.	.19286E+02	.18818E+02	.97571E+00
    250.	    800.	.17703E+02	.17376E+02	.98148E+00
    250.	    850.	.16297E+02	.15909E+02	.97621E+00
    250.	    900.	.15043E+02	.14685E+02	.97619E+00
    250.	    950.	.13922E+02	.13548E+02	.97312E+00
    250.	   1000.	.12915E+02	.12592E+02	.97499E+00
    250.	   1050.	.12010E+02	.11790E+02	.98169E+00
    250.	   1100.	.11192E+02	.11091E+02	.99092E+00
    250.	   1150.	.10452E+02	.10413E+02	.99619E+00
    250.	   1200.	.97809E+01	.98634E+01	.10084E+01
    250.	   1250.	.91697E+01	.93561E+01	.10203E+01
    250.	   1300.	.86121E+01	.88953E+01	.10329E+01
    250.	   1350.	.81022E+01	.85159E+01	.10511E+01
    250.	   1400.	.76349E+01	.81722E+01	.10704E+01
    250.	   1450.	.72056E+01	.79144E+01	.10984E+01
    250.	   1500.	.68105E+01	.76379E+01	.11215E+01
    250.	   1550.	.64461E+01	.74274E+01	.11522E+01
    250.	   1600.	.61094E+01	.72575E+01	.11879E+01
    250.	   1650.	.57976E+01	.70870E+01	.12224E+01
    250.	   1700.	.55085E+01	.69593E+01	.12634E+01
    250.	   1750.	.52400E+01	.68520E+01	.13076E+01
    250.	   1800.	.49901E+01	.67728E+01	.13572E+01
    250.	   1850.	.47573E+01	.67038E+01	.14092E+01
    250.	   1900.	.45400E+01	.66619E+01	.14674E+01
    250.	   1950.	.43369E+01	.66319E+01	.15292E+01
    250.	   2000.	.41469E+01	.66319E+01	.15993E+01
    300.	    200.	.28429E+02	.36744E+02	.12925E+01
    300.	    250.	.26490E+02	.32658E+02	.12329E+01
    300.	    300.	.24095E+02	.29055E+02	.12059E+01
    300.	    350.	.22346E+02	.25746E+02	.11521E+01
    300.	    400.	.20408E+02	.22232E+02	.10894E+01
    300.	    450.	.18625E+02	.19706E+02	.10580E+01
    300.	    500.	.17009E+02	.17689E+02	.10400E+01
    300.	    550.	.15554E+02	.15954E+02	.10257E+01
    300.	    600.	.14249E+02	.14551E+02	.10212E+01
    300.	    650.	.13081E+02	.13207E+02	.10096E+01
    300.	    700.	.12034E+02	.12081E+02	.10039E+01
    300.	    750.	.11097E+02	.11069E+02	.99752E+00
    300.	    800.	.10255E+02	.10116E+02	.98646E+00
    300.	    850.	.94980E+01	.93027E+01	.97943E+00
    300.	    900.	.88160E+01	.86136E+01	.97704E+00
    300.	    950.	.82002E+01	.79596E+01	.97067E+00
    300.	   1000.	.76427E+01	.74150E+01	.97021E+00
    300.	   1050.	.71370E+01	.68942E+01	.96598E+00
    300.	   1100.	.66772E+01	.64494E+01	.96589E+00
    300.	   1150.	.62581E+01	.60250E+01	.96275E+00
    300.	   1200.	.58755E+01	.56811E+01	.96693E+00
    300.	   1250.	.55252E+01	.53479E+01	.96790E+00
    300.	   1300.	.52040E+01	.50354E+01	.96760E+00
    300.	   1350.	.49088E+01	.47800E+01	.97375E+00
    300.	   1400.	.46371E+01	.45453E+01	.98021E+00
    300.	   1450.	.43864E+01	.43377E+01	.98890E+00
    300.	   1500.	.41547E+01	.41381E+01	.99599E+00
    300.	   1550.	.39403E+01	.39561E+01	.10040E+01
    300.	   1600.	.37415E+01	.38137E+01	.10193E+01
    300.	   1650.	.35568E+01	.36605E+01	.10291E+01
    300.	   1700.	.33850E+01	.35389E+01	.10455E+01
    300.	   1750.	.32250E+01	.34231E+01	.10614E+01
    300.	   1800.	.30757E+01	.33165E+01	.10783E+01
    300.	   1850.	.29362E+01	.32245E+01	.10982E+01
    300.	   1900.	.28058E+01	.31412E+01	.11195E+01
    300.	   1950.	.26835E+01	.30662E+01	.11426E+01
    300.	   2000.	.25689E+01	.30012E+01	.11683E+01
    350.	    200.	.14791E+02	.19612E+02	.13260E+01
    350.	    250.	.14092E+02	.18001E+02	.12774E+01
    350.	    300.	.13246E+02	.16248E+02	.12266E+01
    351.	    350.	.12207E+02	.14674E+02	.12021E+01
    350.	    400.	.11454E+02	.13296E+02	.11608E+01
    350.	    450.	.10599E+02	.11729E+02	.11066E+01
    350.	    500.	.97976E+01	.10515E+02	.10732E+01
    350.	    550.	.90564E+01	.95398E+01	.10534E+01
    350.	    600.	.83765E+01	.87031E+01	.10390E+01
    350.	    650.	.77558E+01	.79844E+01	.10295E+01
    350.	    700.	.71906E+01	.73245E+01	.10186E+01
    350.	    750.	.66764E+01	.67549E+01	.10118E+01
    350.	    800.	.62089E+01	.62272E+01	.10029E+01
    350.	    850.	.57836E+01	.57598E+01	.99587E+00
    350.	    900.	.53964E+01	.53483E+01	.99110E+00
    350.	    950.	.50434E+01	.49619E+01	.98385E+00
    350.	   1000.	.47211E+01	.46164E+01	.97783E+00
    350.	   1050.	.44265E+01	.42889E+01	.96893E+00
    350.	   1100.	.41566E+01	.40237E+01	.96802E+00
    350.	   1150.	.39091E+01	.37690E+01	.96415E+00
    350.	   1200.	.36817E+01	.35443E+01	.96266E+00
    350.	   1250.	.34725E+01	.33362E+01	.96077E+00
    350.	   1300.	.32796E+01	.31440E+01	.95866E+00
    350.	   1350.	.31014E+01	.29666E+01	.95653E+00
    350.	   1400.	.29367E+01	.28231E+01	.96131E+00
    350.	   1450.	.27841E+01	.26670E+01	.95795E+00
    350.	   1500.	.26426E+01	.25373E+01	.96016E+00
    350.	   1550.	.25110E+01	.24145E+01	.96154E+00
    350.	   1600.	.23887E+01	.23055E+01	.96517E+00
    350.	   1650.	.22747E+01	.22060E+01	.96978E+00
    350.	   1700.	.21683E+01	.21153E+01	.97552E+00
    350.	   1750.	.20690E+01	.20293E+01	.98084E+00
    350.	   1800.	.19760E+01	.19515E+01	.98760E+00
    350.	   1850.	.18890E+01	.18794E+01	.99494E+00
    350.	   1900.	.18073E+01	.18112E+01	.10022E+01
    350.	   1950.	.17307E+01	.17526E+01	.10126E+01
    350.	   2000.	.16587E+01	.16955E+01	.10222E+01
    400.	    200.	.80793E+01	.10892E+02	.13482E+01
    400.	    250.	.78386E+01	.10266E+02	.13097E+01
    400.	    300.	.74950E+01	.94932E+01	.12666E+01
    400.	    350.	.70961E+01	.86757E+01	.12226E+01
    400.	    400.	.66055E+01	.79262E+01	.11999E+01
    400.	    450.	.62538E+01	.72910E+01	.11658E+01
    400.	    500.	.58452E+01	.65384E+01	.11186E+01
    400.	    550.	.54566E+01	.59245E+01	.10857E+01
    400.	    600.	.50918E+01	.54280E+01	.10660E+01
    400.	    650.	.47521E+01	.50055E+01	.10533E+01
    400.	    700.	.44375E+01	.46144E+01	.10399E+01
    400.	    750.	.41471E+01	.42822E+01	.10326E+01
    400.	    800.	.38795E+01	.39657E+01	.10222E+01
    400.	    850.	.36333E+01	.36723E+01	.10107E+01
    400.	    900.	.34068E+01	.34247E+01	.10053E+01
    400.	    950.	.31984E+01	.31883E+01	.99684E+00
    400.	   1000.	.30065E+01	.29842E+01	.99259E+00
    400.	   1050.	.28297E+01	.27941E+01	.98744E+00
    400.	   1100.	.26666E+01	.26091E+01	.97844E+00
    400.	   1150.	.25161E+01	.24534E+01	.97507E+00
    400.	   1200.	.23770E+01	.23084E+01	.97115E+00
    400.	   1250.	.22482E+01	.21741E+01	.96701E+00
    400.	   1300.	.21289E+01	.20519E+01	.96379E+00
    400.	   1350.	.20183E+01	.19363E+01	.95935E+00
    400.	   1400.	.19155E+01	.18317E+01	.95628E+00
    400.	   1450.	.18199E+01	.17369E+01	.95439E+00
    400.	   1500.	.17309E+01	.16527E+01	.95485E+00
    400.	   1550.	.16478E+01	.15726E+01	.95436E+00
    400.	   1600.	.15703E+01	.14966E+01	.95303E+00
    400.	   1650.	.14979E+01	.14280E+01	.95335E+00
    400.	   1700.	.14301E+01	.13650E+01	.95448E+00
    400.	   1750.	.13666E+01	.13074E+01	.95667E+00
    400.	   1800.	.13071E+01	.12517E+01	.95765E+00
    400.	   1850.	.12511E+01	.12020E+01	.96073E+00
    400.	   1900.	.11986E+01	.11562E+01	.96464E+00
    400.	   1950.	.11491E+01	.11097E+01	.96572E+00
    400.	   2000.	.11026E+01	.10695E+01	.97006E+00
    450.	    200.	.45799E+01	.62432E+01	.13632E+01
    450.	    250.	.45103E+01	.60084E+01	.13321E+01
    450.	    300.	.43762E+01	.56761E+01	.12971E+01
    450.	    350.	.42002E+01	.52863E+01	.12586E+01
    450.	    400.	.40006E+01	.48803E+01	.12199E+01
    451.	    450.	.37536E+01	.44996E+01	.11987E+01
    450.	    500.	.35789E+01	.41885E+01	.11703E+01
    450.	    550.	.33716E+01	.38028E+01	.11279E+01
    450.	    600.	.31722E+01	.34813E+01	.10974E+01
    450.	    650.	.29827E+01	.32166E+01	.10784E+01
    450.	    700.	.28041E+01	.29804E+01	.10629E+01
    450.	    750.	.26368E+01	.27696E+01	.10504E+01
    450.	    800.	.24805E+01	.25880E+01	.10433E+01
    450.	    850.	.23350E+01	.24103E+01	.10322E+01
    450.	    900.	.21998E+01	.22512E+01	.10234E+01
    450.	    950.	.20741E+01	.21049E+01	.10148E+01
    450.	   1000.	.19575E+01	.19737E+01	.10083E+01
    450.	   1050.	.18492E+01	.18525E+01	.10018E+01
    450.	   1100.	.17486E+01	.17384E+01	.99420E+00
    450.	   1150.	.16551E+01	.16347E+01	.98770E+00
    450.	   1200.	.15682E+01	.15421E+01	.98339E+00
    450.	   1250.	.14873E+01	.14536E+01	.97729E+00
    450.	   1300.	.14120E+01	.13752E+01	.97392E+00
    450.	   1350.	.13419E+01	.13018E+01	.97018E+00
    450.	   1400.	.12764E+01	.12334E+01	.96636E+00
    450.	   1450.	.12152E+01	.11677E+01	.96085E+00
    450.	   1500.	.11581E+01	.11098E+01	.95832E+00
    450.	   1550.	.11046E+01	.10560E+01	.95606E+00
    450.	   1600.	.10545E+01	.10062E+01	.95421E+00
    450.	   1650.	.10075E+01	.96042E+00	.95329E+00
    450.	   1700.	.96339E+00	.91714E+00	.95200E+00
    450.	   1750.	.92196E+00	.87665E+00	.95085E+00
    450.	   1800.	.88300E+00	.83923E+00	.95042E+00
    450.	   1850.	.84633E+00	.80430E+00	.95034E+00
    450.	   1900.	.81178E+00	.77166E+00	.95057E+00
    450.	   1950.	.77920E+00	.74082E+00	.95074E+00
    450.	   2000.	.74845E+00	.71337E+00	.95313E+00
    500.	    200.	.26727E+01	.36707E+01	.13734E+01
    500.	    250.	.26646E+01	.35913E+01	.13478E+01
    500.	    300.	.26179E+01	.34533E+01	.13191E+01
    500.	    350.	.25430E+01	.32730E+01	.12871E+01
    500.	    400.	.24494E+01	.30678E+01	.12525E+01
    500.	    450.	.23448E+01	.28560E+01	.12180E+01
    500.	    500.	.22141E+01	.26529E+01	.11982E+01
    500.	    550.	.21233E+01	.24919E+01	.11736E+01
    500.	    600.	.20132E+01	.22887E+01	.11369E+01
    500.	    650.	.19063E+01	.21137E+01	.11088E+01
    500.	    700.	.18036E+01	.19627E+01	.10882E+01
    500.	    750.	.17059E+01	.18316E+01	.10737E+01
    500.	    800.	.16134E+01	.17125E+01	.10614E+01
    500.	    850.	.15263E+01	.16064E+01	.10525E+01
    500.	    900.	.14444E+01	.15041E+01	.10414E+01
    500.	    950.	.13675E+01	.14111E+01	.10319E+01
    500.	   1000.	.12956E+01	.13253E+01	.10230E+01
    500.	   1050.	.12283E+01	.12498E+01	.10175E+01
    500.	   1100.	.11653E+01	.11768E+01	.10099E+01
    500.	   1150.	.11064E+01	.11101E+01	.10033E+01
    500.	   1200.	.10513E+01	.10488E+01	.99760E+00
    500.	   1250.	.99979E+00	.99198E+00	.99219E+00
    500.	   1300.	.95155E+00	.93892E+00	.98673E+00
    500.	   1350.	.90637E+00	.88871E+00	.98052E+00
    500.	   1400.	.86404E+00	.84331E+00	.97601E+00
    500.	   1450.	.82433E+00	.80187E+00	.97275E+00
    500.	   1500.	.78708E+00	.76239E+00	.96863E+00
    500.	   1550.	.75209E+00	.72537E+00	.96447E+00
    500.	   1600.	.71921E+00	.69170E+00	.96176E+00
    500.	   1650.	.68828E+00	.66042E+00	.95952E+00
    500.	   1700.	.65916E+00	.63140E+00	.95789E+00
    500.	   1750.	.63173E+00	.60332E+00	.95503E+00
    500.	   1800.	.60586E+00	.57689E+00	.95219E+00
    500.	   1850.	.58145E+00	.55267E+00	.95050E+00
    500.	   1900.	.55840E+00	.53089E+00	.95073E+00
    500.	   1950.	.53661E+00	.50975E+00	.94994E+00
    500.	   2000.	.51601E+00	.48974E+00	.94910E+00
    550.	    200.	.15962E+01	.22037E+01	.13806E+01
    550.	    250.	.16074E+01	.21842E+01	.13589E+01
    550.	    300.	.15962E+01	.21311E+01	.13351E+01
    550.	    350.	.15671E+01	.20504E+01	.13084E+01
    550.	    400.	.15247E+01	.19501E+01	.12790E+01
    550.	    450.	.14734E+01	.18383E+01	.12476E+01
    550.	    500.	.14165E+01	.17234E+01	.12167E+01
    551.	    550.	.13446E+01	.16108E+01	.11979E+01
    550.	    600.	.12956E+01	.15237E+01	.11760E+01
    550.	    650.	.12350E+01	.14122E+01	.11434E+01
    550.	    700.	.11757E+01	.13135E+01	.11172E+01
    550.	    750.	.11182E+01	.12268E+01	.10971E+01
    550.	    800.	.10630E+01	.11511E+01	.10829E+01
    550.	    850.	.10103E+01	.10806E+01	.10696E+01
    550.	    900.	.96030E+00	.10186E+01	.10607E+01
    550.	    950.	.91289E+00	.95812E+00	.10495E+01
    550.	   1000.	.86810E+00	.90416E+00	.10415E+01
    550.	   1050.	.82584E+00	.85218E+00	.10319E+01
    550.	   1100.	.78603E+00	.80585E+00	.10252E+01
    550.	   1150.	.74854E+00	.76148E+00	.10173E+01
    550.	   1200.	.71326E+00	.72124E+00	.10112E+01
    550.	   1250.	.68007E+00	.68412E+00	.10060E+01
    550.	   1300.	.64884E+00	.64919E+00	.10005E+01
    550.	   1350.	.61945E+00	.61595E+00	.99435E+00
    550.	   1400.	.59179E+00	.58524E+00	.98894E+00
    550.	   1450.	.56574E+00	.55689E+00	.98435E+00
    550.	   1500.	.54120E+00	.53059E+00	.98039E+00
    550.	   1550.	.51807E+00	.50641E+00	.97748E+00
    550.	   1600.	.49626E+00	.48295E+00	.97318E+00
    550.	   1650.	.47568E+00	.46064E+00	.96839E+00
    550.	   1700.	.45624E+00	.44006E+00	.96452E+00
    550.	   1750.	.43788E+00	.42166E+00	.96296E+00
    550.	   1800.	.42052E+00	.40356E+00	.95966E+00
    550.	   1850.	.40410E+00	.38699E+00	.95768E+00
    550.	   1900.	.38855E+00	.37124E+00	.95546E+00
    550.	   1950.	.37382E+00	.35677E+00	.95438E+00
    550.	   2000.	.35986E+00	.34264E+00	.95214E+00
    600.	    200.	.97138E+00	.13459E+01	.13856E+01
    600.	    250.	.98615E+00	.13478E+01	.13667E+01
    600.	    300.	.98826E+00	.13308E+01	.13466E+01
    600.	    350.	.97930E+00	.12969E+01	.13243E+01
    600.	    400.	.96152E+00	.12495E+01	.12995E+01
    600.	    450.	.93719E+00	.11924E+01	.12723E+01
    600.	    500.	.90826E+00	.11297E+01	.12437E+01
    600.	    550.	.87637E+00	.10654E+01	.12157E+01
    600.	    600.	.83564E+00	.10010E+01	.11979E+01
    600.	    650.	.80845E+00	.95232E+00	.11780E+01
    600.	    700.	.77409E+00	.88991E+00	.11496E+01
    600.	    750.	.74021E+00	.83238E+00	.11245E+01
    600.	    800.	.70717E+00	.78187E+00	.11056E+01
    600.	    850.	.67520E+00	.73721E+00	.10918E+01
    600.	    900.	.64447E+00	.69505E+00	.10785E+01
    600.	    950.	.61505E+00	.65731E+00	.10687E+01
    600.	   1000.	.58700E+00	.62144E+00	.10587E+01
    600.	   1050.	.56031E+00	.58796E+00	.10493E+01
    600.	   1100.	.53497E+00	.55715E+00	.10415E+01
    600.	   1150.	.51096E+00	.52766E+00	.10327E+01
    600.	   1200.	.48821E+00	.50077E+00	.10257E+01
    600.	   1250.	.46668E+00	.47579E+00	.10195E+01
    600.	   1300.	.44632E+00	.45247E+00	.10138E+01
    600.	   1350.	.42707E+00	.43034E+00	.10077E+01
    600.	   1400.	.40886E+00	.40923E+00	.10009E+01
    600.	   1450.	.39164E+00	.39039E+00	.99678E+00
    600.	   1500.	.37536E+00	.37221E+00	.99161E+00
    600.	   1550.	.35996E+00	.35558E+00	.98784E+00
    600.	   1600.	.34538E+00	.33964E+00	.98338E+00
    600.	   1650.	.33158E+00	.32465E+00	.97909E+00
    600.	   1700.	.31851E+00	.31079E+00	.97578E+00
    600.	   1750.	.30612E+00	.29742E+00	.97158E+00
    600.	   1800.	.29438E+00	.28516E+00	.96868E+00
    600.	   1850.	.28324E+00	.27362E+00	.96601E+00
    600.	   1900.	.27267E+00	.26270E+00	.96343E+00
    600.	   1950.	.26264E+00	.25223E+00	.96038E+00
    600.	   2000.	.25311E+00	.24275E+00	.95906E+00
    650.	    200.	.60030E+00	.83389E+00	.13891E+01
    650.	    250.	.61341E+00	.84173E+00	.13722E+01
    650.	    300.	.61948E+00	.83933E+00	.13549E+01
    650.	    350.	.61890E+00	.82684E+00	.13360E+01
    650.	    400.	.61265E+00	.80562E+00	.13150E+01
    650.	    450.	.60186E+00	.77749E+00	.12918E+01
    650.	    500.	.58766E+00	.74440E+00	.12667E+01
    650.	    550.	.57100E+00	.70833E+00	.12405E+01
    650.	    600.	.55269E+00	.67143E+00	.12148E+01
    651.	    650.	.52900E+00	.63373E+00	.11980E+01
    650.	    700.	.51357E+00	.60583E+00	.11796E+01
    650.	    750.	.49363E+00	.56948E+00	.11537E+01
    650.	    800.	.47385E+00	.53571E+00	.11306E+01
    650.	    850.	.45443E+00	.50555E+00	.11125E+01
    650.	    900.	.43553E+00	.47860E+00	.10989E+01
    650.	    950.	.41723E+00	.45322E+00	.10863E+01
    650.	   1000.	.39961E+00	.43009E+00	.10763E+01
    650.	   1050.	.38271E+00	.40821E+00	.10666E+01
    650.	   1100.	.36653E+00	.38747E+00	.10571E+01
    650.	   1150.	.35108E+00	.36834E+00	.10492E+01
    650.	   1200.	.33635E+00	.35012E+00	.10409E+01
    650.	   1250.	.32233E+00	.33323E+00	.10338E+01
    650.	   1300.	.30900E+00	.31723E+00	.10267E+01
    650.	   1350.	.29633E+00	.30262E+00	.10212E+01
    650.	   1400.	.28429E+00	.28849E+00	.10148E+01
    650.	   1450.	.27285E+00	.27532E+00	.10091E+01
    650.	   1500.	.26199E+00	.26300E+00	.10038E+01
    650.	   1550.	.25168E+00	.25129E+00	.99845E+00
    650.	   1600.	.24189E+00	.24063E+00	.99478E+00
    650.	   1650.	.23259E+00	.23028E+00	.99010E+00
    650.	   1700.	.22375E+00	.22050E+00	.98550E+00
    650.	   1750.	.21535E+00	.21160E+00	.98257E+00
    650.	   1800.	.20737E+00	.20285E+00	.97821E+00
    650.	   1850.	.19978E+00	.19482E+00	.97517E+00
    650.	   1900.	.19256E+00	.18712E+00	.97178E+00
    650.	   1950.	.18568E+00	.17992E+00	.96895E+00
    650.	   2000.	.17914E+00	.17324E+00	.96707E+00
    700.	    200.	.37571E+00	.52286E+00	.13916E+01
    700.	    250.	.38590E+00	.53105E+00	.13761E+01
    700.	    300.	.39226E+00	.53381E+00	.13608E+01
    700.	    350.	.39470E+00	.53070E+00	.13446E+01
    700.	    400.	.39357E+00	.52214E+00	.13267E+01
    700.	    450.	.38944E+00	.50894E+00	.13069E+01
    700.	    500.	.38288E+00	.49206E+00	.12852E+01
    700.	    550.	.37447E+00	.47254E+00	.12619E+01
    700.	    600.	.36470E+00	.45139E+00	.12377E+01
    700.	    650.	.35398E+00	.42976E+00	.12141E+01
    700.	    700.	.33991E+00	.40723E+00	.11980E+01
    700.	    750.	.33099E+00	.39094E+00	.11811E+01
    700.	    800.	.31919E+00	.36942E+00	.11574E+01
    700.	    850.	.30743E+00	.34930E+00	.11362E+01
    700.	    900.	.29582E+00	.33084E+00	.11184E+01
    700.	    950.	.28445E+00	.31438E+00	.11052E+01
    700.	   1000.	.27338E+00	.29880E+00	.10930E+01
    700.	   1050.	.26266E+00	.28446E+00	.10830E+01
    700.	   1100.	.25231E+00	.27082E+00	.10733E+01
    700.	   1150.	.24236E+00	.25788E+00	.10640E+01
    700.	   1200.	.23281E+00	.24584E+00	.10559E+01
    700.	   1250.	.22366E+00	.23435E+00	.10478E+01
    700.	   1300.	.21491E+00	.22361E+00	.10405E+01
    700.	   1350.	.20655E+00	.21354E+00	.10338E+01
    700.	   1400.	.19857E+00	.20420E+00	.10283E+01
    700.	   1450.	.19095E+00	.19509E+00	.10217E+01
    700.	   1500.	.18369E+00	.18660E+00	.10158E+01
    700.	   1550.	.17677E+00	.17876E+00	.10113E+01
    700.	   1600.	.17017E+00	.17112E+00	.10056E+01
    700.	   1650.	.16388E+00	.16418E+00	.10018E+01
    700.	   1700.	.15789E+00	.15733E+00	.99648E+00
    700.	   1750.	.15217E+00	.15103E+00	.99250E+00
    700.	   1800.	.14673E+00	.14503E+00	.98842E+00
    700.	   1850.	.14153E+00	.13932E+00	.98432E+00
    700.	   1900.	.13658E+00	.13406E+00	.98151E+00
    700.	   1950.	.13186E+00	.12899E+00	.97827E+00
    700.	   2000.	.12735E+00	.12421E+00	.97529E+00
    750.	    200.	.23763E+00	.33111E+00	.13934E+01
    750.	    250.	.24506E+00	.33790E+00	.13788E+01
    750.	    300.	.25045E+00	.34188E+00	.13651E+01
    750.	    350.	.25357E+00	.34253E+00	.13508E+01
    750.	    400.	.25450E+00	.33986E+00	.13354E+01
    750.	    450.	.25347E+00	.33417E+00	.13184E+01
    750.	    500.	.25080E+00	.32596E+00	.12997E+01
    750.	    550.	.24680E+00	.31573E+00	.12793E+01
    750.	    600.	.24176E+00	.30404E+00	.12577E+01
    750.	    650.	.23593E+00	.29143E+00	.12352E+01
    750.	    700.	.22956E+00	.27854E+00	.12134E+01
    751.	    750.	.22105E+00	.26484E+00	.11981E+01
    750.	    800.	.21583E+00	.25517E+00	.11823E+01
    750.	    850.	.20874E+00	.24223E+00	.11605E+01
    750.	    900.	.20163E+00	.23004E+00	.11409E+01
    750.	    950.	.19459E+00	.21872E+00	.11240E+01
    750.	   1000.	.18765E+00	.20855E+00	.11114E+01
    750.	   1050.	.18086E+00	.19886E+00	.10995E+01
    750.	   1100.	.17426E+00	.18978E+00	.10891E+01
    750.	   1150.	.16785E+00	.18123E+00	.10797E+01
    750.	   1200.	.16166E+00	.17311E+00	.10708E+01
    750.	   1250.	.15568E+00	.16541E+00	.10625E+01
    750.	   1300.	.14994E+00	.15812E+00	.10545E+01
    750.	   1350.	.14442E+00	.15125E+00	.10473E+01
    750.	   1400.	.13912E+00	.14476E+00	.10405E+01
    750.	   1450.	.13405E+00	.13867E+00	.10345E+01
    750.	   1500.	.12918E+00	.13285E+00	.10284E+01
    750.	   1550.	.12453E+00	.12733E+00	.10225E+01
    750.	   1600.	.12008E+00	.12216E+00	.10173E+01
    750.	   1650.	.11582E+00	.11720E+00	.10119E+01
    750.	   1700.	.11175E+00	.11262E+00	.10078E+01
    750.	   1750.	.10785E+00	.10815E+00	.10027E+01
    750.	   1800.	.10413E+00	.10395E+00	.99830E+00
    750.	   1850.	.10057E+00	.10004E+00	.99473E+00
    750.	   1900.	.97171E-01	.96287E-01	.99090E+00
    750.	   1950.	.93917E-01	.92713E-01	.98718E+00
    750.	   2000.	.90806E-01	.89367E-01	.98415E+00
    800.	    200.	.15160E+00	.21142E+00	.13946E+01
    800.	    250.	.15682E+00	.21652E+00	.13807E+01
    800.	    300.	.16099E+00	.22024E+00	.13680E+01
    800.	    350.	.16387E+00	.22210E+00	.13553E+01
    800.	    400.	.16542E+00	.22197E+00	.13419E+01
    800.	    450.	.16574E+00	.21995E+00	.13271E+01
    800.	    500.	.16496E+00	.21625E+00	.13109E+01
    800.	    550.	.16325E+00	.21112E+00	.12932E+01
    800.	    600.	.16079E+00	.20487E+00	.12741E+01
    800.	    650.	.15774E+00	.19778E+00	.12538E+01
    800.	    700.	.15423E+00	.19016E+00	.12330E+01
    800.	    750.	.15038E+00	.18236E+00	.12127E+01
    800.	    800.	.14517E+00	.17392E+00	.11981E+01
    800.	    850.	.14207E+00	.16810E+00	.11832E+01
    800.	    900.	.13775E+00	.16021E+00	.11630E+01
    800.	    950.	.13341E+00	.15276E+00	.11450E+01
    800.	   1000.	.12908E+00	.14572E+00	.11289E+01
    800.	   1050.	.12480E+00	.13932E+00	.11164E+01
    800.	   1100.	.12059E+00	.13325E+00	.11050E+01
    800.	   1150.	.11648E+00	.12752E+00	.10948E+01
    800.	   1200.	.11247E+00	.12207E+00	.10854E+01
    800.	   1250.	.10858E+00	.11691E+00	.10767E+01
    800.	   1300.	.10481E+00	.11195E+00	.10682E+01
    800.	   1350.	.10117E+00	.10731E+00	.10608E+01
    800.	   1400.	.97655E-01	.10284E+00	.10531E+01
    800.	   1450.	.94272E-01	.98651E-01	.10464E+01
    800.	   1500.	.91018E-01	.94710E-01	.10406E+01
    800.	   1550.	.87890E-01	.90895E-01	.10342E+01
    800.	   1600.	.84886E-01	.87319E-01	.10287E+01
    800.	   1650.	.82002E-01	.83920E-01	.10234E+01
    800.	   1700.	.79235E-01	.80669E-01	.10181E+01
    800.	   1750.	.76581E-01	.77600E-01	.10133E+01
    800.	   1800.	.74035E-01	.74664E-01	.10085E+01
    800.	   1850.	.71596E-01	.71905E-01	.10043E+01
    800.	   1900.	.69257E-01	.69287E-01	.10004E+01
    800.	   1950.	.67015E-01	.66774E-01	.99641E+00
    800.	   2000.	.64865E-01	.64393E-01	.99273E+00
    850.	    200.	.97406E-01	.13591E+00	.13953E+01
    850.	    250.	.10100E+00	.13956E+00	.13818E+01
    850.	    300.	.10406E+00	.14256E+00	.13700E+01
    850.	    350.	.10641E+00	.14455E+00	.13585E+01
    850.	    400.	.10797E+00	.14538E+00	.13466E+01
    850.	    450.	.10875E+00	.14504E+00	.13337E+01
    850.	    500.	.10883E+00	.14361E+00	.13196E+01
    850.	    550.	.10828E+00	.14121E+00	.13041E+01
    850.	    600.	.10719E+00	.13800E+00	.12874E+01
    850.	    650.	.10568E+00	.13414E+00	.12693E+01
    850.	    700.	.10381E+00	.12979E+00	.12503E+01
    850.	    750.	.10167E+00	.12514E+00	.12309E+01
    850.	    800.	.99322E-01	.12037E+00	.12119E+01
    851.	    850.	.96089E-01	.11511E+00	.11979E+01
    850.	    900.	.94233E-01	.11156E+00	.11839E+01
    850.	    950.	.91579E-01	.10669E+00	.11651E+01
    850.	   1000.	.88895E-01	.10207E+00	.11482E+01
    850.	   1050.	.86210E-01	.97690E-01	.11332E+01
    850.	   1100.	.83543E-01	.93647E-01	.11210E+01
    850.	   1150.	.80910E-01	.89808E-01	.11100E+01
    850.	   1200.	.78324E-01	.86148E-01	.10999E+01
    850.	   1250.	.75795E-01	.82679E-01	.10908E+01
    850.	   1300.	.73330E-01	.79351E-01	.10821E+01
    850.	   1350.	.70933E-01	.76167E-01	.10738E+01
    850.	   1400.	.68608E-01	.73144E-01	.10661E+01
    850.	   1450.	.66358E-01	.70276E-01	.10590E+01
    850.	   1500.	.64183E-01	.67527E-01	.10521E+01
    850.	   1550.	.62083E-01	.64941E-01	.10460E+01
    850.	   1600.	.60058E-01	.62457E-01	.10399E+01
    850.	   1650.	.58107E-01	.60086E-01	.10340E+01
    850.	   1700.	.56228E-01	.57861E-01	.10290E+01
    850.	   1750.	.54420E-01	.55695E-01	.10234E+01
    850.	   1800.	.52681E-01	.53692E-01	.10192E+01
    850.	   1850.	.51009E-01	.51742E-01	.10144E+01
    850.	   1900.	.49402E-01	.49905E-01	.10102E+01
    850.	   1950.	.47858E-01	.48134E-01	.10058E+01
    850.	   2000.	.46373E-01	.46464E-01	.10020E+01
    900.	    200.	.62946E-01	.87851E-01	.13957E+01
    900.	    250.	.65378E-01	.90384E-01	.13825E+01
    900.	    300.	.67561E-01	.92640E-01	.13712E+01
    900.	    350.	.69354E-01	.94363E-01	.13606E+01
    900.	    400.	.70687E-01	.95419E-01	.13499E+01
    900.	    450.	.71546E-01	.95764E-01	.13385E+01
    900.	    500.	.71950E-01	.95416E-01	.13261E+01
    900.	    550.	.71939E-01	.94431E-01	.13126E+01
    900.	    600.	.71565E-01	.92886E-01	.12979E+01
    900.	    650.	.70881E-01	.90868E-01	.12820E+01
    900.	    700.	.69939E-01	.88469E-01	.12649E+01
    900.	    750.	.68788E-01	.85784E-01	.12471E+01
    900.	    800.	.67472E-01	.82911E-01	.12288E+01
    900.	    850.	.66028E-01	.79964E-01	.12111E+01
    900.	    900.	.64002E-01	.76653E-01	.11977E+01
    900.	    950.	.62885E-01	.74475E-01	.11843E+01
    900.	   1000.	.61237E-01	.71453E-01	.11668E+01
    900.	   1050.	.59565E-01	.68559E-01	.11510E+01
    900.	   1100.	.57885E-01	.65796E-01	.11367E+01
    900.	   1150.	.56210E-01	.63228E-01	.11249E+01
    900.	   1200.	.54551E-01	.60773E-01	.11141E+01
    900.	   1250.	.52914E-01	.58440E-01	.11044E+01
    900.	   1300.	.51308E-01	.56203E-01	.10954E+01
    900.	   1350.	.49736E-01	.54057E-01	.10869E+01
    900.	   1400.	.48202E-01	.51995E-01	.10787E+01
    900.	   1450.	.46710E-01	.50039E-01	.10713E+01
    900.	   1500.	.45260E-01	.48144E-01	.10637E+01
    900.	   1550.	.43854E-01	.46355E-01	.10570E+01
    900.	   1600.	.42492E-01	.44669E-01	.10512E+01
    900.	   1650.	.41175E-01	.43040E-01	.10453E+01
    900.	   1700.	.39902E-01	.41476E-01	.10394E+01
    900.	   1750.	.38672E-01	.39986E-01	.10340E+01
    900.	   1800.	.37486E-01	.38574E-01	.10290E+01
    900.	   1850.	.36342E-01	.37214E-01	.10240E+01
    900.	   1900.	.35239E-01	.35916E-01	.10192E+01
    900.	   1950.	.34176E-01	.34687E-01	.10149E+01
    900.	   2000.	.33152E-01	.33521E-01	.10111E+01
    950.	    200.	.40863E-01	.57033E-01	.13957E+01
    950.	    250.	.42493E-01	.58756E-01	.13827E+01
    950.	    300.	.44017E-01	.60383E-01	.13718E+01
    950.	    350.	.45334E-01	.61739E-01	.13619E+01
    950.	    400.	.46387E-01	.62720E-01	.13521E+01
    950.	    450.	.47154E-01	.63277E-01	.13419E+01
    950.	    500.	.47634E-01	.63403E-01	.13310E+01
    950.	    550.	.47846E-01	.63115E-01	.13191E+01
    950.	    600.	.47812E-01	.62452E-01	.13062E+01
    950.	    650.	.47564E-01	.61458E-01	.12921E+01
    950.	    700.	.47132E-01	.60184E-01	.12769E+01
    950.	    750.	.46545E-01	.58685E-01	.12608E+01
    950.	    800.	.45831E-01	.57013E-01	.12440E+01
    950.	    850.	.45016E-01	.55227E-01	.12268E+01
    950.	    900.	.44120E-01	.53391E-01	.12101E+01
    951.	    950.	.42840E-01	.51291E-01	.11973E+01
    950.	   1000.	.42164E-01	.49945E-01	.11845E+01
    950.	   1050.	.41134E-01	.48053E-01	.11682E+01
    950.	   1100.	.40085E-01	.46230E-01	.11533E+01
    950.	   1150.	.39027E-01	.44483E-01	.11398E+01
    950.	   1200.	.37969E-01	.42840E-01	.11283E+01
    950.	   1250.	.36916E-01	.41265E-01	.11178E+01
    950.	   1300.	.35875E-01	.39765E-01	.11084E+01
    950.	   1350.	.34849E-01	.38312E-01	.10994E+01
    950.	   1400.	.33841E-01	.36932E-01	.10913E+01
    950.	   1450.	.32855E-01	.35588E-01	.10832E+01
    950.	   1500.	.31892E-01	.34304E-01	.10756E+01
    950.	   1550.	.30954E-01	.33074E-01	.10685E+01
    950.	   1600.	.30041E-01	.31901E-01	.10619E+01
    950.	   1650.	.29154E-01	.30782E-01	.10558E+01
    950.	   1700.	.28294E-01	.29705E-01	.10499E+01
    950.	   1750.	.27460E-01	.28668E-01	.10440E+01
    950.	   1800.	.26653E-01	.27687E-01	.10388E+01
    950.	   1850.	.25872E-01	.26744E-01	.10337E+01
    950.	   1900.	.25117E-01	.25834E-01	.10285E+01
    950.	   1950.	.24388E-01	.24976E-01	.10241E+01
    950.	   2000.	.23683E-01	.24150E-01	.10197E+01
   1000.	    200.	.26620E-01	.37150E-01	.13955E+01
   1000.	    250.	.27705E-01	.38305E-01	.13826E+01
   1000.	    300.	.28752E-01	.39447E-01	.13720E+01
   1000.	    350.	.29694E-01	.40460E-01	.13625E+01
   1000.	    400.	.30489E-01	.41266E-01	.13535E+01
   1000.	    450.	.31112E-01	.41824E-01	.13443E+01
   1000.	    500.	.31559E-01	.42117E-01	.13345E+01
   1000.	    550.	.31832E-01	.42147E-01	.13240E+01
   1000.	    600.	.31945E-01	.41930E-01	.13126E+01
   1000.	    650.	.31911E-01	.41489E-01	.13001E+01
   1000.	    700.	.31749E-01	.40850E-01	.12867E+01
   1000.	    750.	.31476E-01	.40044E-01	.12722E+01
   1000.	    800.	.31109E-01	.39101E-01	.12569E+01
   1000.	    850.	.30664E-01	.38055E-01	.12410E+01
   1000.	    900.	.30156E-01	.36936E-01	.12249E+01
   1000.	    950.	.29597E-01	.35786E-01	.12091E+01
   1000.	   1000.	.28783E-01	.34445E-01	.11967E+01
   1000.	   1050.	.28373E-01	.33608E-01	.11845E+01
   1000.	   1100.	.27725E-01	.32418E-01	.11693E+01
   1000.	   1150.	.27063E-01	.31265E-01	.11553E+01
   1000.	   1200.	.26394E-01	.30147E-01	.11422E+01
   1000.	   1250.	.25721E-01	.29097E-01	.11312E+01
   1000.	   1300.	.25051E-01	.28083E-01	.11210E+01
   1000.	   1350.	.24385E-01	.27115E-01	.11120E+01
   1000.	   1400.	.23727E-01	.26173E-01	.11031E+01
   1000.	   1450.	.23078E-01	.25270E-01	.10950E+01
   1000.	   1500.	.22442E-01	.24396E-01	.10871E+01
   1000.	   1550.	.21818E-01	.23556E-01	.10796E+01
   1000.	   1600.	.21209E-01	.22749E-01	.10726E+01
   1000.	   1650.	.20614E-01	.21978E-01	.10662E+01
   1000.	   1700.	.20035E-01	.21239E-01	.10601E+01
   1000.	   1750.	.19472E-01	.20526E-01	.10541E+01
   1000.	   1800.	.18924E-01	.19839E-01	.10483E+01
   1000.	   1850.	.18393E-01	.19184E-01	.10430E+01
   1000.	   1900.	.17878E-01	.18557E-01	.10380E+01
   1000.	   1950.	.17378E-01	.17951E-01	.10330E+01
   1000.	   2000.	.16895E-01	.17375E-01	.10284E+01
   1050.	    200.	.17386E-01	.24256E-01	.13951E+01
   1050.	    250.	.18103E-01	.25024E-01	.13823E+01
   1050.	    300.	.18815E-01	.25811E-01	.13718E+01
   1050.	    350.	.19477E-01	.26541E-01	.13627E+01
   1050.	    400.	.20058E-01	.27162E-01	.13542E+01
   1050.	    450.	.20538E-01	.27639E-01	.13457E+01
   1050.	    500.	.20911E-01	.27957E-01	.13370E+01
   1050.	    550.	.21174E-01	.28111E-01	.13276E+01
   1050.	    600.	.21332E-01	.28104E-01	.13174E+01
   1050.	    650.	.21393E-01	.27948E-01	.13064E+01
   1050.	    700.	.21366E-01	.27656E-01	.12944E+01
   1050.	    750.	.21261E-01	.27246E-01	.12815E+01
   1050.	    800.	.21089E-01	.26734E-01	.12677E+01
   1050.	    850.	.20859E-01	.26140E-01	.12532E+01
   1050.	    900.	.20580E-01	.25481E-01	.12381E+01
   1050.	    950.	.20262E-01	.24778E-01	.12228E+01
   1050.	   1000.	.19912E-01	.24053E-01	.12079E+01
   1051.	   1050.	.19391E-01	.23192E-01	.11960E+01
   1050.	   1100.	.19142E-01	.22669E-01	.11843E+01
   1050.	   1150.	.18733E-01	.21916E-01	.11700E+01
   1050.	   1200.	.18313E-01	.21183E-01	.11567E+01
   1050.	   1250.	.17888E-01	.20468E-01	.11442E+01
   1050.	   1300.	.17459E-01	.19795E-01	.11338E+01
   1050.	   1350.	.17030E-01	.19140E-01	.11239E+01
   1050.	   1400.	.16603E-01	.18512E-01	.11150E+01
   1050.	   1450.	.16179E-01	.17898E-01	.11063E+01
   1050.	   1500.	.15761E-01	.17311E-01	.10983E+01
   1050.	   1550.	.15349E-01	.16739E-01	.10906E+01
   1050.	   1600.	.14944E-01	.16191E-01	.10834E+01
   1050.	   1650.	.14547E-01	.15656E-01	.10763E+01
   1050.	   1700.	.14159E-01	.15150E-01	.10700E+01
   1050.	   1750.	.13780E-01	.14661E-01	.10640E+01
   1050.	   1800.	.13410E-01	.14188E-01	.10580E+01
   1050.	   1850.	.13050E-01	.13731E-01	.10522E+01
   1050.	   1900.	.12700E-01	.13295E-01	.10469E+01
   1050.	   1950.	.12359E-01	.12879E-01	.10420E+01
   1050.	   2000.	.12029E-01	.12471E-01	.10368E+01
   1100.	    200.	.11375E-01	.15863E-01	.13945E+01
   1100.	    250.	.11847E-01	.16369E-01	.13817E+01
   1100.	    300.	.12327E-01	.16903E-01	.13713E+01
   1100.	    350.	.12785E-01	.17418E-01	.13624E+01
   1100.	    400.	.13200E-01	.17877E-01	.13543E+01
   1100.	    450.	.13557E-01	.18255E-01	.13465E+01
   1100.	    500.	.13850E-01	.18538E-01	.13385E+01
   1100.	    550.	.14074E-01	.18719E-01	.13301E+01
   1100.	    600.	.14231E-01	.18799E-01	.13210E+01
   1100.	    650.	.14324E-01	.18781E-01	.13112E+01
   1100.	    700.	.14358E-01	.18672E-01	.13005E+01
   1100.	    750.	.14338E-01	.18481E-01	.12889E+01
   1100.	    800.	.14271E-01	.18217E-01	.12765E+01
   1100.	    850.	.14162E-01	.17892E-01	.12634E+01
   1100.	    900.	.14017E-01	.17516E-01	.12496E+01
   1100.	    950.	.13843E-01	.17100E-01	.12353E+01
   1100.	   1000.	.13643E-01	.16655E-01	.12208E+01
   1100.	   1050.	.13423E-01	.16196E-01	.12067E+01
   1100.	   1100.	.13088E-01	.15642E-01	.11951E+01
   1100.	   1150.	.12936E-01	.15315E-01	.11839E+01
   1100.	   1200.	.12677E-01	.14836E-01	.11703E+01
   1100.	   1250.	.12410E-01	.14369E-01	.11578E+01
   1100.	   1300.	.12139E-01	.13911E-01	.11459E+01
   1100.	   1350.	.11865E-01	.13476E-01	.11358E+01
   1100.	   1400.	.11590E-01	.13052E-01	.11262E+01
   1100.	   1450.	.11315E-01	.12645E-01	.11176E+01
   1100.	   1500.	.11042E-01	.12245E-01	.11090E+01
   1100.	   1550.	.10771E-01	.11862E-01	.11013E+01
   1100.	   1600.	.10504E-01	.11488E-01	.10937E+01
   1100.	   1650.	.10240E-01	.11127E-01	.10866E+01
   1100.	   1700.	.99815E-02	.10776E-01	.10796E+01
   1100.	   1750.	.97277E-02	.10441E-01	.10733E+01
   1100.	   1800.	.94792E-02	.10117E-01	.10673E+01
   1100.	   1850.	.92363E-02	.98042E-02	.10615E+01
   1100.	   1900.	.89992E-02	.95015E-02	.10558E+01
   1100.	   1950.	.87680E-02	.92093E-02	.10503E+01
   1100.	   2000.	.85428E-02	.89314E-02	.10455E+01
   1150.	    200.	.74488E-02	.10382E-01	.13938E+01
   1150.	    250.	.77585E-02	.10714E-01	.13809E+01
   1150.	    300.	.80795E-02	.11073E-01	.13705E+01
   1150.	    350.	.83930E-02	.11429E-01	.13618E+01
   1150.	    400.	.86845E-02	.11759E-01	.13540E+01
   1150.	    450.	.89438E-02	.12044E-01	.13466E+01
   1150.	    500.	.91645E-02	.12274E-01	.13393E+01
   1150.	    550.	.93434E-02	.12442E-01	.13316E+01
   1150.	    600.	.94797E-02	.12546E-01	.13235E+01
   1150.	    650.	.95744E-02	.12587E-01	.13147E+01
   1150.	    700.	.96298E-02	.12568E-01	.13051E+01
   1150.	    750.	.96489E-02	.12493E-01	.12948E+01
   1150.	    800.	.96352E-02	.12368E-01	.12837E+01
   1150.	    850.	.95921E-02	.12199E-01	.12718E+01
   1150.	    900.	.95235E-02	.11992E-01	.12592E+01
   1150.	    950.	.94326E-02	.11753E-01	.12460E+01
   1150.	   1000.	.93228E-02	.11490E-01	.12324E+01
   1150.	   1050.	.91971E-02	.11208E-01	.12187E+01
   1150.	   1100.	.90583E-02	.10917E-01	.12052E+01
   1151.	   1150.	.88421E-02	.10559E-01	.11941E+01
   1150.	   1200.	.87504E-02	.10354E-01	.11832E+01
   1150.	   1250.	.85855E-02	.10049E-01	.11705E+01
   1150.	   1300.	.84156E-02	.97491E-02	.11585E+01
   1150.	   1350.	.82423E-02	.94553E-02	.11472E+01
   1150.	   1400.	.80666E-02	.91748E-02	.11374E+01
   1150.	   1450.	.78898E-02	.88999E-02	.11280E+01
   1150.	   1500.	.77127E-02	.86352E-02	.11196E+01
   1150.	   1550.	.75362E-02	.83757E-02	.11114E+01
   1150.	   1600.	.73608E-02	.81238E-02	.11037E+01
   1150.	   1650.	.71871E-02	.78791E-02	.10963E+01
   1150.	   1700.	.70157E-02	.76417E-02	.10892E+01
   1150.	   1750.	.68467E-02	.74110E-02	.10824E+01
   1150.	   1800.	.66806E-02	.71909E-02	.10764E+01
   1150.	   1850.	.65177E-02	.69760E-02	.10703E+01
   1150.	   1900.	.63580E-02	.67685E-02	.10646E+01
   1150.	   1950.	.62019E-02	.65677E-02	.10590E+01
   1150.	   2000.	.60492E-02	.63736E-02	.10536E+01
   1200.	    200.	.48786E-02	.67953E-02	.13929E+01
   1200.	    250.	.50811E-02	.70117E-02	.13800E+01
   1200.	    300.	.52946E-02	.72513E-02	.13696E+01
   1200.	    350.	.55071E-02	.74948E-02	.13609E+01
   1200.	    400.	.57092E-02	.77266E-02	.13533E+01
   1200.	    450.	.58937E-02	.79349E-02	.13463E+01
   1200.	    500.	.60557E-02	.81114E-02	.13395E+01
   1200.	    550.	.61923E-02	.82510E-02	.13325E+01
   1200.	    600.	.63024E-02	.83511E-02	.13251E+01
   1200.	    650.	.63858E-02	.84111E-02	.13172E+01
   1200.	    700.	.64435E-02	.84320E-02	.13086E+01
   1200.	    750.	.64770E-02	.84157E-02	.12993E+01
   1200.	    800.	.64881E-02	.83653E-02	.12893E+01
   1200.	    850.	.64789E-02	.82840E-02	.12786E+01
   1200.	    900.	.64516E-02	.81754E-02	.12672E+01
   1200.	    950.	.64084E-02	.80434E-02	.12551E+01
   1200.	   1000.	.63512E-02	.78918E-02	.12426E+01
   1200.	   1050.	.62821E-02	.77245E-02	.12296E+01
   1200.	   1100.	.62029E-02	.75458E-02	.12165E+01
   1200.	   1150.	.61151E-02	.73606E-02	.12037E+01
   1200.	   1200.	.59753E-02	.71281E-02	.11929E+01
   1200.	   1250.	.59199E-02	.69998E-02	.11824E+01
   1200.	   1300.	.58150E-02	.68055E-02	.11703E+01
   1200.	   1350.	.57066E-02	.66131E-02	.11589E+01
   1200.	   1400.	.55956E-02	.64243E-02	.11481E+01
   1200.	   1450.	.54829E-02	.62431E-02	.11386E+01
   1200.	   1500.	.53692E-02	.60644E-02	.11295E+01
   1200.	   1550.	.52550E-02	.58924E-02	.11213E+01
   1200.	   1600.	.51408E-02	.57232E-02	.11133E+01
   1200.	   1650.	.50271E-02	.55587E-02	.11058E+01
   1200.	   1700.	.49143E-02	.53988E-02	.10986E+01
   1200.	   1750.	.48026E-02	.52425E-02	.10916E+01
   1200.	   1800.	.46922E-02	.50909E-02	.10850E+01
   1200.	   1850.	.45835E-02	.49453E-02	.10789E+01
   1200.	   1900.	.44767E-02	.48033E-02	.10730E+01
   1200.	   1950.	.43718E-02	.46655E-02	.10672E+01
   1200.	   2000.	.42689E-02	.45324E-02	.10617E+01
   1250.	    200.	.31936E-02	.44450E-02	.13918E+01
   1250.	    250.	.33256E-02	.45856E-02	.13789E+01
   1250.	    300.	.34668E-02	.47441E-02	.13684E+01
   1250.	    350.	.36098E-02	.49087E-02	.13598E+01
   1250.	    400.	.37483E-02	.50692E-02	.13524E+01
   1250.	    450.	.38775E-02	.52178E-02	.13456E+01
   1250.	    500.	.39939E-02	.53486E-02	.13392E+01
   1250.	    550.	.40952E-02	.54576E-02	.13327E+01
   1250.	    600.	.41800E-02	.55424E-02	.13259E+01
   1250.	    650.	.42481E-02	.56022E-02	.13188E+01
   1250.	    700.	.42995E-02	.56369E-02	.13111E+01
   1250.	    750.	.43350E-02	.56472E-02	.13027E+01
   1250.	    800.	.43554E-02	.56346E-02	.12937E+01
   1250.	    850.	.43621E-02	.56010E-02	.12840E+01
   1250.	    900.	.43561E-02	.55483E-02	.12737E+01
   1250.	    950.	.43389E-02	.54788E-02	.12627E+01
   1250.	   1000.	.43117E-02	.53946E-02	.12511E+01
   1250.	   1050.	.42758E-02	.52982E-02	.12391E+01
   1250.	   1100.	.42323E-02	.51919E-02	.12267E+01
   1250.	   1150.	.41823E-02	.50782E-02	.12142E+01
   1250.	   1200.	.41268E-02	.49603E-02	.12020E+01
   1251.	   1250.	.40361E-02	.48094E-02	.11916E+01
   1250.	   1300.	.40029E-02	.47291E-02	.11814E+01
   1250.	   1350.	.39361E-02	.46047E-02	.11699E+01
   1250.	   1400.	.38668E-02	.44816E-02	.11590E+01
   1250.	   1450.	.37958E-02	.43601E-02	.11487E+01
   1250.	   1500.	.37235E-02	.42430E-02	.11395E+01
   1250.	   1550.	.36502E-02	.41273E-02	.11307E+01
   1250.	   1600.	.35766E-02	.40152E-02	.11226E+01
   1250.	   1650.	.35027E-02	.39051E-02	.11149E+01
   1250.	   1700.	.34290E-02	.37976E-02	.11075E+01
   1250.	   1750.	.33557E-02	.36927E-02	.11004E+01
   1250.	   1800.	.32830E-02	.35902E-02	.10936E+01
   1250.	   1850.	.32110E-02	.34908E-02	.10872E+01
   1250.	   1900.	.31399E-02	.33947E-02	.10812E+01
   1250.	   1950.	.30699E-02	.33008E-02	.10752E+01
   1250.	   2000.	.30010E-02	.32094E-02	.10695E+01
   1300.	    200.	.20881E-02	.29039E-02	.13907E+01
   1300.	    250.	.21739E-02	.29949E-02	.13777E+01
   1300.	    300.	.22668E-02	.30992E-02	.13672E+01
   1300.	    350.	.23623E-02	.32094E-02	.13586E+01
   1300.	    400.	.24564E-02	.33191E-02	.13512E+01
   1300.	    450.	.25458E-02	.34231E-02	.13446E+01
   1300.	    500.	.26280E-02	.35175E-02	.13385E+01
   1300.	    550.	.27013E-02	.35992E-02	.13324E+01
   1300.	    600.	.27646E-02	.36664E-02	.13262E+01
   1300.	    650.	.28175E-02	.37181E-02	.13196E+01
   1300.	    700.	.28598E-02	.37539E-02	.13127E+01
   1300.	    750.	.28917E-02	.37739E-02	.13051E+01
   1300.	    800.	.29136E-02	.37789E-02	.12970E+01
   1300.	    850.	.29263E-02	.37697E-02	.12882E+01
   1300.	    900.	.29304E-02	.37475E-02	.12789E+01
   1300.	    950.	.29266E-02	.37135E-02	.12689E+01
   1300.	   1000.	.29158E-02	.36689E-02	.12583E+01
   1300.	   1050.	.28987E-02	.36153E-02	.12472E+01
   1300.	   1100.	.28762E-02	.35540E-02	.12357E+01
   1300.	   1150.	.28488E-02	.34864E-02	.12238E+01
   1300.	   1200.	.28172E-02	.34141E-02	.12119E+01
   1300.	   1250.	.27822E-02	.33390E-02	.12001E+01
   1300.	   1300.	.27233E-02	.32409E-02	.11901E+01
   1300.	   1350.	.27035E-02	.31908E-02	.11802E+01
   1300.	   1400.	.26609E-02	.31112E-02	.11692E+01
   1300.	   1450.	.26167E-02	.30323E-02	.11588E+01
   1300.	   1500.	.25713E-02	.29541E-02	.11489E+01
   1300.	   1550.	.25248E-02	.28783E-02	.11400E+01
   1300.	   1600.	.24777E-02	.28036E-02	.11315E+01
   1300.	   1650.	.24302E-02	.27307E-02	.11236E+01
   1300.	   1700.	.23825E-02	.26593E-02	.11162E+01
   1300.	   1750.	.23348E-02	.25890E-02	.11089E+01
   1300.	   1800.	.22872E-02	.25202E-02	.11019E+01
   1300.	   1850.	.22398E-02	.24532E-02	.10953E+01
   1300.	   1900.	.21929E-02	.23878E-02	.10889E+01
   1300.	   1950.	.21465E-02	.23244E-02	.10829E+01
   1300.	   2000.	.21006E-02	.22626E-02	.10771E+01
   1350.	    200.	.13628E-02	.18936E-02	.13895E+01
   1350.	    250.	.14184E-02	.19522E-02	.13764E+01
   1350.	    300.	.14793E-02	.20205E-02	.13658E+01
   1350.	    350.	.15427E-02	.20936E-02	.13572E+01
   1350.	    400.	.16060E-02	.21678E-02	.13498E+01
   1350.	    450.	.16671E-02	.22396E-02	.13434E+01
   1350.	    500.	.17243E-02	.23062E-02	.13375E+01
   1350.	    550.	.17765E-02	.23657E-02	.13317E+01
   1350.	    600.	.18226E-02	.24166E-02	.13259E+01
   1350.	    650.	.18623E-02	.24581E-02	.13199E+01
   1350.	    700.	.18953E-02	.24896E-02	.13135E+01
   1350.	    750.	.19217E-02	.25110E-02	.13067E+01
   1350.	    800.	.19415E-02	.25227E-02	.12993E+01
   1350.	    850.	.19552E-02	.25250E-02	.12914E+01
   1350.	    900.	.19632E-02	.25185E-02	.12829E+01
   1350.	    950.	.19657E-02	.25039E-02	.12738E+01
   1350.	   1000.	.19634E-02	.24820E-02	.12641E+01
   1350.	   1050.	.19567E-02	.24536E-02	.12540E+01
   1350.	   1100.	.19460E-02	.24194E-02	.12433E+01
   1350.	   1150.	.19318E-02	.23805E-02	.12322E+01
   1350.	   1200.	.19146E-02	.23375E-02	.12209E+01
   1350.	   1250.	.18947E-02	.22915E-02	.12094E+01
   1350.	   1300.	.18726E-02	.22436E-02	.11982E+01
   1351.	   1350.	.18344E-02	.21799E-02	.11884E+01
   1350.	   1400.	.18227E-02	.21487E-02	.11789E+01
   1350.	   1450.	.17956E-02	.20978E-02	.11683E+01
   1350.	   1500.	.17674E-02	.20473E-02	.11584E+01
   1350.	   1550.	.17383E-02	.19970E-02	.11488E+01
   1350.	   1600.	.17085E-02	.19482E-02	.11403E+01
   1350.	   1650.	.16783E-02	.18997E-02	.11320E+01
   1350.	   1700.	.16477E-02	.18526E-02	.11244E+01
   1350.	   1750.	.16169E-02	.18060E-02	.11170E+01
   1350.	   1800.	.15860E-02	.17603E-02	.11099E+01
   1350.	   1850.	.15551E-02	.17155E-02	.11031E+01
   1350.	   1900.	.15244E-02	.16715E-02	.10966E+01
   1350.	   1950.	.14938E-02	.16287E-02	.10903E+01
   1350.	   2000.	.14635E-02	.15871E-02	.10844E+01
   1400.	    200.	.88730E-03	.12317E-02	.13881E+01
   1400.	    250.	.92319E-03	.12694E-02	.13750E+01
   1400.	    300.	.96290E-03	.13138E-02	.13644E+01
   1400.	    350.	.10047E-02	.13620E-02	.13557E+01
   1400.	    400.	.10470E-02	.14117E-02	.13483E+01
   1400.	    450.	.10884E-02	.14606E-02	.13420E+01
   1400.	    500.	.11278E-02	.15069E-02	.13362E+01
   1400.	    550.	.11642E-02	.15492E-02	.13307E+01
   1400.	    600.	.11972E-02	.15866E-02	.13253E+01
   1400.	    650.	.12262E-02	.16183E-02	.13197E+01
   1400.	    700.	.12511E-02	.16438E-02	.13138E+01
   1400.	    750.	.12718E-02	.16630E-02	.13076E+01
   1400.	    800.	.12883E-02	.16759E-02	.13009E+01
   1400.	    850.	.13007E-02	.16827E-02	.12937E+01
   1400.	    900.	.13093E-02	.16837E-02	.12860E+01
   1400.	    950.	.13143E-02	.16792E-02	.12777E+01
   1400.	   1000.	.13159E-02	.16697E-02	.12689E+01
   1400.	   1050.	.13145E-02	.16557E-02	.12595E+01
   1400.	   1100.	.13104E-02	.16375E-02	.12497E+01
   1400.	   1150.	.13037E-02	.16158E-02	.12394E+01
   1400.	   1200.	.12949E-02	.15911E-02	.12288E+01
   1400.	   1250.	.12840E-02	.15638E-02	.12179E+01
   1400.	   1300.	.12715E-02	.15346E-02	.12069E+01
   1400.	   1350.	.12575E-02	.15041E-02	.11961E+01
   1400.	   1400.	.12327E-02	.14627E-02	.11866E+01
   1400.	   1450.	.12260E-02	.14434E-02	.11773E+01
   1400.	   1500.	.12087E-02	.14109E-02	.11672E+01
   1400.	   1550.	.11907E-02	.13785E-02	.11577E+01
   1400.	   1600.	.11722E-02	.13462E-02	.11485E+01
   1400.	   1650.	.11531E-02	.13147E-02	.11402E+01
   1400.	   1700.	.11337E-02	.12836E-02	.11322E+01
   1400.	   1750.	.11140E-02	.12530E-02	.11248E+01
   1400.	   1800.	.10942E-02	.12229E-02	.11176E+01
   1400.	   1850.	.10742E-02	.11931E-02	.11106E+01
   1400.	   1900.	.10543E-02	.11639E-02	.11040E+01
   1400.	   1950.	.10343E-02	.11352E-02	.10975E+01
   1400.	   2000.	.10145E-02	.11073E-02	.10914E+01
   1450.	    200.	.57597E-03	.79873E-03	.13868E+01
   1450.	    250.	.59906E-03	.82288E-03	.13736E+01
   1450.	    300.	.62484E-03	.85159E-03	.13629E+01
   1450.	    350.	.65225E-03	.88320E-03	.13541E+01
   1450.	    400.	.68028E-03	.91614E-03	.13467E+01
   1450.	    450.	.70807E-03	.94907E-03	.13404E+01
   1450.	    500.	.73485E-03	.98080E-03	.13347E+01
   1450.	    550.	.76004E-03	.10104E-02	.13294E+01
   1450.	    600.	.78320E-03	.10372E-02	.13243E+01
   1450.	    650.	.80401E-03	.10605E-02	.13190E+01
   1450.	    700.	.82227E-03	.10802E-02	.13136E+01
   1450.	    750.	.83788E-03	.10959E-02	.13079E+01
   1450.	    800.	.85083E-03	.11076E-02	.13018E+01
   1450.	    850.	.86116E-03	.11154E-02	.12952E+01
   1450.	    900.	.86897E-03	.11194E-02	.12882E+01
   1450.	    950.	.87438E-03	.11197E-02	.12806E+01
   1450.	   1000.	.87754E-03	.11167E-02	.12726E+01
   1450.	   1050.	.87862E-03	.11106E-02	.12640E+01
   1450.	   1100.	.87779E-03	.11016E-02	.12549E+01
   1450.	   1150.	.87523E-03	.10900E-02	.12454E+01
   1450.	   1200.	.87110E-03	.10763E-02	.12355E+01
   1450.	   1250.	.86558E-03	.10606E-02	.12253E+01
   1450.	   1300.	.85881E-03	.10433E-02	.12148E+01
   1450.	   1350.	.85096E-03	.10248E-02	.12043E+01
   1450.	   1400.	.84215E-03	.10054E-02	.11939E+01
   1451.	   1450.	.82605E-03	.97857E-03	.11846E+01
   1450.	   1500.	.82218E-03	.96660E-03	.11757E+01
   1450.	   1550.	.81125E-03	.94588E-03	.11660E+01
   1450.	   1600.	.79982E-03	.92517E-03	.11567E+01
   1450.	   1650.	.78798E-03	.90454E-03	.11479E+01
   1450.	   1700.	.77581E-03	.88433E-03	.11399E+01
   1450.	   1750.	.76338E-03	.86422E-03	.11321E+01
   1450.	   1800.	.75076E-03	.84451E-03	.11249E+01
   1450.	   1850.	.73800E-03	.82497E-03	.11178E+01
   1450.	   1900.	.72515E-03	.80567E-03	.11110E+01
   1450.	   1950.	.71227E-03	.78677E-03	.11046E+01
   1450.	   2000.	.69938E-03	.76808E-03	.10982E+01
   1500.	    200.	.37252E-03	.51608E-03	.13854E+01
   1500.	    250.	.38733E-03	.53148E-03	.13722E+01
   1500.	    300.	.40399E-03	.54997E-03	.13614E+01
   1500.	    350.	.42185E-03	.57053E-03	.13525E+01
   1500.	    400.	.44031E-03	.59222E-03	.13450E+01
   1500.	    450.	.45879E-03	.61417E-03	.13387E+01
   1500.	    500.	.47683E-03	.63565E-03	.13331E+01
   1500.	    550.	.49402E-03	.65602E-03	.13279E+01
   1500.	    600.	.51006E-03	.67480E-03	.13230E+01
   1500.	    650.	.52471E-03	.69160E-03	.13181E+01
   1500.	    700.	.53782E-03	.70616E-03	.13130E+01
   1500.	    750.	.54929E-03	.71831E-03	.13077E+01
   1500.	    800.	.55908E-03	.72797E-03	.13021E+01
   1500.	    850.	.56720E-03	.73514E-03	.12961E+01
   1500.	    900.	.57369E-03	.73985E-03	.12896E+01
   1500.	    950.	.57860E-03	.74220E-03	.12827E+01
   1500.	   1000.	.58202E-03	.74229E-03	.12754E+01
   1500.	   1050.	.58404E-03	.74028E-03	.12675E+01
   1500.	   1100.	.58476E-03	.73632E-03	.12592E+01
   1500.	   1150.	.58428E-03	.73060E-03	.12504E+01
   1500.	   1200.	.58272E-03	.72329E-03	.12412E+01
   1500.	   1250.	.58017E-03	.71458E-03	.12317E+01
   1500.	   1300.	.57674E-03	.70466E-03	.12218E+01
   1500.	   1350.	.57252E-03	.69373E-03	.12117E+01
   1500.	   1400.	.56760E-03	.68200E-03	.12016E+01
   1500.	   1450.	.56207E-03	.66972E-03	.11915E+01
   1500.	   1500.	.55163E-03	.65234E-03	.11826E+01
   1500.	   1550.	.54948E-03	.64499E-03	.11738E+01
   1500.	   1600.	.54256E-03	.63181E-03	.11645E+01
   1500.	   1650.	.53531E-03	.61860E-03	.11556E+01
   1500.	   1700.	.52779E-03	.60543E-03	.11471E+01
   1500.	   1750.	.52004E-03	.59248E-03	.11393E+01
   1500.	   1800.	.51210E-03	.57958E-03	.11318E+01
   1500.	   1850.	.50403E-03	.56690E-03	.11247E+01
   1500.	   1900.	.49585E-03	.55430E-03	.11179E+01
   1500.	   1950.	.48760E-03	.54182E-03	.11112E+01
   1500.	   2000.	.47932E-03	.52957E-03	.11048E+01
   1550.	    200.	.23993E-03	.33205E-03	.13840E+01
   1550.	    250.	.24938E-03	.34183E-03	.13707E+01
   1550.	    300.	.26009E-03	.35367E-03	.13598E+01
   1550.	    350.	.27166E-03	.36697E-03	.13508E+01
   1550.	    400.	.28373E-03	.38113E-03	.13433E+01
   1550.	    450.	.29593E-03	.39563E-03	.13369E+01
   1550.	    500.	.30797E-03	.41000E-03	.13313E+01
   1550.	    550.	.31957E-03	.42383E-03	.13263E+01
   1550.	    600.	.33053E-03	.43679E-03	.13215E+01
   1550.	    650.	.34069E-03	.44862E-03	.13168E+01
   1550.	    700.	.34993E-03	.45912E-03	.13121E+01
   1550.	    750.	.35816E-03	.46816E-03	.13071E+01
   1550.	    800.	.36536E-03	.47567E-03	.13019E+01
   1550.	    850.	.37150E-03	.48162E-03	.12964E+01
   1550.	    900.	.37659E-03	.48600E-03	.12905E+01
   1550.	    950.	.38067E-03	.48885E-03	.12842E+01
   1550.	   1000.	.38376E-03	.49022E-03	.12774E+01
   1550.	   1050.	.38593E-03	.49021E-03	.12702E+01
   1550.	   1100.	.38722E-03	.48889E-03	.12626E+01
   1550.	   1150.	.38770E-03	.48636E-03	.12545E+01
   1550.	   1200.	.38744E-03	.48273E-03	.12460E+01
   1550.	   1250.	.38649E-03	.47811E-03	.12371E+01
   1550.	   1300.	.38493E-03	.47262E-03	.12278E+01
   1550.	   1350.	.38281E-03	.46637E-03	.12183E+01
   1550.	   1400.	.38018E-03	.45948E-03	.12086E+01
   1550.	   1450.	.37711E-03	.45208E-03	.11988E+01
   1550.	   1500.	.37365E-03	.44431E-03	.11891E+01
   1551.	   1550.	.36691E-03	.43308E-03	.11804E+01
   1550.	   1600.	.36574E-03	.42860E-03	.11718E+01
   1550.	   1650.	.36138E-03	.42024E-03	.11629E+01
   1550.	   1700.	.35680E-03	.41185E-03	.11543E+01
   1550.	   1750.	.35203E-03	.40347E-03	.11461E+01
   1550.	   1800.	.34711E-03	.39520E-03	.11385E+01
   1550.	   1850.	.34207E-03	.38695E-03	.11312E+01
   1550.	   1900.	.33692E-03	.37881E-03	.11243E+01
   1550.	   1950.	.33170E-03	.37073E-03	.11177E+01
   1550.	   2000.	.32642E-03	.36270E-03	.11111E+01
   1600.	    200.	.15379E-03	.21262E-03	.13825E+01
   1600.	    250.	.15980E-03	.21880E-03	.13693E+01
   1600.	    300.	.16664E-03	.22635E-03	.13583E+01
   1600.	    350.	.17410E-03	.23488E-03	.13491E+01
   1600.	    400.	.18193E-03	.24406E-03	.13415E+01
   1600.	    450.	.18992E-03	.25356E-03	.13351E+01
   1600.	    500.	.19787E-03	.26307E-03	.13295E+01
   1600.	    550.	.20562E-03	.27234E-03	.13245E+01
   1600.	    600.	.21303E-03	.28116E-03	.13198E+01
   1600.	    650.	.21997E-03	.28934E-03	.13153E+01
   1600.	    700.	.22638E-03	.29674E-03	.13108E+01
   1600.	    750.	.23218E-03	.30328E-03	.13062E+01
   1600.	    800.	.23735E-03	.30888E-03	.13014E+01
   1600.	    850.	.24186E-03	.31351E-03	.12963E+01
   1600.	    900.	.24570E-03	.31716E-03	.12908E+01
   1600.	    950.	.24889E-03	.31984E-03	.12850E+01
   1600.	   1000.	.25145E-03	.32156E-03	.12788E+01
   1600.	   1050.	.25340E-03	.32237E-03	.12722E+01
   1600.	   1100.	.25477E-03	.32232E-03	.12651E+01
   1600.	   1150.	.25560E-03	.32146E-03	.12577E+01
   1600.	   1200.	.25593E-03	.31986E-03	.12498E+01
   1600.	   1250.	.25579E-03	.31757E-03	.12415E+01
   1600.	   1300.	.25522E-03	.31467E-03	.12329E+01
   1600.	   1350.	.25427E-03	.31122E-03	.12240E+01
   1600.	   1400.	.25296E-03	.30729E-03	.12148E+01
   1600.	   1450.	.25134E-03	.30296E-03	.12054E+01
   1600.	   1500.	.24944E-03	.29831E-03	.11959E+01
   1600.	   1550.	.24728E-03	.29342E-03	.11866E+01
   1600.	   1600.	.24293E-03	.28618E-03	.11781E+01
   1600.	   1650.	.24233E-03	.28347E-03	.11698E+01
   1600.	   1700.	.23959E-03	.27819E-03	.11611E+01
   1600.	   1750.	.23671E-03	.27287E-03	.11528E+01
   1600.	   1800.	.23370E-03	.26757E-03	.11449E+01
   1600.	   1850.	.23059E-03	.26230E-03	.11375E+01
   1600.	   1900.	.22739E-03	.25705E-03	.11304E+01
   1600.	   1950.	.22412E-03	.25184E-03	.11237E+01
   1600.	   2000.	.22080E-03	.24667E-03	.11172E+01
   1650.	    200.	.98041E-04	.13541E-03	.13812E+01
   1650.	    250.	.10184E-03	.13930E-03	.13678E+01
   1650.	    300.	.10619E-03	.14408E-03	.13568E+01
   1650.	    350.	.11096E-03	.14953E-03	.13475E+01
   1650.	    400.	.11601E-03	.15543E-03	.13398E+01
   1650.	    450.	.12120E-03	.16159E-03	.13333E+01
   1650.	    500.	.12641E-03	.16783E-03	.13276E+01
   1650.	    550.	.13154E-03	.17397E-03	.13226E+01
   1650.	    600.	.13648E-03	.17989E-03	.13181E+01
   1650.	    650.	.14117E-03	.18546E-03	.13137E+01
   1650.	    700.	.14555E-03	.19058E-03	.13094E+01
   1650.	    750.	.14957E-03	.19519E-03	.13050E+01
   1650.	    800.	.15321E-03	.19925E-03	.13005E+01
   1650.	    850.	.15643E-03	.20270E-03	.12958E+01
   1650.	    900.	.15925E-03	.20555E-03	.12907E+01
   1650.	    950.	.16165E-03	.20778E-03	.12854E+01
   1650.	   1000.	.16365E-03	.20941E-03	.12797E+01
   1650.	   1050.	.16525E-03	.21046E-03	.12735E+01
   1650.	   1100.	.16648E-03	.21094E-03	.12670E+01
   1650.	   1150.	.16735E-03	.21089E-03	.12601E+01
   1650.	   1200.	.16788E-03	.21034E-03	.12529E+01
   1650.	   1250.	.16811E-03	.20932E-03	.12452E+01
   1650.	   1300.	.16804E-03	.20789E-03	.12372E+01
   1650.	   1350.	.16770E-03	.20607E-03	.12288E+01
   1650.	   1400.	.16713E-03	.20391E-03	.12201E+01
   1650.	   1450.	.16633E-03	.20146E-03	.12112E+01
   1650.	   1500.	.16533E-03	.19875E-03	.12022E+01
   1650.	   1550.	.16415E-03	.19584E-03	.11930E+01
   1650.	   1600.	.16281E-03	.19277E-03	.11840E+01
   1651.	   1650.	.16001E-03	.18812E-03	.11757E+01
   1650.	   1700.	.15973E-03	.18649E-03	.11676E+01
   1650.	   1750.	.15802E-03	.18317E-03	.11592E+01
   1650.	   1800.	.15621E-03	.17982E-03	.11512E+01
   1650.	   1850.	.15432E-03	.17647E-03	.11435E+01
   1650.	   1900.	.15236E-03	.17314E-03	.11364E+01
   1650.	   1950.	.15035E-03	.16981E-03	.11295E+01
   1650.	   2000.	.14828E-03	.16650E-03	.11229E+01
   1700.	    200.	.62125E-04	.85722E-04	.13798E+01
   1700.	    250.	.64514E-04	.88157E-04	.13665E+01
   1700.	    300.	.67266E-04	.91165E-04	.13553E+01
   1700.	    350.	.70298E-04	.94616E-04	.13459E+01
   1700.	    400.	.73527E-04	.98385E-04	.13381E+01
   1700.	    450.	.76871E-04	.10235E-03	.13314E+01
   1700.	    500.	.80254E-04	.10640E-03	.13257E+01
   1700.	    550.	.83609E-04	.11043E-03	.13207E+01
   1700.	    600.	.86875E-04	.11434E-03	.13162E+01
   1700.	    650.	.90005E-04	.11808E-03	.13119E+01
   1700.	    700.	.92956E-04	.12157E-03	.13078E+01
   1700.	    750.	.95700E-04	.12476E-03	.13036E+01
   1700.	    800.	.98212E-04	.12761E-03	.12994E+01
   1700.	    850.	.10048E-03	.13011E-03	.12949E+01
   1700.	    900.	.10249E-03	.13224E-03	.12903E+01
   1700.	    950.	.10424E-03	.13398E-03	.12853E+01
   1700.	   1000.	.10574E-03	.13535E-03	.12800E+01
   1700.	   1050.	.10699E-03	.13634E-03	.12744E+01
   1700.	   1100.	.10799E-03	.13697E-03	.12684E+01
   1700.	   1150.	.10876E-03	.13726E-03	.12620E+01
   1700.	   1200.	.10931E-03	.13721E-03	.12552E+01
   1700.	   1250.	.10966E-03	.13686E-03	.12481E+01
   1700.	   1300.	.10981E-03	.13623E-03	.12406E+01
   1700.	   1350.	.10978E-03	.13534E-03	.12328E+01
   1700.	   1400.	.10958E-03	.13420E-03	.12247E+01
   1700.	   1450.	.10923E-03	.13286E-03	.12163E+01
   1700.	   1500.	.10875E-03	.13134E-03	.12077E+01
   1700.	   1550.	.10814E-03	.12965E-03	.11989E+01
   1700.	   1600.	.10741E-03	.12783E-03	.11901E+01
   1700.	   1650.	.10659E-03	.12592E-03	.11813E+01
   1700.	   1700.	.10480E-03	.12295E-03	.11732E+01
   1700.	   1750.	.10468E-03	.12198E-03	.11653E+01
   1700.	   1800.	.10361E-03	.11990E-03	.11572E+01
   1700.	   1850.	.10249E-03	.11780E-03	.11494E+01
   1700.	   1900.	.10131E-03	.11569E-03	.11420E+01
   1700.	   1950.	.10008E-03	.11360E-03	.11350E+01
   1700.	   2000.	.98818E-04	.11150E-03	.11284E+01
   1750.	    200.	.39102E-04	.53906E-04	.13786E+01
   1750.	    250.	.40596E-04	.55421E-04	.13652E+01
   1750.	    300.	.42324E-04	.57303E-04	.13539E+01
   1750.	    350.	.44238E-04	.59474E-04	.13444E+01
   1750.	    400.	.46288E-04	.61861E-04	.13364E+01
   1750.	    450.	.48425E-04	.64390E-04	.13297E+01
   1750.	    500.	.50602E-04	.66992E-04	.13239E+01
   1750.	    550.	.52776E-04	.69604E-04	.13188E+01
   1750.	    600.	.54911E-04	.72169E-04	.13143E+01
   1750.	    650.	.56974E-04	.74641E-04	.13101E+01
   1750.	    700.	.58939E-04	.76978E-04	.13061E+01
   1750.	    750.	.60784E-04	.79145E-04	.13021E+01
   1750.	    800.	.62492E-04	.81118E-04	.12981E+01
   1750.	    850.	.64054E-04	.82878E-04	.12939E+01
   1750.	    900.	.65460E-04	.84412E-04	.12895E+01
   1750.	    950.	.66708E-04	.85713E-04	.12849E+01
   1750.	   1000.	.67796E-04	.86778E-04	.12800E+01
   1750.	   1050.	.68726E-04	.87609E-04	.12748E+01
   1750.	   1100.	.69502E-04	.88211E-04	.12692E+01
   1750.	   1150.	.70128E-04	.88592E-04	.12633E+01
   1750.	   1200.	.70612E-04	.88761E-04	.12570E+01
   1750.	   1250.	.70960E-04	.88729E-04	.12504E+01
   1750.	   1300.	.71181E-04	.88509E-04	.12434E+01
   1750.	   1350.	.71282E-04	.88116E-04	.12361E+01
   1750.	   1400.	.71273E-04	.87562E-04	.12285E+01
   1750.	   1450.	.71160E-04	.86863E-04	.12207E+01
   1750.	   1500.	.70954E-04	.86033E-04	.12125E+01
   1750.	   1550.	.70662E-04	.85088E-04	.12042E+01
   1750.	   1600.	.70291E-04	.84044E-04	.11957E+01
   1750.	   1650.	.69849E-04	.82918E-04	.11871E+01
   1750.	   1700.	.69343E-04	.81728E-04	.11786E+01
   1751.	   1750.	.68199E-04	.79840E-04	.11707E+01
   1750.	   1800.	.68167E-04	.79274E-04	.11629E+01
   1750.	   1850.	.67508E-04	.77978E-04	.11551E+01
   1750.	   1900.	.66810E-04	.76670E-04	.11476E+01
   1750.	   1950.	.66077E-04	.75353E-04	.11404E+01
   1750.	   2000.	.65315E-04	.74038E-04	.11336E+01
   1800.	    200.	.24430E-04	.33651E-04	.13775E+01
   1800.	    250.	.25358E-04	.34588E-04	.13640E+01
   1800.	    300.	.26436E-04	.35757E-04	.13526E+01
   1800.	    350.	.27635E-04	.37113E-04	.13430E+01
   1800.	    400.	.28926E-04	.38613E-04	.13349E+01
   1800.	    450.	.30279E-04	.40211E-04	.13280E+01
   1800.	    500.	.31667E-04	.41868E-04	.13221E+01
   1800.	    550.	.33063E-04	.43543E-04	.13170E+01
   1800.	    600.	.34443E-04	.45204E-04	.13124E+01
   1800.	    650.	.35788E-04	.46818E-04	.13082E+01
   1800.	    700.	.37079E-04	.48361E-04	.13043E+01
   1800.	    750.	.38302E-04	.49810E-04	.13004E+01
   1800.	    800.	.39448E-04	.51147E-04	.12966E+01
   1800.	    850.	.40506E-04	.52358E-04	.12926E+01
   1800.	    900.	.41471E-04	.53436E-04	.12885E+01
   1800.	    950.	.42339E-04	.54372E-04	.12842E+01
   1800.	   1000.	.43110E-04	.55164E-04	.12796E+01
   1800.	   1050.	.43782E-04	.55811E-04	.12748E+01
   1800.	   1100.	.44357E-04	.56316E-04	.12696E+01
   1800.	   1150.	.44838E-04	.56680E-04	.12641E+01
   1800.	   1200.	.45228E-04	.56909E-04	.12583E+01
   1800.	   1250.	.45530E-04	.57010E-04	.12521E+01
   1800.	   1300.	.45749E-04	.56988E-04	.12457E+01
   1800.	   1350.	.45890E-04	.56851E-04	.12389E+01
   1800.	   1400.	.45959E-04	.56609E-04	.12317E+01
   1800.	   1450.	.45958E-04	.56268E-04	.12243E+01
   1800.	   1500.	.45895E-04	.55839E-04	.12167E+01
   1800.	   1550.	.45774E-04	.55329E-04	.12088E+01
   1800.	   1600.	.45599E-04	.54748E-04	.12007E+01
   1800.	   1650.	.45375E-04	.54106E-04	.11924E+01
   1800.	   1700.	.45108E-04	.53412E-04	.11841E+01
   1800.	   1750.	.44800E-04	.52678E-04	.11759E+01
   1800.	   1800.	.44074E-04	.51483E-04	.11681E+01
   1800.	   1850.	.44080E-04	.51157E-04	.11605E+01
   1800.	   1900.	.43676E-04	.50355E-04	.11529E+01
   1800.	   1950.	.43246E-04	.49544E-04	.11456E+01
   1800.	   2000.	.42794E-04	.48728E-04	.11387E+01
   1850.	    200.	.15140E-04	.20839E-04	.13764E+01
   1850.	    250.	.15712E-04	.21415E-04	.13629E+01
   1850.	    300.	.16379E-04	.22136E-04	.13514E+01
   1850.	    350.	.17125E-04	.22976E-04	.13417E+01
   1850.	    400.	.17931E-04	.23909E-04	.13334E+01
   1850.	    450.	.18780E-04	.24911E-04	.13264E+01
   1850.	    500.	.19657E-04	.25955E-04	.13204E+01
   1850.	    550.	.20543E-04	.27018E-04	.13152E+01
   1850.	    600.	.21426E-04	.28081E-04	.13106E+01
   1850.	    650.	.22292E-04	.29122E-04	.13064E+01
   1850.	    700.	.23131E-04	.30127E-04	.13025E+01
   1850.	    750.	.23932E-04	.31080E-04	.12987E+01
   1850.	    800.	.24688E-04	.31970E-04	.12950E+01
   1850.	    850.	.25393E-04	.32789E-04	.12912E+01
   1850.	    900.	.26044E-04	.33528E-04	.12873E+01
   1850.	    950.	.26637E-04	.34183E-04	.12833E+01
   1850.	   1000.	.27170E-04	.34751E-04	.12790E+01
   1850.	   1050.	.27644E-04	.35231E-04	.12745E+01
   1850.	   1100.	.28057E-04	.35622E-04	.12697E+01
   1850.	   1150.	.28411E-04	.35927E-04	.12645E+01
   1850.	   1200.	.28707E-04	.36146E-04	.12591E+01
   1850.	   1250.	.28948E-04	.36284E-04	.12534E+01
   1850.	   1300.	.29136E-04	.36344E-04	.12474E+01
   1850.	   1350.	.29274E-04	.36330E-04	.12410E+01
   1850.	   1400.	.29364E-04	.36246E-04	.12344E+01
   1850.	   1450.	.29410E-04	.36098E-04	.12274E+01
   1850.	   1500.	.29413E-04	.35890E-04	.12202E+01
   1850.	   1550.	.29379E-04	.35628E-04	.12127E+01
   1850.	   1600.	.29308E-04	.35317E-04	.12050E+01
   1850.	   1650.	.29204E-04	.34963E-04	.11972E+01
   1850.	   1700.	.29071E-04	.34571E-04	.11892E+01
   1850.	   1750.	.28910E-04	.34146E-04	.11811E+01
   1850.	   1800.	.28724E-04	.33696E-04	.11731E+01
   1851.	   1850.	.28266E-04	.32944E-04	.11655E+01
   1850.	   1900.	.28287E-04	.32760E-04	.11581E+01
   1850.	   1950.	.28041E-04	.32267E-04	.11507E+01
   1850.	   2000.	.27778E-04	.31767E-04	.11436E+01
   1900.	    200.	.92999E-05	.12793E-04	.13756E+01
   1900.	    250.	.96500E-05	.13143E-04	.13620E+01
   1900.	    300.	.10059E-04	.13584E-04	.13504E+01
   1900.	    350.	.10519E-04	.14101E-04	.13405E+01
   1900.	    400.	.11018E-04	.14677E-04	.13321E+01
   1900.	    450.	.11546E-04	.15298E-04	.13249E+01
   1900.	    500.	.12094E-04	.15949E-04	.13188E+01
   1900.	    550.	.12651E-04	.16617E-04	.13135E+01
   1900.	    600.	.13210E-04	.17289E-04	.13088E+01
   1900.	    650.	.13761E-04	.17953E-04	.13046E+01
   1900.	    700.	.14299E-04	.18598E-04	.13007E+01
   1900.	    750.	.14816E-04	.19216E-04	.12970E+01
   1900.	    800.	.15308E-04	.19799E-04	.12934E+01
   1900.	    850.	.15772E-04	.20342E-04	.12897E+01
   1900.	    900.	.16204E-04	.20838E-04	.12860E+01
   1900.	    950.	.16601E-04	.21286E-04	.12822E+01
   1900.	   1000.	.16963E-04	.21681E-04	.12782E+01
   1900.	   1050.	.17288E-04	.22024E-04	.12739E+01
   1900.	   1100.	.17577E-04	.22312E-04	.12694E+01
   1900.	   1150.	.17829E-04	.22548E-04	.12647E+01
   1900.	   1200.	.18046E-04	.22731E-04	.12596E+01
   1900.	   1250.	.18228E-04	.22863E-04	.12543E+01
   1900.	   1300.	.18376E-04	.22945E-04	.12486E+01
   1900.	   1350.	.18493E-04	.22981E-04	.12427E+01
   1900.	   1400.	.18579E-04	.22972E-04	.12365E+01
   1900.	   1450.	.18636E-04	.22921E-04	.12300E+01
   1900.	   1500.	.18666E-04	.22831E-04	.12232E+01
   1900.	   1550.	.18671E-04	.22706E-04	.12161E+01
   1900.	   1600.	.18652E-04	.22548E-04	.12089E+01
   1900.	   1650.	.18611E-04	.22359E-04	.12014E+01
   1900.	   1700.	.18551E-04	.22145E-04	.11937E+01
   1900.	   1750.	.18472E-04	.21907E-04	.11860E+01
   1900.	   1800.	.18376E-04	.21649E-04	.11781E+01
   1900.	   1850.	.18264E-04	.21376E-04	.11703E+01
   1900.	   1900.	.17977E-04	.20906E-04	.11629E+01
   1900.	   1950.	.18001E-04	.20803E-04	.11557E+01
   1900.	   2000.	.17852E-04	.20503E-04	.11485E+01
   1950.	    200.	.56575E-05	.77783E-05	.13749E+01
   1950.	    250.	.58699E-05	.79905E-05	.13613E+01
   1950.	    300.	.61190E-05	.82579E-05	.13495E+01
   1950.	    350.	.63994E-05	.85720E-05	.13395E+01
   1950.	    400.	.67053E-05	.89241E-05	.13309E+01
   1950.	    450.	.70306E-05	.93055E-05	.13236E+01
   1950.	    500.	.73695E-05	.97076E-05	.13173E+01
   1950.	    550.	.77162E-05	.10122E-04	.13118E+01
   1950.	    600.	.80654E-05	.10542E-04	.13071E+01
   1950.	    650.	.84123E-05	.10960E-04	.13028E+01
   1950.	    700.	.87525E-05	.11369E-04	.12989E+01
   1950.	    750.	.90823E-05	.11764E-04	.12953E+01
   1950.	    800.	.93985E-05	.12140E-04	.12917E+01
   1950.	    850.	.96984E-05	.12494E-04	.12882E+01
   1950.	    900.	.99801E-05	.12821E-04	.12847E+01
   1950.	    950.	.10242E-04	.13120E-04	.12810E+01
   1950.	   1000.	.10483E-04	.13388E-04	.12772E+01
   1950.	   1050.	.10702E-04	.13626E-04	.12732E+01
   1950.	   1100.	.10899E-04	.13830E-04	.12690E+01
   1950.	   1150.	.11074E-04	.14003E-04	.12645E+01
   1950.	   1200.	.11227E-04	.14144E-04	.12598E+01
   1950.	   1250.	.11359E-04	.14253E-04	.12548E+01
   1950.	   1300.	.11469E-04	.14332E-04	.12495E+01
   1950.	   1350.	.11560E-04	.14381E-04	.12440E+01
   1950.	   1400.	.11632E-04	.14402E-04	.12382E+01
   1950.	   1450.	.11685E-04	.14397E-04	.12321E+01
   1950.	   1500.	.11721E-04	.14366E-04	.12257E+01
   1950.	   1550.	.11741E-04	.14313E-04	.12190E+01
   1950.	   1600.	.11745E-04	.14238E-04	.12122E+01
   1950.	   1650.	.11736E-04	.14143E-04	.12051E+01
   1950.	   1700.	.11713E-04	.14030E-04	.11978E+01
   1950.	   1750.	.11678E-04	.13901E-04	.11904E+01
   1950.	   1800.	.11632E-04	.13758E-04	.11828E+01
   1950.	   1850.	.11575E-04	.13603E-04	.11752E+01
   1950.	   1900.	.11509E-04	.13438E-04	.11676E+01
   1951.	   1950.	.11330E-04	.13146E-04	.11603E+01
   1950.	   2000.	.11352E-04	.13091E-04	.11532E+01
   2000.	    200.	.34056E-05	.46805E-05	.13744E+01
   2000.	    250.	.35332E-05	.48076E-05	.13607E+01
   2000.	    300.	.36833E-05	.49683E-05	.13488E+01
   2000.	    350.	.38528E-05	.51576E-05	.13386E+01
   2000.	    400.	.40384E-05	.53706E-05	.13299E+01
   2000.	    450.	.42366E-05	.56023E-05	.13224E+01
   2000.	    500.	.44439E-05	.58478E-05	.13159E+01
   2000.	    550.	.46571E-05	.61024E-05	.13103E+01
   2000.	    600.	.48729E-05	.63615E-05	.13055E+01
   2000.	    650.	.50884E-05	.66209E-05	.13012E+01
   2000.	    700.	.53010E-05	.68768E-05	.12973E+01
   2000.	    750.	.55084E-05	.71258E-05	.12936E+01
   2000.	    800.	.57085E-05	.73647E-05	.12901E+01
   2000.	    850.	.58997E-05	.75912E-05	.12867E+01
   2000.	    900.	.60807E-05	.78032E-05	.12833E+01
   2000.	    950.	.62502E-05	.79989E-05	.12798E+01
   2000.	   1000.	.64076E-05	.81771E-05	.12762E+01
   2000.	   1050.	.65523E-05	.83369E-05	.12724E+01
   2000.	   1100.	.66839E-05	.84778E-05	.12684E+01
   2000.	   1150.	.68023E-05	.85995E-05	.12642E+01
   2000.	   1200.	.69075E-05	.87019E-05	.12598E+01
   2000.	   1250.	.69997E-05	.87853E-05	.12551E+01
   2000.	   1300.	.70791E-05	.88501E-05	.12502E+01
   2000.	   1350.	.71462E-05	.88967E-05	.12450E+01
   2000.	   1400.	.72013E-05	.89260E-05	.12395E+01
   2000.	   1450.	.72450E-05	.89386E-05	.12338E+01
   2000.	   1500.	.72779E-05	.89355E-05	.12278E+01
   2000.	   1550.	.73004E-05	.89176E-05	.12215E+01
   2000.	   1600.	.73132E-05	.88859E-05	.12150E+01
   2000.	   1650.	.73170E-05	.88413E-05	.12083E+01
   2000.	   1700.	.73122E-05	.87850E-05	.12014E+01
   2000.	   1750.	.72995E-05	.87180E-05	.11943E+01
   2000.	   1800.	.72794E-05	.86413E-05	.11871E+01
   2000.	   1850.	.72526E-05	.85562E-05	.11797E+01
   2000.	   1900.	.72196E-05	.84636E-05	.11723E+01
   2000.	   1950.	.71807E-05	.83650E-05	.11649E+01
   2000.	   2000.	.70699E-05	.81857E-05	.11578E+01
