    200.	    200.	.91340E+01	.12410E+02	.13587E+01
    200.	    250.	.91340E+01	.12493E+02	.13678E+01
    200.	    300.	.91340E+01	.12530E+02	.13718E+01
    200.	    350.	.91340E+01	.12550E+02	.13740E+01
    200.	    400.	.91340E+01	.12564E+02	.13755E+01
    200.	    450.	.91340E+01	.12575E+02	.13767E+01
    200.	    500.	.91340E+01	.12584E+02	.13777E+01
    200.	    550.	.91340E+01	.12590E+02	.13784E+01
    200.	    600.	.91340E+01	.12597E+02	.13791E+01
    200.	    650.	.91340E+01	.12601E+02	.13796E+01
    200.	    700.	.91340E+01	.12602E+02	.13797E+01
    200.	    750.	.91340E+01	.12606E+02	.13801E+01
    200.	    800.	.91340E+01	.12606E+02	.13801E+01
    200.	    850.	.91340E+01	.12610E+02	.13806E+01
    200.	    900.	.91340E+01	.12612E+02	.13808E+01
    200.	    950.	.91340E+01	.12612E+02	.13808E+01
    200.	   1000.	.91340E+01	.12612E+02	.13807E+01
    200.	   1050.	.91340E+01	.12610E+02	.13805E+01
    200.	   1100.	.91340E+01	.12613E+02	.13809E+01
    200.	   1150.	.91340E+01	.12616E+02	.13812E+01
    200.	   1200.	.91340E+01	.12606E+02	.13801E+01
    200.	   1200.	.91340E+01	.12606E+02	.13801E+01
    200.	   1200.	.91340E+01	.12606E+02	.13801E+01
    200.	   1200.	.91340E+01	.12606E+02	.13801E+01
    200.	   1200.	.91340E+01	.12606E+02	.13801E+01
    200.	   1200.	.91340E+01	.12606E+02	.13801E+01
    200.	   1200.	.91340E+01	.12606E+02	.13801E+01
    200.	   1200.	.91340E+01	.12606E+02	.13801E+01
    200.	   1200.	.91340E+01	.12606E+02	.13801E+01
    200.	   1200.	.91340E+01	.12606E+02	.13801E+01
    200.	   1200.	.91340E+01	.12606E+02	.13801E+01
    200.	   1200.	.91340E+01	.12606E+02	.13801E+01
    200.	   1200.	.91340E+01	.12606E+02	.13801E+01
    200.	   1200.	.91340E+01	.12606E+02	.13801E+01
    200.	   1200.	.91340E+01	.12606E+02	.13801E+01
    200.	   1200.	.91340E+01	.12606E+02	.13801E+01
    200.	   1200.	.91340E+01	.12606E+02	.13801E+01
    250.	    200.	.26622E+01	.35678E+01	.13402E+01
    250.	    250.	.26622E+01	.36157E+01	.13582E+01
    250.	    300.	.26622E+01	.36329E+01	.13646E+01
    250.	    350.	.26622E+01	.36389E+01	.13669E+01
    250.	    400.	.26622E+01	.36421E+01	.13681E+01
    250.	    450.	.26622E+01	.36445E+01	.13690E+01
    250.	    500.	.26622E+01	.36464E+01	.13697E+01
    250.	    550.	.26622E+01	.36482E+01	.13704E+01
    250.	    600.	.26622E+01	.36492E+01	.13708E+01
    250.	    650.	.26622E+01	.36512E+01	.13715E+01
    250.	    700.	.26622E+01	.36510E+01	.13714E+01
    250.	    750.	.26622E+01	.36515E+01	.13716E+01
    250.	    800.	.26622E+01	.36506E+01	.13713E+01
    250.	    850.	.26622E+01	.36512E+01	.13715E+01
    250.	    900.	.26622E+01	.36507E+01	.13713E+01
    250.	    950.	.26622E+01	.36520E+01	.13718E+01
    250.	   1000.	.26622E+01	.36500E+01	.13710E+01
    250.	   1050.	.26622E+01	.36499E+01	.13710E+01
    250.	   1100.	.26622E+01	.36518E+01	.13717E+01
    250.	   1150.	.26622E+01	.36486E+01	.13705E+01
    250.	   1200.	.26622E+01	.36492E+01	.13707E+01
    250.	   1250.	.26622E+01	.36500E+01	.13710E+01
    250.	   1300.	.26622E+01	.36464E+01	.13697E+01
    250.	   1350.	.26622E+01	.36467E+01	.13698E+01
    250.	   1400.	.26622E+01	.36469E+01	.13699E+01
    250.	   1450.	.26622E+01	.36471E+01	.13700E+01
    250.	   1500.	.26622E+01	.36468E+01	.13699E+01
    250.	   1500.	.26622E+01	.36468E+01	.13699E+01
    250.	   1500.	.26622E+01	.36468E+01	.13699E+01
    250.	   1500.	.26622E+01	.36468E+01	.13699E+01
    250.	   1500.	.26622E+01	.36468E+01	.13699E+01
    250.	   1500.	.26622E+01	.36468E+01	.13699E+01
    250.	   1500.	.26622E+01	.36468E+01	.13699E+01
    250.	   1500.	.26622E+01	.36468E+01	.13699E+01
    250.	   1500.	.26622E+01	.36468E+01	.13699E+01
    250.	   1500.	.26622E+01	.36468E+01	.13699E+01
    250.	   1500.	.26622E+01	.36468E+01	.13699E+01
    300.	    200.	.92480E+00	.12112E+01	.13097E+01
    300.	    250.	.92480E+00	.12338E+01	.13341E+01
    300.	    300.	.92480E+00	.12520E+01	.13539E+01
    300.	    350.	.92480E+00	.12566E+01	.13587E+01
    300.	    400.	.92480E+00	.12575E+01	.13597E+01
    300.	    450.	.92480E+00	.12579E+01	.13601E+01
    300.	    500.	.92480E+00	.12582E+01	.13606E+01
    300.	    550.	.92480E+00	.12586E+01	.13609E+01
    300.	    600.	.92480E+00	.12589E+01	.13612E+01
    300.	    650.	.92480E+00	.12593E+01	.13618E+01
    300.	    700.	.92480E+00	.12596E+01	.13620E+01
    300.	    750.	.92480E+00	.12595E+01	.13620E+01
    300.	    800.	.92480E+00	.12598E+01	.13623E+01
    300.	    850.	.92480E+00	.12595E+01	.13619E+01
    300.	    900.	.92480E+00	.12595E+01	.13619E+01
    300.	    950.	.92480E+00	.12597E+01	.13621E+01
    300.	   1000.	.92480E+00	.12596E+01	.13620E+01
    300.	   1050.	.92480E+00	.12592E+01	.13615E+01
    300.	   1100.	.92480E+00	.12594E+01	.13618E+01
    300.	   1150.	.92480E+00	.12585E+01	.13609E+01
    300.	   1200.	.92480E+00	.12594E+01	.13618E+01
    300.	   1250.	.92480E+00	.12582E+01	.13605E+01
    300.	   1300.	.92480E+00	.12586E+01	.13609E+01
    300.	   1350.	.92480E+00	.12570E+01	.13593E+01
    300.	   1400.	.92480E+00	.12574E+01	.13597E+01
    300.	   1450.	.92480E+00	.12578E+01	.13601E+01
    300.	   1500.	.92480E+00	.12561E+01	.13582E+01
    300.	   1550.	.92480E+00	.12561E+01	.13582E+01
    300.	   1600.	.92480E+00	.12562E+01	.13583E+01
    300.	   1650.	.92480E+00	.12562E+01	.13584E+01
    300.	   1700.	.92480E+00	.12562E+01	.13584E+01
    300.	   1750.	.92480E+00	.12564E+01	.13586E+01
    300.	   1800.	.92480E+00	.12562E+01	.13584E+01
    300.	   1800.	.92480E+00	.12562E+01	.13584E+01
    300.	   1800.	.92480E+00	.12562E+01	.13584E+01
    300.	   1800.	.92480E+00	.12562E+01	.13584E+01
    300.	   1800.	.92480E+00	.12562E+01	.13584E+01
    350.	    200.	.36275E+00	.44683E+00	.12318E+01
    350.	    250.	.36275E+00	.47076E+00	.12977E+01
    350.	    300.	.36275E+00	.48154E+00	.13275E+01
    350.	    350.	.36275E+00	.48895E+00	.13479E+01
    350.	    400.	.36275E+00	.49035E+00	.13518E+01
    350.	    450.	.36275E+00	.49035E+00	.13518E+01
    350.	    500.	.36275E+00	.49027E+00	.13515E+01
    350.	    550.	.36275E+00	.49027E+00	.13515E+01
    350.	    600.	.36275E+00	.49031E+00	.13516E+01
    350.	    650.	.36275E+00	.49041E+00	.13519E+01
    350.	    700.	.36275E+00	.49048E+00	.13521E+01
    350.	    750.	.36275E+00	.49062E+00	.13525E+01
    350.	    800.	.36275E+00	.49063E+00	.13525E+01
    350.	    850.	.36275E+00	.49059E+00	.13524E+01
    350.	    900.	.36275E+00	.49072E+00	.13528E+01
    350.	    950.	.36275E+00	.49069E+00	.13527E+01
    350.	   1000.	.36275E+00	.49063E+00	.13525E+01
    350.	   1050.	.36275E+00	.49086E+00	.13532E+01
    350.	   1100.	.36275E+00	.49082E+00	.13530E+01
    350.	   1150.	.36275E+00	.49063E+00	.13525E+01
    350.	   1200.	.36275E+00	.49041E+00	.13519E+01
    350.	   1250.	.36275E+00	.49003E+00	.13509E+01
    350.	   1300.	.36275E+00	.49053E+00	.13522E+01
    350.	   1350.	.36275E+00	.48989E+00	.13505E+01
    350.	   1400.	.36275E+00	.49019E+00	.13513E+01
    350.	   1450.	.36275E+00	.48960E+00	.13497E+01
    350.	   1500.	.36275E+00	.48978E+00	.13502E+01
    350.	   1550.	.36275E+00	.49002E+00	.13508E+01
    350.	   1600.	.36275E+00	.49007E+00	.13510E+01
    350.	   1650.	.36275E+00	.48844E+00	.13465E+01
    350.	   1700.	.36275E+00	.48857E+00	.13469E+01
    350.	   1750.	.36275E+00	.48864E+00	.13470E+01
    350.	   1800.	.36275E+00	.48869E+00	.13472E+01
    350.	   1850.	.36275E+00	.48872E+00	.13472E+01
    350.	   1900.	.36275E+00	.48874E+00	.13473E+01
    350.	   1950.	.36275E+00	.48875E+00	.13474E+01
    350.	   2000.	.36275E+00	.48877E+00	.13474E+01
    400.	    200.	.15549E+00	.21606E+00	.13896E+01
    400.	    250.	.15549E+00	.18857E+00	.12127E+01
    400.	    300.	.15549E+00	.20032E+00	.12883E+01
    400.	    350.	.15549E+00	.20536E+00	.13207E+01
    400.	    400.	.15549E+00	.20856E+00	.13413E+01
    400.	    450.	.15549E+00	.20903E+00	.13444E+01
    400.	    500.	.15549E+00	.20892E+00	.13436E+01
    400.	    550.	.15549E+00	.20881E+00	.13429E+01
    400.	    600.	.15549E+00	.20875E+00	.13425E+01
    400.	    650.	.15549E+00	.20874E+00	.13425E+01
    400.	    700.	.15549E+00	.20876E+00	.13426E+01
    400.	    750.	.15549E+00	.20879E+00	.13428E+01
    400.	    800.	.15549E+00	.20879E+00	.13428E+01
    400.	    850.	.15549E+00	.20882E+00	.13430E+01
    400.	    900.	.15549E+00	.20882E+00	.13430E+01
    400.	    950.	.15549E+00	.20887E+00	.13433E+01
    400.	   1000.	.15549E+00	.20890E+00	.13435E+01
    400.	   1050.	.15549E+00	.20884E+00	.13431E+01
    400.	   1100.	.15549E+00	.20877E+00	.13427E+01
    400.	   1150.	.15549E+00	.20889E+00	.13434E+01
    400.	   1200.	.15549E+00	.20891E+00	.13436E+01
    400.	   1250.	.15549E+00	.20882E+00	.13430E+01
    400.	   1300.	.15549E+00	.20872E+00	.13424E+01
    400.	   1350.	.15549E+00	.20859E+00	.13415E+01
    400.	   1400.	.15549E+00	.20879E+00	.13428E+01
    400.	   1450.	.15549E+00	.20858E+00	.13414E+01
    400.	   1500.	.15549E+00	.20874E+00	.13425E+01
    400.	   1550.	.15549E+00	.20803E+00	.13379E+01
    400.	   1600.	.15549E+00	.20817E+00	.13388E+01
    400.	   1650.	.15549E+00	.20827E+00	.13394E+01
    400.	   1700.	.15549E+00	.20835E+00	.13400E+01
    400.	   1750.	.15549E+00	.20842E+00	.13404E+01
    400.	   1800.	.15549E+00	.20850E+00	.13409E+01
    400.	   1850.	.15549E+00	.20855E+00	.13413E+01
    400.	   1900.	.15549E+00	.20861E+00	.13416E+01
    400.	   1950.	.15549E+00	.20860E+00	.13416E+01
    400.	   2000.	.15549E+00	.20782E+00	.13365E+01
    450.	    200.	.71276E-01	.97355E-01	.13659E+01
    450.	    250.	.71276E-01	.97276E-01	.13648E+01
    450.	    300.	.71276E-01	.85590E-01	.12008E+01
    450.	    350.	.71276E-01	.91288E-01	.12808E+01
    450.	    400.	.71276E-01	.93685E-01	.13144E+01
    450.	    450.	.71276E-01	.95131E-01	.13347E+01
    450.	    500.	.71276E-01	.95307E-01	.13371E+01
    450.	    550.	.71276E-01	.95217E-01	.13359E+01
    450.	    600.	.71276E-01	.95134E-01	.13347E+01
    450.	    650.	.71276E-01	.95086E-01	.13341E+01
    450.	    700.	.71276E-01	.95062E-01	.13337E+01
    450.	    750.	.71276E-01	.95067E-01	.13338E+01
    450.	    800.	.71276E-01	.95063E-01	.13337E+01
    450.	    850.	.71276E-01	.95085E-01	.13340E+01
    450.	    900.	.71276E-01	.95094E-01	.13342E+01
    450.	    950.	.71276E-01	.95110E-01	.13344E+01
    450.	   1000.	.71276E-01	.95136E-01	.13348E+01
    450.	   1050.	.71276E-01	.95141E-01	.13348E+01
    450.	   1100.	.71276E-01	.95077E-01	.13339E+01
    450.	   1150.	.71276E-01	.95175E-01	.13353E+01
    450.	   1200.	.71276E-01	.95123E-01	.13346E+01
    450.	   1250.	.71276E-01	.95129E-01	.13347E+01
    450.	   1300.	.71276E-01	.95140E-01	.13348E+01
    450.	   1350.	.71276E-01	.95099E-01	.13342E+01
    450.	   1400.	.71276E-01	.95063E-01	.13337E+01
    450.	   1450.	.71276E-01	.95005E-01	.13329E+01
    450.	   1500.	.71276E-01	.94919E-01	.13317E+01
    450.	   1550.	.71276E-01	.94803E-01	.13301E+01
    450.	   1600.	.71276E-01	.94876E-01	.13311E+01
    450.	   1650.	.71276E-01	.94976E-01	.13325E+01
    450.	   1700.	.71276E-01	.95079E-01	.13340E+01
    450.	   1750.	.71276E-01	.95147E-01	.13349E+01
    450.	   1800.	.71276E-01	.94738E-01	.13292E+01
    450.	   1850.	.71276E-01	.94796E-01	.13300E+01
    450.	   1900.	.71276E-01	.94839E-01	.13306E+01
    450.	   1950.	.71276E-01	.94869E-01	.13310E+01
    450.	   2000.	.71276E-01	.94911E-01	.13316E+01
    500.	    200.	.34428E-01	.46386E-01	.13473E+01
    500.	    250.	.34428E-01	.46358E-01	.13465E+01
    500.	    300.	.34428E-01	.46297E-01	.13447E+01
    500.	    350.	.34428E-01	.41086E-01	.11934E+01
    500.	    400.	.34428E-01	.43885E-01	.12747E+01
    500.	    450.	.34428E-01	.45054E-01	.13086E+01
    500.	    500.	.34428E-01	.45734E-01	.13284E+01
    500.	    550.	.34428E-01	.45804E-01	.13304E+01
    500.	    600.	.34428E-01	.45746E-01	.13287E+01
    500.	    650.	.34428E-01	.45694E-01	.13272E+01
    500.	    700.	.34428E-01	.45663E-01	.13263E+01
    500.	    750.	.34428E-01	.45645E-01	.13258E+01
    500.	    800.	.34428E-01	.45644E-01	.13258E+01
    500.	    850.	.34428E-01	.45653E-01	.13260E+01
    500.	    900.	.34428E-01	.45666E-01	.13264E+01
    500.	    950.	.34428E-01	.45649E-01	.13259E+01
    500.	   1000.	.34428E-01	.45656E-01	.13261E+01
    500.	   1050.	.34428E-01	.45681E-01	.13269E+01
    500.	   1100.	.34428E-01	.45680E-01	.13268E+01
    500.	   1150.	.34428E-01	.45679E-01	.13268E+01
    500.	   1200.	.34428E-01	.45666E-01	.13264E+01
    500.	   1250.	.34428E-01	.45637E-01	.13256E+01
    500.	   1300.	.34428E-01	.45671E-01	.13265E+01
    500.	   1350.	.34428E-01	.45690E-01	.13271E+01
    500.	   1400.	.34428E-01	.45713E-01	.13278E+01
    500.	   1450.	.34428E-01	.45573E-01	.13237E+01
    500.	   1500.	.34428E-01	.45549E-01	.13230E+01
    500.	   1550.	.34428E-01	.45505E-01	.13217E+01
    500.	   1600.	.34428E-01	.45578E-01	.13238E+01
    500.	   1650.	.34428E-01	.45649E-01	.13259E+01
    500.	   1700.	.34428E-01	.45479E-01	.13210E+01
    500.	   1750.	.34428E-01	.45536E-01	.13226E+01
    500.	   1800.	.34428E-01	.45565E-01	.13235E+01
    500.	   1850.	.34428E-01	.45610E-01	.13248E+01
    500.	   1900.	.34428E-01	.45648E-01	.13259E+01
    500.	   1950.	.34428E-01	.45438E-01	.13198E+01
    500.	   2000.	.34428E-01	.45703E-01	.13275E+01
    550.	    200.	.17336E-01	.23100E-01	.13325E+01
    550.	    250.	.17336E-01	.23091E-01	.13320E+01
    550.	    300.	.17336E-01	.23058E-01	.13301E+01
    550.	    350.	.17336E-01	.23027E-01	.13283E+01
    550.	    400.	.17336E-01	.20607E-01	.11887E+01
    550.	    450.	.17336E-01	.22010E-01	.12696E+01
    550.	    500.	.17336E-01	.22594E-01	.13033E+01
    550.	    550.	.17336E-01	.22926E-01	.13225E+01
    550.	    600.	.17336E-01	.22956E-01	.13242E+01
    550.	    650.	.17336E-01	.22921E-01	.13222E+01
    550.	    700.	.17336E-01	.22890E-01	.13204E+01
    550.	    750.	.17336E-01	.22870E-01	.13193E+01
    550.	    800.	.17336E-01	.22859E-01	.13186E+01
    550.	    850.	.17336E-01	.22857E-01	.13185E+01
    550.	    900.	.17336E-01	.22852E-01	.13182E+01
    550.	    950.	.17336E-01	.22850E-01	.13181E+01
    550.	   1000.	.17336E-01	.22862E-01	.13188E+01
    550.	   1050.	.17336E-01	.22858E-01	.13186E+01
    550.	   1100.	.17336E-01	.22861E-01	.13187E+01
    550.	   1150.	.17336E-01	.22872E-01	.13193E+01
    550.	   1200.	.17336E-01	.22876E-01	.13196E+01
    550.	   1250.	.17336E-01	.22885E-01	.13201E+01
    550.	   1300.	.17336E-01	.22875E-01	.13195E+01
    550.	   1350.	.17336E-01	.22865E-01	.13190E+01
    550.	   1400.	.17336E-01	.22883E-01	.13200E+01
    550.	   1450.	.17336E-01	.22899E-01	.13209E+01
    550.	   1500.	.17336E-01	.22907E-01	.13214E+01
    550.	   1550.	.17336E-01	.22760E-01	.13129E+01
    550.	   1600.	.17336E-01	.22821E-01	.13164E+01
    550.	   1650.	.17336E-01	.22865E-01	.13189E+01
    550.	   1700.	.17336E-01	.22781E-01	.13141E+01
    550.	   1750.	.17336E-01	.22816E-01	.13161E+01
    550.	   1800.	.17336E-01	.22848E-01	.13180E+01
    550.	   1850.	.17336E-01	.22881E-01	.13198E+01
    550.	   1900.	.17336E-01	.22773E-01	.13137E+01
    550.	   1950.	.17336E-01	.22803E-01	.13153E+01
    550.	   2000.	.17336E-01	.22822E-01	.13165E+01
    600.	    200.	.90271E-02	.11920E-01	.13205E+01
    600.	    250.	.90271E-02	.11916E-01	.13201E+01
    600.	    300.	.90271E-02	.11900E-01	.13183E+01
    600.	    350.	.90271E-02	.11882E-01	.13163E+01
    600.	    400.	.90271E-02	.11868E-01	.13147E+01
    600.	    450.	.90271E-02	.10705E-01	.11859E+01
    600.	    500.	.90271E-02	.11423E-01	.12654E+01
    600.	    550.	.90271E-02	.11722E-01	.12985E+01
    600.	    600.	.90271E-02	.11889E-01	.13170E+01
    600.	    650.	.90271E-02	.11902E-01	.13184E+01
    600.	    700.	.90271E-02	.11881E-01	.13162E+01
    600.	    750.	.90271E-02	.11863E-01	.13142E+01
    600.	    800.	.90271E-02	.11851E-01	.13128E+01
    600.	    850.	.90271E-02	.11845E-01	.13121E+01
    600.	    900.	.90271E-02	.11841E-01	.13117E+01
    600.	    950.	.90271E-02	.11840E-01	.13116E+01
    600.	   1000.	.90271E-02	.11837E-01	.13113E+01
    600.	   1050.	.90271E-02	.11844E-01	.13121E+01
    600.	   1100.	.90271E-02	.11843E-01	.13119E+01
    600.	   1150.	.90271E-02	.11845E-01	.13121E+01
    600.	   1200.	.90271E-02	.11838E-01	.13114E+01
    600.	   1250.	.90271E-02	.11835E-01	.13110E+01
    600.	   1300.	.90271E-02	.11842E-01	.13118E+01
    600.	   1350.	.90271E-02	.11851E-01	.13128E+01
    600.	   1400.	.90271E-02	.11840E-01	.13116E+01
    600.	   1450.	.90271E-02	.11853E-01	.13130E+01
    600.	   1500.	.90271E-02	.11832E-01	.13108E+01
    600.	   1550.	.90271E-02	.11845E-01	.13122E+01
    600.	   1600.	.90271E-02	.11882E-01	.13162E+01
    600.	   1650.	.90271E-02	.11837E-01	.13112E+01
    600.	   1700.	.90271E-02	.11874E-01	.13154E+01
    600.	   1750.	.90271E-02	.11820E-01	.13094E+01
    600.	   1800.	.90271E-02	.11848E-01	.13125E+01
    600.	   1850.	.90271E-02	.11874E-01	.13153E+01
    600.	   1900.	.90271E-02	.11820E-01	.13093E+01
    600.	   1950.	.90271E-02	.11833E-01	.13109E+01
    600.	   2000.	.90271E-02	.11852E-01	.13129E+01
    650.	    200.	.48316E-02	.63306E-02	.13102E+01
    650.	    250.	.48316E-02	.63313E-02	.13104E+01
    650.	    300.	.48316E-02	.63231E-02	.13087E+01
    650.	    350.	.48316E-02	.63125E-02	.13065E+01
    650.	    400.	.48316E-02	.63030E-02	.13045E+01
    650.	    450.	.48316E-02	.62976E-02	.13034E+01
    650.	    500.	.48316E-02	.57220E-02	.11843E+01
    650.	    550.	.48316E-02	.60967E-02	.12618E+01
    650.	    600.	.48316E-02	.62526E-02	.12941E+01
    650.	    650.	.48316E-02	.63391E-02	.13120E+01
    650.	    700.	.48316E-02	.63446E-02	.13131E+01
    650.	    750.	.48316E-02	.63327E-02	.13107E+01
    650.	    800.	.48316E-02	.63221E-02	.13085E+01
    650.	    850.	.48316E-02	.63148E-02	.13070E+01
    650.	    900.	.48316E-02	.63105E-02	.13061E+01
    650.	    950.	.48316E-02	.63091E-02	.13058E+01
    650.	   1000.	.48316E-02	.63068E-02	.13053E+01
    650.	   1050.	.48316E-02	.63063E-02	.13052E+01
    650.	   1100.	.48316E-02	.63091E-02	.13058E+01
    650.	   1150.	.48316E-02	.63077E-02	.13055E+01
    650.	   1200.	.48316E-02	.63118E-02	.13063E+01
    650.	   1250.	.48316E-02	.63101E-02	.13060E+01
    650.	   1300.	.48316E-02	.63139E-02	.13068E+01
    650.	   1350.	.48316E-02	.63168E-02	.13074E+01
    650.	   1400.	.48316E-02	.63175E-02	.13075E+01
    650.	   1450.	.48316E-02	.63026E-02	.13044E+01
    650.	   1500.	.48316E-02	.63157E-02	.13072E+01
    650.	   1550.	.48316E-02	.63078E-02	.13055E+01
    650.	   1600.	.48316E-02	.63142E-02	.13068E+01
    650.	   1650.	.48316E-02	.62981E-02	.13035E+01
    650.	   1700.	.48316E-02	.63158E-02	.13072E+01
    650.	   1750.	.48316E-02	.62982E-02	.13035E+01
    650.	   1800.	.48316E-02	.63094E-02	.13059E+01
    650.	   1850.	.48316E-02	.62860E-02	.13010E+01
    650.	   1900.	.48316E-02	.63024E-02	.13044E+01
    650.	   1950.	.48316E-02	.63119E-02	.13064E+01
    650.	   2000.	.48316E-02	.62810E-02	.13000E+01
    700.	    200.	.26454E-02	.34419E-02	.13011E+01
    700.	    250.	.26454E-02	.34436E-02	.13018E+01
    700.	    300.	.26454E-02	.34402E-02	.13005E+01
    700.	    350.	.26454E-02	.34347E-02	.12984E+01
    700.	    400.	.26454E-02	.34291E-02	.12963E+01
    700.	    450.	.26454E-02	.34248E-02	.12947E+01
    700.	    500.	.26454E-02	.34229E-02	.12939E+01
    700.	    550.	.26454E-02	.31308E-02	.11835E+01
    700.	    600.	.26454E-02	.33298E-02	.12587E+01
    700.	    650.	.26454E-02	.34129E-02	.12901E+01
    700.	    700.	.26454E-02	.34585E-02	.13074E+01
    700.	    750.	.26454E-02	.34609E-02	.13083E+01
    700.	    800.	.26454E-02	.34539E-02	.13057E+01
    700.	    850.	.26454E-02	.34477E-02	.13033E+01
    700.	    900.	.26454E-02	.34434E-02	.13017E+01
    700.	    950.	.26454E-02	.34410E-02	.13007E+01
    700.	   1000.	.26454E-02	.34397E-02	.13003E+01
    700.	   1050.	.26454E-02	.34398E-02	.13003E+01
    700.	   1100.	.26454E-02	.34386E-02	.12998E+01
    700.	   1150.	.26454E-02	.34395E-02	.13002E+01
    700.	   1200.	.26454E-02	.34415E-02	.13010E+01
    700.	   1250.	.26454E-02	.34420E-02	.13011E+01
    700.	   1300.	.26454E-02	.34404E-02	.13005E+01
    700.	   1350.	.26454E-02	.34398E-02	.13003E+01
    700.	   1400.	.26454E-02	.34439E-02	.13018E+01
    700.	   1450.	.26454E-02	.34414E-02	.13009E+01
    700.	   1500.	.26454E-02	.34435E-02	.13017E+01
    700.	   1550.	.26454E-02	.34439E-02	.13019E+01
    700.	   1600.	.26454E-02	.34410E-02	.13008E+01
    700.	   1650.	.26454E-02	.34401E-02	.13004E+01
    700.	   1700.	.26454E-02	.34385E-02	.12998E+01
    700.	   1750.	.26454E-02	.34477E-02	.13033E+01
    700.	   1800.	.26454E-02	.34363E-02	.12990E+01
    700.	   1850.	.26454E-02	.34479E-02	.13034E+01
    700.	   1900.	.26454E-02	.34355E-02	.12987E+01
    700.	   1950.	.26454E-02	.34435E-02	.13017E+01
    700.	   2000.	.26454E-02	.34265E-02	.12953E+01
    750.	    200.	.14758E-02	.19093E-02	.12938E+01
    750.	    250.	.14758E-02	.19107E-02	.12947E+01
    750.	    300.	.14758E-02	.19089E-02	.12934E+01
    750.	    350.	.14758E-02	.19065E-02	.12918E+01
    750.	    400.	.14758E-02	.19030E-02	.12895E+01
    750.	    450.	.14758E-02	.19002E-02	.12876E+01
    750.	    500.	.14758E-02	.18982E-02	.12862E+01
    750.	    550.	.14758E-02	.18977E-02	.12859E+01
    750.	    600.	.14758E-02	.17463E-02	.11833E+01
    750.	    650.	.14758E-02	.18537E-02	.12561E+01
    750.	    700.	.14758E-02	.18987E-02	.12865E+01
    750.	    750.	.14758E-02	.19232E-02	.13031E+01
    750.	    800.	.14758E-02	.19243E-02	.13039E+01
    750.	    850.	.14758E-02	.19201E-02	.13011E+01
    750.	    900.	.14758E-02	.19165E-02	.12986E+01
    750.	    950.	.14758E-02	.19140E-02	.12969E+01
    750.	   1000.	.14758E-02	.19123E-02	.12958E+01
    750.	   1050.	.14758E-02	.19116E-02	.12953E+01
    750.	   1100.	.14758E-02	.19114E-02	.12952E+01
    750.	   1150.	.14758E-02	.19113E-02	.12951E+01
    750.	   1200.	.14758E-02	.19113E-02	.12951E+01
    750.	   1250.	.14758E-02	.19126E-02	.12959E+01
    750.	   1300.	.14758E-02	.19110E-02	.12949E+01
    750.	   1350.	.14758E-02	.19126E-02	.12959E+01
    750.	   1400.	.14758E-02	.19125E-02	.12959E+01
    750.	   1450.	.14758E-02	.19113E-02	.12951E+01
    750.	   1500.	.14758E-02	.19114E-02	.12951E+01
    750.	   1550.	.14758E-02	.19121E-02	.12956E+01
    750.	   1600.	.14758E-02	.19123E-02	.12958E+01
    750.	   1650.	.14758E-02	.19149E-02	.12975E+01
    750.	   1700.	.14758E-02	.19134E-02	.12965E+01
    750.	   1750.	.14758E-02	.19108E-02	.12948E+01
    750.	   1800.	.14758E-02	.19199E-02	.13009E+01
    750.	   1850.	.14758E-02	.19123E-02	.12958E+01
    750.	   1900.	.14758E-02	.19224E-02	.13026E+01
    750.	   1950.	.14758E-02	.19124E-02	.12959E+01
    750.	   2000.	.14758E-02	.19201E-02	.13011E+01
    800.	    200.	.83631E-03	.10760E-02	.12866E+01
    800.	    250.	.83631E-03	.10768E-02	.12876E+01
    800.	    300.	.83631E-03	.10767E-02	.12874E+01
    800.	    350.	.83631E-03	.10753E-02	.12857E+01
    800.	    400.	.83631E-03	.10735E-02	.12836E+01
    800.	    450.	.83631E-03	.10719E-02	.12817E+01
    800.	    500.	.83631E-03	.10704E-02	.12799E+01
    800.	    550.	.83631E-03	.10696E-02	.12789E+01
    800.	    600.	.83631E-03	.10696E-02	.12790E+01
    800.	    650.	.83631E-03	.98976E-03	.11835E+01
    800.	    700.	.83631E-03	.10485E-02	.12537E+01
    800.	    750.	.83631E-03	.10731E-02	.12832E+01
    800.	    800.	.83631E-03	.10865E-02	.12992E+01
    800.	    850.	.83631E-03	.10870E-02	.12997E+01
    800.	    900.	.83631E-03	.10845E-02	.12968E+01
    800.	    950.	.83631E-03	.10824E-02	.12942E+01
    800.	   1000.	.83631E-03	.10808E-02	.12924E+01
    800.	   1050.	.83631E-03	.10799E-02	.12913E+01
    800.	   1100.	.83631E-03	.10794E-02	.12906E+01
    800.	   1150.	.83631E-03	.10792E-02	.12905E+01
    800.	   1200.	.83631E-03	.10794E-02	.12906E+01
    800.	   1250.	.83631E-03	.10793E-02	.12905E+01
    800.	   1300.	.83631E-03	.10802E-02	.12916E+01
    800.	   1350.	.83631E-03	.10781E-02	.12891E+01
    800.	   1400.	.83631E-03	.10786E-02	.12897E+01
    800.	   1450.	.83631E-03	.10796E-02	.12909E+01
    800.	   1500.	.83631E-03	.10797E-02	.12910E+01
    800.	   1550.	.83631E-03	.10797E-02	.12910E+01
    800.	   1600.	.83631E-03	.10806E-02	.12921E+01
    800.	   1650.	.83631E-03	.10798E-02	.12911E+01
    800.	   1700.	.83631E-03	.10804E-02	.12918E+01
    800.	   1750.	.83631E-03	.10797E-02	.12910E+01
    800.	   1800.	.83631E-03	.10793E-02	.12906E+01
    800.	   1850.	.83631E-03	.10780E-02	.12889E+01
    800.	   1900.	.83631E-03	.10818E-02	.12935E+01
    800.	   1950.	.83631E-03	.10772E-02	.12880E+01
    800.	   2000.	.83631E-03	.10832E-02	.12952E+01
    850.	    200.	.48014E-03	.61528E-03	.12814E+01
    850.	    250.	.48014E-03	.61571E-03	.12824E+01
    850.	    300.	.48014E-03	.61538E-03	.12817E+01
    850.	    350.	.48014E-03	.61486E-03	.12806E+01
    850.	    400.	.48014E-03	.61399E-03	.12788E+01
    850.	    450.	.48014E-03	.61288E-03	.12765E+01
    850.	    500.	.48014E-03	.61200E-03	.12746E+01
    850.	    550.	.48014E-03	.61133E-03	.12732E+01
    850.	    600.	.48014E-03	.61100E-03	.12725E+01
    850.	    650.	.48014E-03	.61121E-03	.12730E+01
    850.	    700.	.48014E-03	.56845E-03	.11839E+01
    850.	    750.	.48014E-03	.60095E-03	.12516E+01
    850.	    800.	.48014E-03	.61461E-03	.12801E+01
    850.	    850.	.48014E-03	.62202E-03	.12955E+01
    850.	    900.	.48014E-03	.62219E-03	.12958E+01
    850.	    950.	.48014E-03	.62074E-03	.12928E+01
    850.	   1000.	.48014E-03	.61945E-03	.12901E+01
    850.	   1050.	.48014E-03	.61855E-03	.12883E+01
    850.	   1100.	.48014E-03	.61798E-03	.12871E+01
    850.	   1150.	.48014E-03	.61765E-03	.12864E+01
    850.	   1200.	.48014E-03	.61752E-03	.12861E+01
    850.	   1250.	.48014E-03	.61768E-03	.12864E+01
    850.	   1300.	.48014E-03	.61761E-03	.12863E+01
    850.	   1350.	.48014E-03	.61811E-03	.12873E+01
    850.	   1400.	.48014E-03	.61789E-03	.12869E+01
    850.	   1450.	.48014E-03	.61753E-03	.12861E+01
    850.	   1500.	.48014E-03	.61724E-03	.12855E+01
    850.	   1550.	.48014E-03	.61768E-03	.12865E+01
    850.	   1600.	.48014E-03	.61781E-03	.12867E+01
    850.	   1650.	.48014E-03	.61781E-03	.12867E+01
    850.	   1700.	.48014E-03	.61767E-03	.12864E+01
    850.	   1750.	.48014E-03	.61806E-03	.12872E+01
    850.	   1800.	.48014E-03	.61832E-03	.12878E+01
    850.	   1850.	.48014E-03	.61788E-03	.12869E+01
    850.	   1900.	.48014E-03	.61735E-03	.12858E+01
    850.	   1950.	.48014E-03	.61532E-03	.12815E+01
    850.	   2000.	.48014E-03	.61801E-03	.12871E+01
    900.	    200.	.27865E-03	.35569E-03	.12765E+01
    900.	    250.	.27865E-03	.35587E-03	.12771E+01
    900.	    300.	.27865E-03	.35577E-03	.12768E+01
    900.	    350.	.27865E-03	.35565E-03	.12763E+01
    900.	    400.	.27865E-03	.35499E-03	.12740E+01
    900.	    450.	.27865E-03	.35445E-03	.12721E+01
    900.	    500.	.27865E-03	.35388E-03	.12700E+01
    900.	    550.	.27865E-03	.35349E-03	.12686E+01
    900.	    600.	.27865E-03	.35316E-03	.12674E+01
    900.	    650.	.27865E-03	.35305E-03	.12670E+01
    900.	    700.	.27865E-03	.35324E-03	.12677E+01
    900.	    750.	.27865E-03	.33005E-03	.11845E+01
    900.	    800.	.27865E-03	.34821E-03	.12497E+01
    900.	    850.	.27865E-03	.35588E-03	.12772E+01
    900.	    900.	.27865E-03	.36002E-03	.12920E+01
    900.	    950.	.27865E-03	.36007E-03	.12922E+01
    900.	   1000.	.27865E-03	.35921E-03	.12891E+01
    900.	   1050.	.27865E-03	.35844E-03	.12864E+01
    900.	   1100.	.27865E-03	.35789E-03	.12844E+01
    900.	   1150.	.27865E-03	.35754E-03	.12831E+01
    900.	   1200.	.27865E-03	.35734E-03	.12824E+01
    900.	   1250.	.27865E-03	.35726E-03	.12821E+01
    900.	   1300.	.27865E-03	.35724E-03	.12821E+01
    900.	   1350.	.27865E-03	.35733E-03	.12824E+01
    900.	   1400.	.27865E-03	.35761E-03	.12834E+01
    900.	   1450.	.27865E-03	.35714E-03	.12817E+01
    900.	   1500.	.27865E-03	.35762E-03	.12834E+01
    900.	   1550.	.27865E-03	.35708E-03	.12815E+01
    900.	   1600.	.27865E-03	.35728E-03	.12822E+01
    900.	   1650.	.27865E-03	.35743E-03	.12827E+01
    900.	   1700.	.27865E-03	.35730E-03	.12823E+01
    900.	   1750.	.27865E-03	.35772E-03	.12838E+01
    900.	   1800.	.27865E-03	.35730E-03	.12823E+01
    900.	   1850.	.27865E-03	.35765E-03	.12835E+01
    900.	   1900.	.27865E-03	.35745E-03	.12828E+01
    900.	   1950.	.27865E-03	.35706E-03	.12814E+01
    900.	   2000.	.27865E-03	.35658E-03	.12797E+01
    950.	    200.	.16315E-03	.20748E-03	.12717E+01
    950.	    250.	.16315E-03	.20777E-03	.12735E+01
    950.	    300.	.16315E-03	.20767E-03	.12729E+01
    950.	    350.	.16315E-03	.20749E-03	.12718E+01
    950.	    400.	.16315E-03	.20722E-03	.12701E+01
    950.	    450.	.16315E-03	.20694E-03	.12684E+01
    950.	    500.	.16315E-03	.20661E-03	.12664E+01
    950.	    550.	.16315E-03	.20633E-03	.12646E+01
    950.	    600.	.16315E-03	.20607E-03	.12630E+01
    950.	    650.	.16315E-03	.20591E-03	.12621E+01
    950.	    700.	.16315E-03	.20590E-03	.12620E+01
    950.	    750.	.16315E-03	.20606E-03	.12630E+01
    950.	    800.	.16315E-03	.19334E-03	.11850E+01
    950.	    850.	.16315E-03	.20358E-03	.12478E+01
    950.	    900.	.16315E-03	.20792E-03	.12744E+01
    950.	    950.	.16315E-03	.21026E-03	.12887E+01
    950.	   1000.	.16315E-03	.21026E-03	.12887E+01
    950.	   1050.	.16315E-03	.20974E-03	.12856E+01
    950.	   1100.	.16315E-03	.20928E-03	.12827E+01
    950.	   1150.	.16315E-03	.20895E-03	.12807E+01
    950.	   1200.	.16315E-03	.20873E-03	.12793E+01
    950.	   1250.	.16315E-03	.20862E-03	.12787E+01
    950.	   1300.	.16315E-03	.20856E-03	.12783E+01
    950.	   1350.	.16315E-03	.20858E-03	.12785E+01
    950.	   1400.	.16315E-03	.20861E-03	.12787E+01
    950.	   1450.	.16315E-03	.20877E-03	.12796E+01
    950.	   1500.	.16315E-03	.20887E-03	.12802E+01
    950.	   1550.	.16315E-03	.20897E-03	.12809E+01
    950.	   1600.	.16315E-03	.20849E-03	.12779E+01
    950.	   1650.	.16315E-03	.20898E-03	.12809E+01
    950.	   1700.	.16315E-03	.20870E-03	.12792E+01
    950.	   1750.	.16315E-03	.20888E-03	.12803E+01
    950.	   1800.	.16315E-03	.20865E-03	.12788E+01
    950.	   1850.	.16315E-03	.20867E-03	.12790E+01
    950.	   1900.	.16315E-03	.20870E-03	.12792E+01
    950.	   1950.	.16315E-03	.20866E-03	.12789E+01
    950.	   2000.	.16315E-03	.20877E-03	.12796E+01
   1000.	    200.	.96215E-04	.12189E-03	.12668E+01
   1000.	    250.	.96215E-04	.12200E-03	.12680E+01
   1000.	    300.	.96215E-04	.12208E-03	.12688E+01
   1000.	    350.	.96215E-04	.12198E-03	.12678E+01
   1000.	    400.	.96215E-04	.12186E-03	.12665E+01
   1000.	    450.	.96215E-04	.12169E-03	.12648E+01
   1000.	    500.	.96215E-04	.12147E-03	.12625E+01
   1000.	    550.	.96215E-04	.12129E-03	.12606E+01
   1000.	    600.	.96215E-04	.12117E-03	.12593E+01
   1000.	    650.	.96215E-04	.12105E-03	.12581E+01
   1000.	    700.	.96215E-04	.12098E-03	.12573E+01
   1000.	    750.	.96215E-04	.12099E-03	.12575E+01
   1000.	    800.	.96215E-04	.12111E-03	.12588E+01
   1000.	    850.	.96215E-04	.11408E-03	.11857E+01
   1000.	    900.	.96215E-04	.11989E-03	.12460E+01
   1000.	    950.	.96215E-04	.12236E-03	.12717E+01
   1000.	   1000.	.96215E-04	.12369E-03	.12855E+01
   1000.	   1050.	.96215E-04	.12367E-03	.12854E+01
   1000.	   1100.	.96215E-04	.12336E-03	.12821E+01
   1000.	   1150.	.96215E-04	.12308E-03	.12792E+01
   1000.	   1200.	.96215E-04	.12288E-03	.12772E+01
   1000.	   1250.	.96215E-04	.12276E-03	.12759E+01
   1000.	   1300.	.96215E-04	.12268E-03	.12751E+01
   1000.	   1350.	.96215E-04	.12267E-03	.12750E+01
   1000.	   1400.	.96215E-04	.12263E-03	.12746E+01
   1000.	   1450.	.96215E-04	.12263E-03	.12745E+01
   1000.	   1500.	.96215E-04	.12260E-03	.12742E+01
   1000.	   1550.	.96215E-04	.12272E-03	.12755E+01
   1000.	   1600.	.96215E-04	.12269E-03	.12752E+01
   1000.	   1650.	.96215E-04	.12261E-03	.12744E+01
   1000.	   1700.	.96215E-04	.12287E-03	.12770E+01
   1000.	   1750.	.96215E-04	.12288E-03	.12771E+01
   1000.	   1800.	.96215E-04	.12256E-03	.12738E+01
   1000.	   1850.	.96215E-04	.12286E-03	.12770E+01
   1000.	   1900.	.96215E-04	.12272E-03	.12754E+01
   1000.	   1950.	.96215E-04	.12277E-03	.12760E+01
   1000.	   2000.	.96215E-04	.12280E-03	.12763E+01
   1050.	    200.	.57067E-04	.72007E-04	.12618E+01
   1050.	    250.	.57067E-04	.72137E-04	.12641E+01
   1050.	    300.	.57067E-04	.72156E-04	.12644E+01
   1050.	    350.	.57067E-04	.72170E-04	.12647E+01
   1050.	    400.	.57067E-04	.72045E-04	.12625E+01
   1050.	    450.	.57067E-04	.71974E-04	.12612E+01
   1050.	    500.	.57067E-04	.71877E-04	.12595E+01
   1050.	    550.	.57067E-04	.71753E-04	.12573E+01
   1050.	    600.	.57067E-04	.71650E-04	.12556E+01
   1050.	    650.	.57067E-04	.71582E-04	.12544E+01
   1050.	    700.	.57067E-04	.71517E-04	.12532E+01
   1050.	    750.	.57067E-04	.71500E-04	.12529E+01
   1050.	    800.	.57067E-04	.71521E-04	.12533E+01
   1050.	    850.	.57067E-04	.71607E-04	.12548E+01
   1050.	    900.	.57067E-04	.67687E-04	.11861E+01
   1050.	    950.	.57067E-04	.71002E-04	.12442E+01
   1050.	   1000.	.57067E-04	.72417E-04	.12690E+01
   1050.	   1050.	.57067E-04	.73179E-04	.12823E+01
   1050.	   1100.	.57067E-04	.73162E-04	.12820E+01
   1050.	   1150.	.57067E-04	.72972E-04	.12787E+01
   1050.	   1200.	.57067E-04	.72805E-04	.12758E+01
   1050.	   1250.	.57067E-04	.72683E-04	.12736E+01
   1050.	   1300.	.57067E-04	.72609E-04	.12723E+01
   1050.	   1350.	.57067E-04	.72563E-04	.12715E+01
   1050.	   1400.	.57067E-04	.72540E-04	.12711E+01
   1050.	   1450.	.57067E-04	.72541E-04	.12712E+01
   1050.	   1500.	.57067E-04	.72503E-04	.12705E+01
   1050.	   1550.	.57067E-04	.72525E-04	.12709E+01
   1050.	   1600.	.57067E-04	.72546E-04	.12712E+01
   1050.	   1650.	.57067E-04	.72445E-04	.12695E+01
   1050.	   1700.	.57067E-04	.72557E-04	.12714E+01
   1050.	   1750.	.57067E-04	.72626E-04	.12727E+01
   1050.	   1800.	.57067E-04	.72422E-04	.12691E+01
   1050.	   1850.	.57067E-04	.72555E-04	.12714E+01
   1050.	   1900.	.57067E-04	.72414E-04	.12689E+01
   1050.	   1950.	.57067E-04	.72583E-04	.12719E+01
   1050.	   2000.	.57067E-04	.72549E-04	.12713E+01
   1100.	    200.	.33997E-04	.42801E-04	.12590E+01
   1100.	    250.	.33997E-04	.42900E-04	.12619E+01
   1100.	    300.	.33997E-04	.42878E-04	.12612E+01
   1100.	    350.	.33997E-04	.42873E-04	.12611E+01
   1100.	    400.	.33997E-04	.42795E-04	.12588E+01
   1100.	    450.	.33997E-04	.42732E-04	.12569E+01
   1100.	    500.	.33997E-04	.42696E-04	.12559E+01
   1100.	    550.	.33997E-04	.42624E-04	.12538E+01
   1100.	    600.	.33997E-04	.42576E-04	.12523E+01
   1100.	    650.	.33997E-04	.42520E-04	.12507E+01
   1100.	    700.	.33997E-04	.42483E-04	.12496E+01
   1100.	    750.	.33997E-04	.42455E-04	.12488E+01
   1100.	    800.	.33997E-04	.42452E-04	.12487E+01
   1100.	    850.	.33997E-04	.42473E-04	.12493E+01
   1100.	    900.	.33997E-04	.42531E-04	.12510E+01
   1100.	    950.	.33997E-04	.40332E-04	.11863E+01
   1100.	   1000.	.33997E-04	.42233E-04	.12422E+01
   1100.	   1050.	.33997E-04	.43048E-04	.12662E+01
   1100.	   1100.	.33997E-04	.43485E-04	.12791E+01
   1100.	   1150.	.33997E-04	.43470E-04	.12786E+01
   1100.	   1200.	.33997E-04	.43355E-04	.12752E+01
   1100.	   1250.	.33997E-04	.43254E-04	.12723E+01
   1100.	   1300.	.33997E-04	.43180E-04	.12701E+01
   1100.	   1350.	.33997E-04	.43135E-04	.12688E+01
   1100.	   1400.	.33997E-04	.43108E-04	.12680E+01
   1100.	   1450.	.33997E-04	.43093E-04	.12676E+01
   1100.	   1500.	.33997E-04	.43087E-04	.12674E+01
   1100.	   1550.	.33997E-04	.43094E-04	.12676E+01
   1100.	   1600.	.33997E-04	.43091E-04	.12675E+01
   1100.	   1650.	.33997E-04	.43076E-04	.12671E+01
   1100.	   1700.	.33997E-04	.43086E-04	.12673E+01
   1100.	   1750.	.33997E-04	.43117E-04	.12683E+01
   1100.	   1800.	.33997E-04	.43127E-04	.12685E+01
   1100.	   1850.	.33997E-04	.43115E-04	.12682E+01
   1100.	   1900.	.33997E-04	.43175E-04	.12699E+01
   1100.	   1950.	.33997E-04	.43004E-04	.12649E+01
   1100.	   2000.	.33997E-04	.43138E-04	.12689E+01
   1150.	    200.	.20319E-04	.25520E-04	.12559E+01
   1150.	    250.	.20319E-04	.25507E-04	.12553E+01
   1150.	    300.	.20319E-04	.25519E-04	.12559E+01
   1150.	    350.	.20319E-04	.25541E-04	.12570E+01
   1150.	    400.	.20319E-04	.25514E-04	.12556E+01
   1150.	    450.	.20319E-04	.25494E-04	.12547E+01
   1150.	    500.	.20319E-04	.25441E-04	.12521E+01
   1150.	    550.	.20319E-04	.25408E-04	.12504E+01
   1150.	    600.	.20319E-04	.25371E-04	.12486E+01
   1150.	    650.	.20319E-04	.25346E-04	.12474E+01
   1150.	    700.	.20319E-04	.25315E-04	.12459E+01
   1150.	    750.	.20319E-04	.25296E-04	.12449E+01
   1150.	    800.	.20319E-04	.25285E-04	.12444E+01
   1150.	    850.	.20319E-04	.25287E-04	.12445E+01
   1150.	    900.	.20319E-04	.25304E-04	.12453E+01
   1150.	    950.	.20319E-04	.25342E-04	.12472E+01
   1150.	   1000.	.20319E-04	.24104E-04	.11863E+01
   1150.	   1050.	.20319E-04	.25197E-04	.12401E+01
   1150.	   1100.	.20319E-04	.25668E-04	.12632E+01
   1150.	   1150.	.20319E-04	.25920E-04	.12756E+01
   1150.	   1200.	.20319E-04	.25908E-04	.12751E+01
   1150.	   1250.	.20319E-04	.25838E-04	.12716E+01
   1150.	   1300.	.20319E-04	.25777E-04	.12686E+01
   1150.	   1350.	.20319E-04	.25732E-04	.12664E+01
   1150.	   1400.	.20319E-04	.25705E-04	.12650E+01
   1150.	   1450.	.20319E-04	.25689E-04	.12643E+01
   1150.	   1500.	.20319E-04	.25680E-04	.12638E+01
   1150.	   1550.	.20319E-04	.25679E-04	.12638E+01
   1150.	   1600.	.20319E-04	.25673E-04	.12635E+01
   1150.	   1650.	.20319E-04	.25682E-04	.12639E+01
   1150.	   1700.	.20319E-04	.25662E-04	.12630E+01
   1150.	   1750.	.20319E-04	.25698E-04	.12647E+01
   1150.	   1800.	.20319E-04	.25703E-04	.12650E+01
   1150.	   1850.	.20319E-04	.25787E-04	.12691E+01
   1150.	   1900.	.20319E-04	.25757E-04	.12676E+01
   1150.	   1950.	.20319E-04	.25778E-04	.12686E+01
   1150.	   2000.	.20319E-04	.25638E-04	.12618E+01
   1200.	    200.	.12170E-04	.15181E-04	.12474E+01
   1200.	    250.	.12170E-04	.15243E-04	.12525E+01
   1200.	    300.	.12170E-04	.15256E-04	.12536E+01
   1200.	    350.	.12170E-04	.15240E-04	.12522E+01
   1200.	    400.	.12170E-04	.15236E-04	.12519E+01
   1200.	    450.	.12170E-04	.15210E-04	.12498E+01
   1200.	    500.	.12170E-04	.15191E-04	.12482E+01
   1200.	    550.	.12170E-04	.15175E-04	.12469E+01
   1200.	    600.	.12170E-04	.15143E-04	.12443E+01
   1200.	    650.	.12170E-04	.15132E-04	.12434E+01
   1200.	    700.	.12170E-04	.15114E-04	.12419E+01
   1200.	    750.	.12170E-04	.15103E-04	.12410E+01
   1200.	    800.	.12170E-04	.15093E-04	.12402E+01
   1200.	    850.	.12170E-04	.15091E-04	.12400E+01
   1200.	    900.	.12170E-04	.15094E-04	.12402E+01
   1200.	    950.	.12170E-04	.15107E-04	.12413E+01
   1200.	   1000.	.12170E-04	.15131E-04	.12433E+01
   1200.	   1050.	.12170E-04	.14431E-04	.11858E+01
   1200.	   1100.	.12170E-04	.15062E-04	.12376E+01
   1200.	   1150.	.12170E-04	.15334E-04	.12600E+01
   1200.	   1200.	.12170E-04	.15480E-04	.12719E+01
   1200.	   1250.	.12170E-04	.15471E-04	.12712E+01
   1200.	   1300.	.12170E-04	.15428E-04	.12677E+01
   1200.	   1350.	.12170E-04	.15391E-04	.12646E+01
   1200.	   1400.	.12170E-04	.15364E-04	.12625E+01
   1200.	   1450.	.12170E-04	.15348E-04	.12611E+01
   1200.	   1500.	.12170E-04	.15336E-04	.12601E+01
   1200.	   1550.	.12170E-04	.15333E-04	.12599E+01
   1200.	   1600.	.12170E-04	.15326E-04	.12593E+01
   1200.	   1650.	.12170E-04	.15335E-04	.12600E+01
   1200.	   1700.	.12170E-04	.15336E-04	.12601E+01
   1200.	   1750.	.12170E-04	.15338E-04	.12603E+01
   1200.	   1800.	.12170E-04	.15327E-04	.12594E+01
   1200.	   1850.	.12170E-04	.15351E-04	.12614E+01
   1200.	   1900.	.12170E-04	.15337E-04	.12602E+01
   1200.	   1950.	.12170E-04	.15424E-04	.12674E+01
   1200.	   2000.	.12170E-04	.15423E-04	.12673E+01
   1250.	    200.	.72976E-05	.90748E-05	.12435E+01
   1250.	    250.	.72976E-05	.91157E-05	.12491E+01
   1250.	    300.	.72976E-05	.90999E-05	.12470E+01
   1250.	    350.	.72976E-05	.90978E-05	.12467E+01
   1250.	    400.	.72976E-05	.91030E-05	.12474E+01
   1250.	    450.	.72976E-05	.90936E-05	.12461E+01
   1250.	    500.	.72976E-05	.90743E-05	.12435E+01
   1250.	    550.	.72976E-05	.90727E-05	.12432E+01
   1250.	    600.	.72976E-05	.90495E-05	.12401E+01
   1250.	    650.	.72976E-05	.90470E-05	.12397E+01
   1250.	    700.	.72976E-05	.90338E-05	.12379E+01
   1250.	    750.	.72976E-05	.90250E-05	.12367E+01
   1250.	    800.	.72976E-05	.90195E-05	.12359E+01
   1250.	    850.	.72976E-05	.90143E-05	.12352E+01
   1250.	    900.	.72976E-05	.90148E-05	.12353E+01
   1250.	    950.	.72976E-05	.90181E-05	.12358E+01
   1250.	   1000.	.72976E-05	.90265E-05	.12369E+01
   1250.	   1050.	.72976E-05	.90428E-05	.12391E+01
   1250.	   1100.	.72976E-05	.86465E-05	.11848E+01
   1250.	   1150.	.72976E-05	.90102E-05	.12347E+01
   1250.	   1200.	.72976E-05	.91682E-05	.12563E+01
   1250.	   1250.	.72976E-05	.92525E-05	.12679E+01
   1250.	   1300.	.72976E-05	.92461E-05	.12670E+01
   1250.	   1350.	.72976E-05	.92200E-05	.12634E+01
   1250.	   1400.	.72976E-05	.91975E-05	.12604E+01
   1250.	   1450.	.72976E-05	.91814E-05	.12581E+01
   1250.	   1500.	.72976E-05	.91713E-05	.12568E+01
   1250.	   1550.	.72976E-05	.91647E-05	.12558E+01
   1250.	   1600.	.72976E-05	.91625E-05	.12555E+01
   1250.	   1650.	.72976E-05	.91596E-05	.12551E+01
   1250.	   1700.	.72976E-05	.91615E-05	.12554E+01
   1250.	   1750.	.72976E-05	.91654E-05	.12559E+01
   1250.	   1800.	.72976E-05	.91627E-05	.12556E+01
   1250.	   1850.	.72976E-05	.91657E-05	.12560E+01
   1250.	   1900.	.72976E-05	.91552E-05	.12546E+01
   1250.	   1950.	.72976E-05	.91930E-05	.12597E+01
   1250.	   2000.	.72976E-05	.91689E-05	.12564E+01
   1300.	    200.	.43767E-05	.54235E-05	.12392E+01
   1300.	    250.	.43767E-05	.54298E-05	.12406E+01
   1300.	    300.	.43767E-05	.54426E-05	.12435E+01
   1300.	    350.	.43767E-05	.54434E-05	.12437E+01
   1300.	    400.	.43767E-05	.54362E-05	.12421E+01
   1300.	    450.	.43767E-05	.54344E-05	.12417E+01
   1300.	    500.	.43767E-05	.54260E-05	.12397E+01
   1300.	    550.	.43767E-05	.54209E-05	.12386E+01
   1300.	    600.	.43767E-05	.54105E-05	.12362E+01
   1300.	    650.	.43767E-05	.54077E-05	.12356E+01
   1300.	    700.	.43767E-05	.53992E-05	.12336E+01
   1300.	    750.	.43767E-05	.53946E-05	.12326E+01
   1300.	    800.	.43767E-05	.53885E-05	.12312E+01
   1300.	    850.	.43767E-05	.53859E-05	.12306E+01
   1300.	    900.	.43767E-05	.53844E-05	.12302E+01
   1300.	    950.	.43767E-05	.53848E-05	.12303E+01
   1300.	   1000.	.43767E-05	.53875E-05	.12309E+01
   1300.	   1050.	.43767E-05	.53933E-05	.12323E+01
   1300.	   1100.	.43767E-05	.54035E-05	.12346E+01
   1300.	   1150.	.43767E-05	.51790E-05	.11833E+01
   1300.	   1200.	.43767E-05	.53890E-05	.12313E+01
   1300.	   1250.	.43767E-05	.54805E-05	.12522E+01
   1300.	   1300.	.43767E-05	.55293E-05	.12633E+01
   1300.	   1350.	.43767E-05	.55248E-05	.12623E+01
   1300.	   1400.	.43767E-05	.55090E-05	.12587E+01
   1300.	   1450.	.43767E-05	.54954E-05	.12556E+01
   1300.	   1500.	.43767E-05	.54857E-05	.12534E+01
   1300.	   1550.	.43767E-05	.54796E-05	.12520E+01
   1300.	   1600.	.43767E-05	.54763E-05	.12512E+01
   1300.	   1650.	.43767E-05	.54743E-05	.12508E+01
   1300.	   1700.	.43767E-05	.54732E-05	.12505E+01
   1300.	   1750.	.43767E-05	.54725E-05	.12504E+01
   1300.	   1800.	.43767E-05	.54721E-05	.12503E+01
   1300.	   1850.	.43767E-05	.54789E-05	.12518E+01
   1300.	   1900.	.43767E-05	.54717E-05	.12502E+01
   1300.	   1950.	.43767E-05	.54721E-05	.12503E+01
   1300.	   2000.	.43767E-05	.54729E-05	.12505E+01
   1350.	    200.	.26232E-05	.32372E-05	.12341E+01
   1350.	    250.	.26232E-05	.32420E-05	.12359E+01
   1350.	    300.	.26232E-05	.32400E-05	.12351E+01
   1350.	    350.	.26232E-05	.32434E-05	.12364E+01
   1350.	    400.	.26232E-05	.32414E-05	.12357E+01
   1350.	    450.	.26232E-05	.32428E-05	.12362E+01
   1350.	    500.	.26232E-05	.32398E-05	.12351E+01
   1350.	    550.	.26232E-05	.32337E-05	.12327E+01
   1350.	    600.	.26232E-05	.32298E-05	.12312E+01
   1350.	    650.	.26232E-05	.32270E-05	.12302E+01
   1350.	    700.	.26232E-05	.32212E-05	.12280E+01
   1350.	    750.	.26232E-05	.32189E-05	.12271E+01
   1350.	    800.	.26232E-05	.32179E-05	.12267E+01
   1350.	    850.	.26232E-05	.32139E-05	.12252E+01
   1350.	    900.	.26232E-05	.32127E-05	.12247E+01
   1350.	    950.	.26232E-05	.32122E-05	.12245E+01
   1350.	   1000.	.26232E-05	.32127E-05	.12247E+01
   1350.	   1050.	.26232E-05	.32151E-05	.12256E+01
   1350.	   1100.	.26232E-05	.32190E-05	.12271E+01
   1350.	   1150.	.26232E-05	.32254E-05	.12296E+01
   1350.	   1200.	.26232E-05	.30983E-05	.11811E+01
   1350.	   1250.	.26232E-05	.32193E-05	.12272E+01
   1350.	   1300.	.26232E-05	.32723E-05	.12475E+01
   1350.	   1350.	.26232E-05	.33006E-05	.12582E+01
   1350.	   1400.	.26232E-05	.32975E-05	.12570E+01
   1350.	   1450.	.26232E-05	.32878E-05	.12534E+01
   1350.	   1500.	.26232E-05	.32796E-05	.12502E+01
   1350.	   1550.	.26232E-05	.32737E-05	.12480E+01
   1350.	   1600.	.26232E-05	.32701E-05	.12466E+01
   1350.	   1650.	.26232E-05	.32679E-05	.12458E+01
   1350.	   1700.	.26232E-05	.32665E-05	.12452E+01
   1350.	   1750.	.26232E-05	.32667E-05	.12453E+01
   1350.	   1800.	.26232E-05	.32672E-05	.12455E+01
   1350.	   1850.	.26232E-05	.32662E-05	.12451E+01
   1350.	   1900.	.26232E-05	.32655E-05	.12449E+01
   1350.	   1950.	.26232E-05	.32675E-05	.12456E+01
   1350.	   2000.	.26232E-05	.32726E-05	.12476E+01
   1400.	    200.	.15699E-05	.19281E-05	.12282E+01
   1400.	    250.	.15699E-05	.19317E-05	.12304E+01
   1400.	    300.	.15699E-05	.19311E-05	.12301E+01
   1400.	    350.	.15699E-05	.19338E-05	.12318E+01
   1400.	    400.	.15699E-05	.19333E-05	.12315E+01
   1400.	    450.	.15699E-05	.19306E-05	.12297E+01
   1400.	    500.	.15699E-05	.19300E-05	.12294E+01
   1400.	    550.	.15699E-05	.19274E-05	.12277E+01
   1400.	    600.	.15699E-05	.19233E-05	.12251E+01
   1400.	    650.	.15699E-05	.19230E-05	.12249E+01
   1400.	    700.	.15699E-05	.19207E-05	.12234E+01
   1400.	    750.	.15699E-05	.19187E-05	.12222E+01
   1400.	    800.	.15699E-05	.19167E-05	.12209E+01
   1400.	    850.	.15699E-05	.19146E-05	.12195E+01
   1400.	    900.	.15699E-05	.19132E-05	.12186E+01
   1400.	    950.	.15699E-05	.19127E-05	.12183E+01
   1400.	   1000.	.15699E-05	.19129E-05	.12184E+01
   1400.	   1050.	.15699E-05	.19135E-05	.12188E+01
   1400.	   1100.	.15699E-05	.19149E-05	.12197E+01
   1400.	   1150.	.15699E-05	.19175E-05	.12214E+01
   1400.	   1200.	.15699E-05	.19214E-05	.12239E+01
   1400.	   1250.	.15699E-05	.18495E-05	.11781E+01
   1400.	   1300.	.15699E-05	.19192E-05	.12225E+01
   1400.	   1350.	.15699E-05	.19499E-05	.12420E+01
   1400.	   1400.	.15699E-05	.19662E-05	.12524E+01
   1400.	   1450.	.15699E-05	.19641E-05	.12511E+01
   1400.	   1500.	.15699E-05	.19582E-05	.12473E+01
   1400.	   1550.	.15699E-05	.19533E-05	.12442E+01
   1400.	   1600.	.15699E-05	.19498E-05	.12420E+01
   1400.	   1650.	.15699E-05	.19476E-05	.12406E+01
   1400.	   1700.	.15699E-05	.19463E-05	.12397E+01
   1400.	   1750.	.15699E-05	.19461E-05	.12396E+01
   1400.	   1800.	.15699E-05	.19458E-05	.12394E+01
   1400.	   1850.	.15699E-05	.19455E-05	.12392E+01
   1400.	   1900.	.15699E-05	.19455E-05	.12392E+01
   1400.	   1950.	.15699E-05	.19463E-05	.12398E+01
   1400.	   2000.	.15699E-05	.19471E-05	.12402E+01
   1450.	    200.	.93752E-06	.11450E-05	.12213E+01
   1450.	    250.	.93752E-06	.11474E-05	.12239E+01
   1450.	    300.	.93752E-06	.11475E-05	.12239E+01
   1450.	    350.	.93752E-06	.11459E-05	.12223E+01
   1450.	    400.	.93752E-06	.11465E-05	.12229E+01
   1450.	    450.	.93752E-06	.11456E-05	.12220E+01
   1450.	    500.	.93752E-06	.11437E-05	.12199E+01
   1450.	    550.	.93752E-06	.11452E-05	.12215E+01
   1450.	    600.	.93752E-06	.11433E-05	.12195E+01
   1450.	    650.	.93752E-06	.11406E-05	.12167E+01
   1450.	    700.	.93752E-06	.11403E-05	.12162E+01
   1450.	    750.	.93752E-06	.11388E-05	.12147E+01
   1450.	    800.	.93752E-06	.11386E-05	.12145E+01
   1450.	    850.	.93752E-06	.11373E-05	.12131E+01
   1450.	    900.	.93752E-06	.11366E-05	.12124E+01
   1450.	    950.	.93752E-06	.11357E-05	.12114E+01
   1450.	   1000.	.93752E-06	.11358E-05	.12115E+01
   1450.	   1050.	.93752E-06	.11358E-05	.12115E+01
   1450.	   1100.	.93752E-06	.11363E-05	.12121E+01
   1450.	   1150.	.93752E-06	.11373E-05	.12131E+01
   1450.	   1200.	.93752E-06	.11390E-05	.12149E+01
   1450.	   1250.	.93752E-06	.11414E-05	.12175E+01
   1450.	   1300.	.93752E-06	.11008E-05	.11742E+01
   1450.	   1350.	.93752E-06	.11408E-05	.12169E+01
   1450.	   1400.	.93752E-06	.11586E-05	.12358E+01
   1450.	   1450.	.93752E-06	.11679E-05	.12458E+01
   1450.	   1500.	.93752E-06	.11665E-05	.12443E+01
   1450.	   1550.	.93752E-06	.11630E-05	.12405E+01
   1450.	   1600.	.93752E-06	.11600E-05	.12373E+01
   1450.	   1650.	.93752E-06	.11580E-05	.12351E+01
   1450.	   1700.	.93752E-06	.11566E-05	.12337E+01
   1450.	   1750.	.93752E-06	.11559E-05	.12329E+01
   1450.	   1800.	.93752E-06	.11554E-05	.12324E+01
   1450.	   1850.	.93752E-06	.11552E-05	.12322E+01
   1450.	   1900.	.93752E-06	.11552E-05	.12321E+01
   1450.	   1950.	.93752E-06	.11555E-05	.12325E+01
   1450.	   2000.	.93752E-06	.11556E-05	.12326E+01
   1500.	    200.	.55823E-06	.67387E-06	.12072E+01
   1500.	    250.	.55823E-06	.67898E-06	.12163E+01
   1500.	    300.	.55823E-06	.67666E-06	.12121E+01
   1500.	    350.	.55823E-06	.67852E-06	.12155E+01
   1500.	    400.	.55823E-06	.67910E-06	.12165E+01
   1500.	    450.	.55823E-06	.67707E-06	.12129E+01
   1500.	    500.	.55823E-06	.67631E-06	.12115E+01
   1500.	    550.	.55823E-06	.67769E-06	.12140E+01
   1500.	    600.	.55823E-06	.67577E-06	.12106E+01
   1500.	    650.	.55823E-06	.67564E-06	.12103E+01
   1500.	    700.	.55823E-06	.67489E-06	.12090E+01
   1500.	    750.	.55823E-06	.67369E-06	.12068E+01
   1500.	    800.	.55823E-06	.67345E-06	.12064E+01
   1500.	    850.	.55823E-06	.67319E-06	.12059E+01
   1500.	    900.	.55823E-06	.67238E-06	.12045E+01
   1500.	    950.	.55823E-06	.67196E-06	.12037E+01
   1500.	   1000.	.55823E-06	.67202E-06	.12038E+01
   1500.	   1050.	.55823E-06	.67198E-06	.12038E+01
   1500.	   1100.	.55823E-06	.67201E-06	.12038E+01
   1500.	   1150.	.55823E-06	.67238E-06	.12045E+01
   1500.	   1200.	.55823E-06	.67308E-06	.12057E+01
   1500.	   1250.	.55823E-06	.67406E-06	.12075E+01
   1500.	   1300.	.55823E-06	.67555E-06	.12102E+01
   1500.	   1350.	.55823E-06	.65271E-06	.11693E+01
   1500.	   1400.	.55823E-06	.67563E-06	.12103E+01
   1500.	   1450.	.55823E-06	.68583E-06	.12286E+01
   1500.	   1500.	.55823E-06	.69121E-06	.12382E+01
   1500.	   1550.	.55823E-06	.69028E-06	.12366E+01
   1500.	   1600.	.55823E-06	.68814E-06	.12327E+01
   1500.	   1650.	.55823E-06	.68637E-06	.12296E+01
   1500.	   1700.	.55823E-06	.68514E-06	.12273E+01
   1500.	   1750.	.55823E-06	.68439E-06	.12260E+01
   1500.	   1800.	.55823E-06	.68394E-06	.12252E+01
   1500.	   1850.	.55823E-06	.68366E-06	.12247E+01
   1500.	   1900.	.55823E-06	.68360E-06	.12246E+01
   1500.	   1950.	.55823E-06	.68339E-06	.12242E+01
   1500.	   2000.	.55823E-06	.68379E-06	.12249E+01
   1550.	    200.	.33119E-06	.39681E-06	.11981E+01
   1550.	    250.	.33119E-06	.39621E-06	.11963E+01
   1550.	    300.	.33119E-06	.39870E-06	.12038E+01
   1550.	    350.	.33119E-06	.39992E-06	.12075E+01
   1550.	    400.	.33119E-06	.39796E-06	.12016E+01
   1550.	    450.	.33119E-06	.39822E-06	.12024E+01
   1550.	    500.	.33119E-06	.39802E-06	.12018E+01
   1550.	    550.	.33119E-06	.39747E-06	.12001E+01
   1550.	    600.	.33119E-06	.39818E-06	.12022E+01
   1550.	    650.	.33119E-06	.39769E-06	.12008E+01
   1550.	    700.	.33119E-06	.39751E-06	.12002E+01
   1550.	    750.	.33119E-06	.39702E-06	.11987E+01
   1550.	    800.	.33119E-06	.39671E-06	.11978E+01
   1550.	    850.	.33119E-06	.39648E-06	.11971E+01
   1550.	    900.	.33119E-06	.39627E-06	.11965E+01
   1550.	    950.	.33119E-06	.39577E-06	.11950E+01
   1550.	   1000.	.33119E-06	.39573E-06	.11948E+01
   1550.	   1050.	.33119E-06	.39572E-06	.11948E+01
   1550.	   1100.	.33119E-06	.39568E-06	.11947E+01
   1550.	   1150.	.33119E-06	.39581E-06	.11951E+01
   1550.	   1200.	.33119E-06	.39609E-06	.11959E+01
   1550.	   1250.	.33119E-06	.39654E-06	.11973E+01
   1550.	   1300.	.33119E-06	.39716E-06	.11992E+01
   1550.	   1350.	.33119E-06	.39807E-06	.12019E+01
   1550.	   1400.	.33119E-06	.38526E-06	.11632E+01
   1550.	   1450.	.33119E-06	.39833E-06	.12027E+01
   1550.	   1500.	.33119E-06	.40417E-06	.12203E+01
   1550.	   1550.	.33119E-06	.40725E-06	.12296E+01
   1550.	   1600.	.33119E-06	.40664E-06	.12278E+01
   1550.	   1650.	.33119E-06	.40535E-06	.12239E+01
   1550.	   1700.	.33119E-06	.40430E-06	.12207E+01
   1550.	   1750.	.33119E-06	.40358E-06	.12186E+01
   1550.	   1800.	.33119E-06	.40313E-06	.12172E+01
   1550.	   1850.	.33119E-06	.40288E-06	.12164E+01
   1550.	   1900.	.33119E-06	.40271E-06	.12159E+01
   1550.	   1950.	.33119E-06	.40271E-06	.12159E+01
   1550.	   2000.	.33119E-06	.40268E-06	.12158E+01
   1600.	    200.	.19566E-06	.23242E-06	.11879E+01
   1600.	    250.	.19566E-06	.23433E-06	.11976E+01
   1600.	    300.	.19566E-06	.23367E-06	.11942E+01
   1600.	    350.	.19566E-06	.23447E-06	.11983E+01
   1600.	    400.	.19566E-06	.23338E-06	.11928E+01
   1600.	    450.	.19566E-06	.23361E-06	.11939E+01
   1600.	    500.	.19566E-06	.23355E-06	.11936E+01
   1600.	    550.	.19566E-06	.23329E-06	.11923E+01
   1600.	    600.	.19566E-06	.23377E-06	.11948E+01
   1600.	    650.	.19566E-06	.23316E-06	.11917E+01
   1600.	    700.	.19566E-06	.23283E-06	.11899E+01
   1600.	    750.	.19566E-06	.23268E-06	.11892E+01
   1600.	    800.	.19566E-06	.23262E-06	.11889E+01
   1600.	    850.	.19566E-06	.23217E-06	.11866E+01
   1600.	    900.	.19566E-06	.23222E-06	.11868E+01
   1600.	    950.	.19566E-06	.23207E-06	.11861E+01
   1600.	   1000.	.19566E-06	.23191E-06	.11853E+01
   1600.	   1050.	.19566E-06	.23185E-06	.11850E+01
   1600.	   1100.	.19566E-06	.23182E-06	.11848E+01
   1600.	   1150.	.19566E-06	.23187E-06	.11851E+01
   1600.	   1200.	.19566E-06	.23199E-06	.11857E+01
   1600.	   1250.	.19566E-06	.23213E-06	.11864E+01
   1600.	   1300.	.19566E-06	.23240E-06	.11878E+01
   1600.	   1350.	.19566E-06	.23280E-06	.11898E+01
   1600.	   1400.	.19566E-06	.23335E-06	.11926E+01
   1600.	   1450.	.19566E-06	.22620E-06	.11561E+01
   1600.	   1500.	.19566E-06	.23362E-06	.11940E+01
   1600.	   1550.	.19566E-06	.23695E-06	.12110E+01
   1600.	   1600.	.19566E-06	.23870E-06	.12200E+01
   1600.	   1650.	.19566E-06	.23831E-06	.12180E+01
   1600.	   1700.	.19566E-06	.23754E-06	.12140E+01
   1600.	   1750.	.19566E-06	.23692E-06	.12109E+01
   1600.	   1800.	.19566E-06	.23649E-06	.12087E+01
   1600.	   1850.	.19566E-06	.23622E-06	.12073E+01
   1600.	   1900.	.19566E-06	.23609E-06	.12066E+01
   1600.	   1950.	.19566E-06	.23599E-06	.12061E+01
   1600.	   2000.	.19566E-06	.23593E-06	.12058E+01
   1650.	    200.	.11503E-06	.13530E-06	.11762E+01
   1650.	    250.	.11503E-06	.13518E-06	.11751E+01
   1650.	    300.	.11503E-06	.13611E-06	.11832E+01
   1650.	    350.	.11503E-06	.13562E-06	.11790E+01
   1650.	    400.	.11503E-06	.13602E-06	.11825E+01
   1650.	    450.	.11503E-06	.13619E-06	.11839E+01
   1650.	    500.	.11503E-06	.13620E-06	.11840E+01
   1650.	    550.	.11503E-06	.13608E-06	.11830E+01
   1650.	    600.	.11503E-06	.13587E-06	.11812E+01
   1650.	    650.	.11503E-06	.13560E-06	.11788E+01
   1650.	    700.	.11503E-06	.13570E-06	.11797E+01
   1650.	    750.	.11503E-06	.13567E-06	.11794E+01
   1650.	    800.	.11503E-06	.13538E-06	.11769E+01
   1650.	    850.	.11503E-06	.13533E-06	.11765E+01
   1650.	    900.	.11503E-06	.13531E-06	.11763E+01
   1650.	    950.	.11503E-06	.13509E-06	.11744E+01
   1650.	   1000.	.11503E-06	.13510E-06	.11744E+01
   1650.	   1050.	.11503E-06	.13508E-06	.11743E+01
   1650.	   1100.	.11503E-06	.13503E-06	.11738E+01
   1650.	   1150.	.11503E-06	.13500E-06	.11736E+01
   1650.	   1200.	.11503E-06	.13503E-06	.11738E+01
   1650.	   1250.	.11503E-06	.13513E-06	.11747E+01
   1650.	   1300.	.11503E-06	.13523E-06	.11756E+01
   1650.	   1350.	.11503E-06	.13541E-06	.11772E+01
   1650.	   1400.	.11503E-06	.13565E-06	.11792E+01
   1650.	   1450.	.11503E-06	.13597E-06	.11821E+01
   1650.	   1500.	.11503E-06	.13201E-06	.11476E+01
   1650.	   1550.	.11503E-06	.13620E-06	.11840E+01
   1650.	   1600.	.11503E-06	.13809E-06	.12004E+01
   1650.	   1650.	.11503E-06	.13908E-06	.12090E+01
   1650.	   1700.	.11503E-06	.13883E-06	.12069E+01
   1650.	   1750.	.11503E-06	.13837E-06	.12029E+01
   1650.	   1800.	.11503E-06	.13801E-06	.11997E+01
   1650.	   1850.	.11503E-06	.13776E-06	.11976E+01
   1650.	   1900.	.11503E-06	.13760E-06	.11962E+01
   1650.	   1950.	.11503E-06	.13750E-06	.11954E+01
   1650.	   2000.	.11503E-06	.13747E-06	.11951E+01
   1700.	    200.	.67259E-07	.78220E-07	.11630E+01
   1700.	    250.	.67259E-07	.78177E-07	.11623E+01
   1700.	    300.	.67259E-07	.78737E-07	.11706E+01
   1700.	    350.	.67259E-07	.78479E-07	.11668E+01
   1700.	    400.	.67259E-07	.78734E-07	.11706E+01
   1700.	    450.	.67259E-07	.78854E-07	.11724E+01
   1700.	    500.	.67259E-07	.78461E-07	.11665E+01
   1700.	    550.	.67259E-07	.78464E-07	.11666E+01
   1700.	    600.	.67259E-07	.78735E-07	.11706E+01
   1700.	    650.	.67259E-07	.78594E-07	.11685E+01
   1700.	    700.	.67259E-07	.78419E-07	.11659E+01
   1700.	    750.	.67259E-07	.78455E-07	.11664E+01
   1700.	    800.	.67259E-07	.78422E-07	.11660E+01
   1700.	    850.	.67259E-07	.78339E-07	.11647E+01
   1700.	    900.	.67259E-07	.78294E-07	.11641E+01
   1700.	    950.	.67259E-07	.78203E-07	.11627E+01
   1700.	   1000.	.67259E-07	.78136E-07	.11617E+01
   1700.	   1050.	.67259E-07	.78131E-07	.11616E+01
   1700.	   1100.	.67259E-07	.78116E-07	.11614E+01
   1700.	   1150.	.67259E-07	.78122E-07	.11615E+01
   1700.	   1200.	.67259E-07	.78104E-07	.11612E+01
   1700.	   1250.	.67259E-07	.78138E-07	.11617E+01
   1700.	   1300.	.67259E-07	.78192E-07	.11625E+01
   1700.	   1350.	.67259E-07	.78273E-07	.11637E+01
   1700.	   1400.	.67259E-07	.78375E-07	.11653E+01
   1700.	   1450.	.67259E-07	.78523E-07	.11675E+01
   1700.	   1500.	.67259E-07	.78714E-07	.11703E+01
   1700.	   1550.	.67259E-07	.76524E-07	.11377E+01
   1700.	   1600.	.67259E-07	.78873E-07	.11727E+01
   1700.	   1650.	.67259E-07	.79940E-07	.11885E+01
   1700.	   1700.	.67259E-07	.80496E-07	.11968E+01
   1700.	   1750.	.67259E-07	.80340E-07	.11945E+01
   1700.	   1800.	.67259E-07	.80071E-07	.11905E+01
   1700.	   1850.	.67259E-07	.79859E-07	.11873E+01
   1700.	   1900.	.67259E-07	.79713E-07	.11852E+01
   1700.	   1950.	.67259E-07	.79625E-07	.11839E+01
   1700.	   2000.	.67259E-07	.79583E-07	.11832E+01
   1750.	    200.	.39090E-07	.44886E-07	.11483E+01
   1750.	    250.	.39090E-07	.44877E-07	.11480E+01
   1750.	    300.	.39090E-07	.45211E-07	.11566E+01
   1750.	    350.	.39090E-07	.45078E-07	.11532E+01
   1750.	    400.	.39090E-07	.45236E-07	.11572E+01
   1750.	    450.	.39090E-07	.45317E-07	.11593E+01
   1750.	    500.	.39090E-07	.45104E-07	.11538E+01
   1750.	    550.	.39090E-07	.45117E-07	.11542E+01
   1750.	    600.	.39090E-07	.45093E-07	.11536E+01
   1750.	    650.	.39090E-07	.45041E-07	.11522E+01
   1750.	    700.	.39090E-07	.45124E-07	.11544E+01
   1750.	    750.	.39090E-07	.45019E-07	.11517E+01
   1750.	    800.	.39090E-07	.45027E-07	.11519E+01
   1750.	    850.	.39090E-07	.45002E-07	.11512E+01
   1750.	    900.	.39090E-07	.44952E-07	.11499E+01
   1750.	    950.	.39090E-07	.44881E-07	.11481E+01
   1750.	   1000.	.39090E-07	.44872E-07	.11479E+01
   1750.	   1050.	.39090E-07	.44866E-07	.11478E+01
   1750.	   1100.	.39090E-07	.44860E-07	.11476E+01
   1750.	   1150.	.39090E-07	.44849E-07	.11473E+01
   1750.	   1200.	.39090E-07	.44852E-07	.11474E+01
   1750.	   1250.	.39090E-07	.44859E-07	.11476E+01
   1750.	   1300.	.39090E-07	.44891E-07	.11484E+01
   1750.	   1350.	.39090E-07	.44919E-07	.11491E+01
   1750.	   1400.	.39090E-07	.44964E-07	.11503E+01
   1750.	   1450.	.39090E-07	.45035E-07	.11521E+01
   1750.	   1500.	.39090E-07	.45121E-07	.11543E+01
   1750.	   1550.	.39090E-07	.45235E-07	.11572E+01
   1750.	   1600.	.39090E-07	.44036E-07	.11265E+01
   1750.	   1650.	.39090E-07	.45345E-07	.11600E+01
   1750.	   1700.	.39090E-07	.45942E-07	.11753E+01
   1750.	   1750.	.39090E-07	.46253E-07	.11832E+01
   1750.	   1800.	.39090E-07	.46156E-07	.11807E+01
   1750.	   1850.	.39090E-07	.45998E-07	.11767E+01
   1750.	   1900.	.39090E-07	.45876E-07	.11736E+01
   1750.	   1950.	.39090E-07	.45793E-07	.11715E+01
   1750.	   2000.	.39090E-07	.45742E-07	.11702E+01
   1800.	    200.	.22569E-07	.25558E-07	.11324E+01
   1800.	    250.	.22569E-07	.25561E-07	.11326E+01
   1800.	    300.	.22569E-07	.25757E-07	.11412E+01
   1800.	    350.	.22569E-07	.25690E-07	.11382E+01
   1800.	    400.	.22569E-07	.25786E-07	.11425E+01
   1800.	    450.	.22569E-07	.25683E-07	.11380E+01
   1800.	    500.	.22569E-07	.25725E-07	.11398E+01
   1800.	    550.	.22569E-07	.25738E-07	.11404E+01
   1800.	    600.	.22569E-07	.25730E-07	.11401E+01
   1800.	    650.	.22569E-07	.25706E-07	.11390E+01
   1800.	    700.	.22569E-07	.25669E-07	.11373E+01
   1800.	    750.	.22569E-07	.25705E-07	.11389E+01
   1800.	    800.	.22569E-07	.25643E-07	.11362E+01
   1800.	    850.	.22569E-07	.25642E-07	.11362E+01
   1800.	    900.	.22569E-07	.25625E-07	.11354E+01
   1800.	    950.	.22569E-07	.25595E-07	.11341E+01
   1800.	   1000.	.22569E-07	.25601E-07	.11343E+01
   1800.	   1050.	.22569E-07	.25589E-07	.11338E+01
   1800.	   1100.	.22569E-07	.25563E-07	.11327E+01
   1800.	   1150.	.22569E-07	.25558E-07	.11324E+01
   1800.	   1200.	.22569E-07	.25564E-07	.11327E+01
   1800.	   1250.	.22569E-07	.25563E-07	.11327E+01
   1800.	   1300.	.22569E-07	.25575E-07	.11332E+01
   1800.	   1350.	.22569E-07	.25583E-07	.11335E+01
   1800.	   1400.	.22569E-07	.25605E-07	.11345E+01
   1800.	   1450.	.22569E-07	.25639E-07	.11360E+01
   1800.	   1500.	.22569E-07	.25677E-07	.11377E+01
   1800.	   1550.	.22569E-07	.25728E-07	.11399E+01
   1800.	   1600.	.22569E-07	.25795E-07	.11429E+01
   1800.	   1650.	.22569E-07	.25142E-07	.11140E+01
   1800.	   1700.	.22569E-07	.25866E-07	.11461E+01
   1800.	   1750.	.22569E-07	.26199E-07	.11608E+01
   1800.	   1800.	.22569E-07	.26370E-07	.11684E+01
   1800.	   1850.	.22569E-07	.26311E-07	.11658E+01
   1800.	   1900.	.22569E-07	.26219E-07	.11617E+01
   1800.	   1950.	.22569E-07	.26149E-07	.11586E+01
   1800.	   2000.	.22569E-07	.26102E-07	.11565E+01
   1850.	    200.	.12938E-07	.14429E-07	.11152E+01
   1850.	    250.	.12938E-07	.14435E-07	.11157E+01
   1850.	    300.	.12938E-07	.14550E-07	.11246E+01
   1850.	    350.	.12938E-07	.14516E-07	.11220E+01
   1850.	    400.	.12938E-07	.14574E-07	.11265E+01
   1850.	    450.	.12938E-07	.14521E-07	.11223E+01
   1850.	    500.	.12938E-07	.14548E-07	.11244E+01
   1850.	    550.	.12938E-07	.14559E-07	.11253E+01
   1850.	    600.	.12938E-07	.14558E-07	.11252E+01
   1850.	    650.	.12938E-07	.14487E-07	.11197E+01
   1850.	    700.	.12938E-07	.14530E-07	.11230E+01
   1850.	    750.	.12938E-07	.14506E-07	.11212E+01
   1850.	    800.	.12938E-07	.14478E-07	.11190E+01
   1850.	    850.	.12938E-07	.14486E-07	.11196E+01
   1850.	    900.	.12938E-07	.14483E-07	.11194E+01
   1850.	    950.	.12938E-07	.14472E-07	.11186E+01
   1850.	   1000.	.12938E-07	.14455E-07	.11172E+01
   1850.	   1050.	.12938E-07	.14457E-07	.11174E+01
   1850.	   1100.	.12938E-07	.14450E-07	.11169E+01
   1850.	   1150.	.12938E-07	.14437E-07	.11158E+01
   1850.	   1200.	.12938E-07	.14442E-07	.11163E+01
   1850.	   1250.	.12938E-07	.14445E-07	.11165E+01
   1850.	   1300.	.12938E-07	.14445E-07	.11165E+01
   1850.	   1350.	.12938E-07	.14456E-07	.11173E+01
   1850.	   1400.	.12938E-07	.14465E-07	.11180E+01
   1850.	   1450.	.12938E-07	.14479E-07	.11191E+01
   1850.	   1500.	.12938E-07	.14497E-07	.11205E+01
   1850.	   1550.	.12938E-07	.14520E-07	.11223E+01
   1850.	   1600.	.12938E-07	.14551E-07	.11246E+01
   1850.	   1650.	.12938E-07	.14588E-07	.11275E+01
   1850.	   1700.	.12938E-07	.14236E-07	.11003E+01
   1850.	   1750.	.12938E-07	.14634E-07	.11311E+01
   1850.	   1800.	.12938E-07	.14817E-07	.11452E+01
   1850.	   1850.	.12938E-07	.14912E-07	.11525E+01
   1850.	   1900.	.12938E-07	.14876E-07	.11497E+01
   1850.	   1950.	.12938E-07	.14823E-07	.11457E+01
   1850.	   2000.	.12938E-07	.14783E-07	.11426E+01
   1900.	    200.	.73606E-08	.80740E-08	.10969E+01
   1900.	    250.	.73606E-08	.80809E-08	.10979E+01
   1900.	    300.	.73606E-08	.81465E-08	.11068E+01
   1900.	    350.	.73606E-08	.81305E-08	.11046E+01
   1900.	    400.	.73606E-08	.81648E-08	.11093E+01
   1900.	    450.	.73606E-08	.81373E-08	.11055E+01
   1900.	    500.	.73606E-08	.81543E-08	.11078E+01
   1900.	    550.	.73606E-08	.81204E-08	.11032E+01
   1900.	    600.	.73606E-08	.81266E-08	.11041E+01
   1900.	    650.	.73606E-08	.81262E-08	.11040E+01
   1900.	    700.	.73606E-08	.81211E-08	.11033E+01
   1900.	    750.	.73606E-08	.81402E-08	.11059E+01
   1900.	    800.	.73606E-08	.81259E-08	.11040E+01
   1900.	    850.	.73606E-08	.81095E-08	.11017E+01
   1900.	    900.	.73606E-08	.81122E-08	.11021E+01
   1900.	    950.	.73606E-08	.81097E-08	.11018E+01
   1900.	   1000.	.73606E-08	.81032E-08	.11009E+01
   1900.	   1050.	.73606E-08	.81078E-08	.11015E+01
   1900.	   1100.	.73606E-08	.80944E-08	.10997E+01
   1900.	   1150.	.73606E-08	.80908E-08	.10992E+01
   1900.	   1200.	.73606E-08	.80933E-08	.10995E+01
   1900.	   1250.	.73606E-08	.80952E-08	.10998E+01
   1900.	   1300.	.73606E-08	.80959E-08	.10999E+01
   1900.	   1350.	.73606E-08	.80984E-08	.11002E+01
   1900.	   1400.	.73606E-08	.81013E-08	.11006E+01
   1900.	   1450.	.73606E-08	.81080E-08	.11015E+01
   1900.	   1500.	.73606E-08	.81157E-08	.11026E+01
   1900.	   1550.	.73606E-08	.81269E-08	.11041E+01
   1900.	   1600.	.73606E-08	.81402E-08	.11059E+01
   1900.	   1650.	.73606E-08	.81579E-08	.11083E+01
   1900.	   1700.	.73606E-08	.81796E-08	.11113E+01
   1900.	   1750.	.73606E-08	.79911E-08	.10857E+01
   1900.	   1800.	.73606E-08	.82077E-08	.11151E+01
   1900.	   1850.	.73606E-08	.83080E-08	.11287E+01
   1900.	   1900.	.73606E-08	.83593E-08	.11357E+01
   1900.	   1950.	.73606E-08	.83377E-08	.11328E+01
   1900.	   2000.	.73606E-08	.83076E-08	.11287E+01
   1950.	    200.	.41538E-08	.44776E-08	.10780E+01
   1950.	    250.	.41538E-08	.44831E-08	.10793E+01
   1950.	    300.	.41538E-08	.45206E-08	.10883E+01
   1950.	    350.	.41538E-08	.45132E-08	.10865E+01
   1950.	    400.	.41538E-08	.45331E-08	.10913E+01
   1950.	    450.	.41538E-08	.45193E-08	.10880E+01
   1950.	    500.	.41538E-08	.45034E-08	.10842E+01
   1950.	    550.	.41538E-08	.45123E-08	.10863E+01
   1950.	    600.	.41538E-08	.45166E-08	.10873E+01
   1950.	    650.	.41538E-08	.45174E-08	.10875E+01
   1950.	    700.	.41538E-08	.45156E-08	.10871E+01
   1950.	    750.	.41538E-08	.45115E-08	.10861E+01
   1950.	    800.	.41538E-08	.45057E-08	.10847E+01
   1950.	    850.	.41538E-08	.44985E-08	.10830E+01
   1950.	    900.	.41538E-08	.45025E-08	.10839E+01
   1950.	    950.	.41538E-08	.45032E-08	.10841E+01
   1950.	   1000.	.41538E-08	.45014E-08	.10837E+01
   1950.	   1050.	.41538E-08	.44977E-08	.10828E+01
   1950.	   1100.	.41538E-08	.44999E-08	.10833E+01
   1950.	   1150.	.41538E-08	.44928E-08	.10816E+01
   1950.	   1200.	.41538E-08	.44909E-08	.10812E+01
   1950.	   1250.	.41538E-08	.44923E-08	.10815E+01
   1950.	   1300.	.41538E-08	.44957E-08	.10823E+01
   1950.	   1350.	.41538E-08	.44961E-08	.10824E+01
   1950.	   1400.	.41538E-08	.44975E-08	.10828E+01
   1950.	   1450.	.41538E-08	.45006E-08	.10835E+01
   1950.	   1500.	.41538E-08	.45052E-08	.10846E+01
   1950.	   1550.	.41538E-08	.45094E-08	.10856E+01
   1950.	   1600.	.41538E-08	.45161E-08	.10872E+01
   1950.	   1650.	.41538E-08	.45244E-08	.10892E+01
   1950.	   1700.	.41538E-08	.45340E-08	.10915E+01
   1950.	   1750.	.41538E-08	.45462E-08	.10945E+01
   1950.	   1800.	.41538E-08	.44465E-08	.10705E+01
   1950.	   1850.	.41538E-08	.45633E-08	.10986E+01
   1950.	   1900.	.41538E-08	.46176E-08	.11117E+01
   1950.	   1950.	.41538E-08	.46453E-08	.11183E+01
   1950.	   2000.	.41538E-08	.46325E-08	.11153E+01
   2000.	    200.	.23243E-08	.24616E-08	.10591E+01
   2000.	    250.	.23243E-08	.24656E-08	.10608E+01
   2000.	    300.	.23243E-08	.24866E-08	.10698E+01
   2000.	    350.	.23243E-08	.24833E-08	.10684E+01
   2000.	    400.	.23243E-08	.24780E-08	.10661E+01
   2000.	    450.	.23243E-08	.24880E-08	.10704E+01
   2000.	    500.	.23243E-08	.24942E-08	.10731E+01
   2000.	    550.	.23243E-08	.24853E-08	.10693E+01
   2000.	    600.	.23243E-08	.24882E-08	.10705E+01
   2000.	    650.	.23243E-08	.24781E-08	.10662E+01
   2000.	    700.	.23243E-08	.24787E-08	.10664E+01
   2000.	    750.	.23243E-08	.24869E-08	.10699E+01
   2000.	    800.	.23243E-08	.24842E-08	.10688E+01
   2000.	    850.	.23243E-08	.24807E-08	.10673E+01
   2000.	    900.	.23243E-08	.24766E-08	.10655E+01
   2000.	    950.	.23243E-08	.24781E-08	.10662E+01
   2000.	   1000.	.23243E-08	.24782E-08	.10662E+01
   2000.	   1050.	.23243E-08	.24770E-08	.10657E+01
   2000.	   1100.	.23243E-08	.24750E-08	.10648E+01
   2000.	   1150.	.23243E-08	.24760E-08	.10653E+01
   2000.	   1200.	.23243E-08	.24723E-08	.10637E+01
   2000.	   1250.	.23243E-08	.24743E-08	.10645E+01
   2000.	   1300.	.23243E-08	.24747E-08	.10647E+01
   2000.	   1350.	.23243E-08	.24740E-08	.10644E+01
   2000.	   1400.	.23243E-08	.24753E-08	.10650E+01
   2000.	   1450.	.23243E-08	.24769E-08	.10657E+01
   2000.	   1500.	.23243E-08	.24786E-08	.10664E+01
   2000.	   1550.	.23243E-08	.24811E-08	.10674E+01
   2000.	   1600.	.23243E-08	.24843E-08	.10688E+01
   2000.	   1650.	.23243E-08	.24878E-08	.10704E+01
   2000.	   1700.	.23243E-08	.24923E-08	.10723E+01
   2000.	   1750.	.23243E-08	.24980E-08	.10747E+01
   2000.	   1800.	.23243E-08	.25048E-08	.10776E+01
   2000.	   1850.	.23243E-08	.24525E-08	.10552E+01
   2000.	   1900.	.23243E-08	.25149E-08	.10820E+01
   2000.	   1950.	.23243E-08	.25441E-08	.10946E+01
   2000.	   2000.	.23243E-08	.25589E-08	.11009E+01
